last-generated=2026-06-02
statistics-initialization=
{
  "linear": "5, 5, 5, 5, 5"
}
statistics-simulation=
{
  "linear": "4, 0, 4, 0, 4, 0, 4, 0, 4, 0",
  "nonlinear": "0, 1, 0, 1, 0, 1, 0, 1, 0, 1, 0, 1, 0, 1, 0, 1, 0, 1, 0, 1, 0, 1, 0, 1, 0, 1, 0,   1, 0, 1",
  "number of continuous time states": "62",
  "numerical Jacobians": "0"
}
time=[0e+00, 8.64e+05]
multizone.TAir[1]=[2.931499938964844e+02, 2.931498718261719e+02, 2.931492065429687e+02, 2.931501696434942e+02, 2.931511108398437e+02, 2.931507263183594e+02, 2.931505591639641e+02, 2.931489605159929e+02, 2.931499389648437e+02, 2.931497497558594e+02, 2.931499938964844e+02, 2.931500183105469e+02, 2.931506591796875e+02, 2.931503750398856e+02, 2.93150802780183e+02, 2.931493225097656e+02, 2.931480101696052e+02, 2.931494606897539e+02, 2.931499450683594e+02, 2.931498596191406e+02, 2.931499328613281e+02, 2.9315009765625e+02, 2.931498779296875e+02, 2.931501302080625e+02, 2.931517138606387e+02, 2.931497192382812e+02, 2.934092461201211e+02, 2.931483357570078e+02, 2.931496643066406e+02, 2.931498718261719e+02, 2.931499633789062e+02, 2.931500886331259e+02, 2.931496154785156e+02, 2.931502596090665e+02, 2.931503100932511e+02, 2.931492919921875e+02, 2.931470396024716e+02, 2.931486545693257e+02, 2.931498168945312e+02, 2.931498291015625e+02, 2.931498718261719e+02, 2.931497253417969e+02, 2.931498352050781e+02, 2.931501653569625e+02, 2.931508197132544e+02, 2.931499938964844e+02, 2.931504028320313e+02, 2.931492658216101e+02, 2.931498107910156e+02, 2.931498107910156e+02, 2.931497802734375e+02, 2.931498718261719e+02, 2.931498229980469e+02, 2.931502475982593e+02, 2.93150823704411e+02, 2.931517333984375e+02, 2.931490960927003e+02, 2.931496723156318e+02, 2.931498229980469e+02, 2.931498657226563e+02, 2.931499328613281e+02, 2.931498291015625e+02, 2.931499572753906e+02, 2.931500549316406e+02, 2.931507205573802e+02, 2.931504211425781e+02, 2.931495760627369e+02, 2.931496627754451e+02, 2.931497802734375e+02, 2.931498107910156e+02, 2.931498413085938e+02, 2.931498840332031e+02, 2.93149853515625e+02, 2.931502671502124e+02, 2.931509704589844e+02, 2.931496276855469e+02, 2.932289993880111e+02, 2.931478396649975e+02, 2.9314970703125e+02, 2.9314990234375e+02, 2.931498107910156e+02, 2.931497009277344e+02, 2.931497802734375e+02, 2.93150067196486e+02, 2.931503082156144e+02, 2.931503295898438e+02, 2.931504060914032e+02, 2.931494678456771e+02, 2.931497802734375e+02, 2.931497802734375e+02, 2.931498413085938e+02, 2.931498413085938e+02, 2.931498718261719e+02, 2.931505179836088e+02, 2.931501539376052e+02, 2.931503295898438e+02, 2.93149983715039e+02, 2.931494312027235e+02, 2.931497497558594e+02, 2.931498413085938e+02, 2.931498718261719e+02]
multizone.TAir[2]=[2.931499938964844e+02, 2.931498718261719e+02, 2.931492065429687e+02, 2.931490777036191e+02, 2.931516479492187e+02, 2.931522521972656e+02, 2.931505591639641e+02, 2.931499176663763e+02, 2.931499145507813e+02, 2.931497497558594e+02, 2.931499938964844e+02, 2.931500061035156e+02, 2.931506591796875e+02, 2.931498139757664e+02, 2.931510585399178e+02, 2.931506652832031e+02, 2.93148068349967e+02, 2.931503162030055e+02, 2.931499450683594e+02, 2.931498413085938e+02, 2.931499328613281e+02, 2.9315009765625e+02, 2.931498779296875e+02, 2.931500162779373e+02, 2.931517138606387e+02, 2.932684020996094e+02, 2.934820615745373e+02, 2.931491106255458e+02, 2.931496643066406e+02, 2.931498596191406e+02, 2.931499633789062e+02, 2.931500789912511e+02, 2.93149609375e+02, 2.93149801229053e+02, 2.931506015774818e+02, 2.931508178710938e+02, 2.931475209727713e+02, 2.93149334605815e+02, 2.931498107910156e+02, 2.931498291015625e+02, 2.931498413085938e+02, 2.9314970703125e+02, 2.931498352050781e+02, 2.931501420505372e+02, 2.931510906114384e+02, 2.931514587402344e+02, 2.931642211914062e+02, 2.931503685606153e+02, 2.931497863769531e+02, 2.931497985839844e+02, 2.931497802734375e+02, 2.931498413085938e+02, 2.931498229980469e+02, 2.931500553322264e+02, 2.931511326870217e+02, 2.931531982421875e+02, 2.931503581697888e+02, 2.931505955471276e+02, 2.931498229980469e+02, 2.931498474121094e+02, 2.931499328613281e+02, 2.931498291015625e+02, 2.931499328613281e+02, 2.931498638042308e+02, 2.931508305787552e+02, 2.931518859863281e+02, 2.931504890978743e+02, 2.931505175393725e+02, 2.931497802734375e+02, 2.931498107910156e+02, 2.931498107910156e+02, 2.931498718261719e+02, 2.931498474121094e+02, 2.931492839224067e+02, 2.931510803222656e+02, 2.93151123046875e+02, 2.932893194144212e+02, 2.931484812166283e+02, 2.931496826171875e+02, 2.9314990234375e+02, 2.931497802734375e+02, 2.931497009277344e+02, 2.931497741699219e+02, 2.931497903496067e+02, 2.931506166239577e+02, 2.931517333984375e+02, 2.931508253927213e+02, 2.931501971706446e+02, 2.931497802734375e+02, 2.931497680664062e+02, 2.931498413085938e+02, 2.931498413085938e+02, 2.931498413085938e+02, 2.931503921197936e+02, 2.931504801734953e+02, 2.931517639160156e+02, 2.931508955363901e+02, 2.931503646228644e+02, 2.931497497558594e+02, 2.931498291015625e+02, 2.931498413085938e+02]
multizone.TAir[3]=[2.931499938964844e+02, 2.931498718261719e+02, 2.931492065429687e+02, 2.931490777036191e+02, 2.931516479492187e+02, 2.931522521972656e+02, 2.931505591639641e+02, 2.931499176663763e+02, 2.931499145507813e+02, 2.931497497558594e+02, 2.931499938964844e+02, 2.931500061035156e+02, 2.931506591796875e+02, 2.931498139757664e+02, 2.931510585399178e+02, 2.931506652832031e+02, 2.93148068349967e+02, 2.931503162030055e+02, 2.931499450683594e+02, 2.931498413085938e+02, 2.931499328613281e+02, 2.9315009765625e+02, 2.931498779296875e+02, 2.931500162779373e+02, 2.931517138606387e+02, 2.932684020996094e+02, 2.934820615745373e+02, 2.931491106255458e+02, 2.931496643066406e+02, 2.931498596191406e+02, 2.931499633789062e+02, 2.931500789912511e+02, 2.93149609375e+02, 2.93149801229053e+02, 2.931506015774818e+02, 2.931508178710938e+02, 2.931475209727713e+02, 2.93149334605815e+02, 2.931498107910156e+02, 2.931498291015625e+02, 2.931498413085938e+02, 2.9314970703125e+02, 2.931498352050781e+02, 2.931501420505372e+02, 2.931510906114384e+02, 2.931514587402344e+02, 2.931642211914062e+02, 2.931503685606153e+02, 2.931497863769531e+02, 2.931497985839844e+02, 2.931497802734375e+02, 2.931498413085938e+02, 2.931498229980469e+02, 2.931500553322264e+02, 2.931511326870217e+02, 2.931531982421875e+02, 2.931503581697888e+02, 2.931505955471276e+02, 2.931498229980469e+02, 2.931498474121094e+02, 2.931499328613281e+02, 2.931498291015625e+02, 2.931499328613281e+02, 2.931498638042308e+02, 2.931508305787552e+02, 2.931518859863281e+02, 2.931504890978743e+02, 2.931505175393725e+02, 2.931497802734375e+02, 2.931498107910156e+02, 2.931498107910156e+02, 2.931498718261719e+02, 2.931498474121094e+02, 2.931492839224067e+02, 2.931510803222656e+02, 2.93151123046875e+02, 2.932893194144212e+02, 2.931484812166283e+02, 2.931496826171875e+02, 2.9314990234375e+02, 2.931497802734375e+02, 2.931497009277344e+02, 2.931497741699219e+02, 2.931497903496067e+02, 2.931506166239577e+02, 2.931517333984375e+02, 2.931508253927213e+02, 2.931501971706446e+02, 2.931497802734375e+02, 2.931497680664062e+02, 2.931498413085938e+02, 2.931498413085938e+02, 2.931498413085938e+02, 2.931503921197936e+02, 2.931504801734953e+02, 2.931517639160156e+02, 2.931508955363901e+02, 2.931503646228644e+02, 2.931497497558594e+02, 2.931498291015625e+02, 2.931498413085938e+02]
multizone.TAir[4]=[2.931499938964844e+02, 2.931498718261719e+02, 2.931492065429687e+02, 2.931490777036191e+02, 2.931516479492187e+02, 2.931522521972656e+02, 2.931505591639641e+02, 2.931499176663763e+02, 2.931499145507813e+02, 2.931497497558594e+02, 2.931499938964844e+02, 2.931500061035156e+02, 2.931506591796875e+02, 2.931498139757664e+02, 2.931510585399178e+02, 2.931506652832031e+02, 2.93148068349967e+02, 2.931503162030055e+02, 2.931499450683594e+02, 2.931498413085938e+02, 2.931499328613281e+02, 2.9315009765625e+02, 2.931498779296875e+02, 2.931500162779373e+02, 2.931517138606387e+02, 2.932684020996094e+02, 2.934820615745373e+02, 2.931491106255458e+02, 2.931496643066406e+02, 2.931498596191406e+02, 2.931499633789062e+02, 2.931500789912511e+02, 2.93149609375e+02, 2.93149801229053e+02, 2.931506015774818e+02, 2.931508178710938e+02, 2.931475209727713e+02, 2.93149334605815e+02, 2.931498107910156e+02, 2.931498291015625e+02, 2.931498413085938e+02, 2.9314970703125e+02, 2.931498352050781e+02, 2.931501420505372e+02, 2.931510906114384e+02, 2.931514587402344e+02, 2.931642211914062e+02, 2.931503685606153e+02, 2.931497863769531e+02, 2.931497985839844e+02, 2.931497802734375e+02, 2.931498413085938e+02, 2.931498229980469e+02, 2.931500553322264e+02, 2.931511326870217e+02, 2.931531982421875e+02, 2.931503581697888e+02, 2.931505955471276e+02, 2.931498229980469e+02, 2.931498474121094e+02, 2.931499328613281e+02, 2.931498291015625e+02, 2.931499328613281e+02, 2.931498638042308e+02, 2.931508305787552e+02, 2.931518859863281e+02, 2.931504890978743e+02, 2.931505175393725e+02, 2.931497802734375e+02, 2.931498107910156e+02, 2.931498107910156e+02, 2.931498718261719e+02, 2.931498474121094e+02, 2.931492839224067e+02, 2.931510803222656e+02, 2.93151123046875e+02, 2.932893194144212e+02, 2.931484812166283e+02, 2.931496826171875e+02, 2.9314990234375e+02, 2.931497802734375e+02, 2.931497009277344e+02, 2.931497741699219e+02, 2.931497903496067e+02, 2.931506166239577e+02, 2.931517333984375e+02, 2.931508253927213e+02, 2.931501971706446e+02, 2.931497802734375e+02, 2.931497680664062e+02, 2.931498413085938e+02, 2.931498413085938e+02, 2.931498413085938e+02, 2.931503921197936e+02, 2.931504801734953e+02, 2.931517639160156e+02, 2.931508955363901e+02, 2.931503646228644e+02, 2.931497497558594e+02, 2.931498291015625e+02, 2.931498413085938e+02]
multizone.TAir[5]=[2.931499938964844e+02, 2.931498718261719e+02, 2.931492065429687e+02, 2.931490777036191e+02, 2.931516479492187e+02, 2.931522521972656e+02, 2.931505591639641e+02, 2.931499176663763e+02, 2.931499145507813e+02, 2.931497497558594e+02, 2.931499938964844e+02, 2.931500061035156e+02, 2.931506591796875e+02, 2.931498139757664e+02, 2.931510585399178e+02, 2.931506652832031e+02, 2.93148068349967e+02, 2.931503162030055e+02, 2.931499450683594e+02, 2.931498413085938e+02, 2.931499328613281e+02, 2.9315009765625e+02, 2.931498779296875e+02, 2.931500162779373e+02, 2.931517138606387e+02, 2.932684020996094e+02, 2.934820615745373e+02, 2.931491106255458e+02, 2.931496643066406e+02, 2.931498596191406e+02, 2.931499633789062e+02, 2.931500789912511e+02, 2.93149609375e+02, 2.93149801229053e+02, 2.931506015774818e+02, 2.931508178710938e+02, 2.931475209727713e+02, 2.93149334605815e+02, 2.931498107910156e+02, 2.931498291015625e+02, 2.931498413085938e+02, 2.9314970703125e+02, 2.931498352050781e+02, 2.931501420505372e+02, 2.931510906114384e+02, 2.931514587402344e+02, 2.931642211914062e+02, 2.931503685606153e+02, 2.931497863769531e+02, 2.931497985839844e+02, 2.931497802734375e+02, 2.931498413085938e+02, 2.931498229980469e+02, 2.931500553322264e+02, 2.931511326870217e+02, 2.931531982421875e+02, 2.931503581697888e+02, 2.931505955471276e+02, 2.931498229980469e+02, 2.931498474121094e+02, 2.931499328613281e+02, 2.931498291015625e+02, 2.931499328613281e+02, 2.931498638042308e+02, 2.931508305787552e+02, 2.931518859863281e+02, 2.931504890978743e+02, 2.931505175393725e+02, 2.931497802734375e+02, 2.931498107910156e+02, 2.931498107910156e+02, 2.931498718261719e+02, 2.931498474121094e+02, 2.931492839224067e+02, 2.931510803222656e+02, 2.93151123046875e+02, 2.932893194144212e+02, 2.931484812166283e+02, 2.931496826171875e+02, 2.9314990234375e+02, 2.931497802734375e+02, 2.931497009277344e+02, 2.931497741699219e+02, 2.931497903496067e+02, 2.931506166239577e+02, 2.931517333984375e+02, 2.931508253927213e+02, 2.931501971706446e+02, 2.931497802734375e+02, 2.931497680664062e+02, 2.931498413085938e+02, 2.931498413085938e+02, 2.931498413085938e+02, 2.931503921197936e+02, 2.931504801734953e+02, 2.931517639160156e+02, 2.931508955363901e+02, 2.931503646228644e+02, 2.931497497558594e+02, 2.931498291015625e+02, 2.931498413085938e+02]
multizone.PHeater[1]=[0e+00, 6.382448984375e+04, 7.0221221875e+04, 6.317612434918274e+04, 4.894982890625e+04, 3.20029609375e+04, 2.086921019542474e+04, 2.836257473533928e+04, 3.0868075e+04, 3.20464609375e+04, 3.374890625e+04, 3.251472578125e+04, 3.02460890625e+04, 2.643949301491334e+04, 1.504671051079419e+04, 6.0603369140625e+03, 2.473600048434078e+03, 1.247570361362144e+04, 1.41710521484375e+04, 1.6007052734375e+04, 1.6930552734375e+04, 1.68154421875e+04, 1.61453470703125e+04, 1.734008755370899e+04, 6.69212017267901e+03, 2.936726318359375e+03, 0e+00, 7.77991376907381e+03, 1.156588886718751e+04, 1.419901972656249e+04, 1.47897939453125e+04, 1.523710928798891e+04, 1.8171862890625e+04, 1.9238293052819e+04, 1.847758547750405e+04, 7.6545107421875e+03, 8.507417091477826e+03, 1.186915537460623e+04, 1.427647265625e+04, 1.56713248046875e+04, 1.703575390625e+04, 1.8858053515625e+04, 2.143828046875e+04, 2.172091958321738e+04, 1.853094492177811e+04, 6.97416357421875e+03, 7.585660888671874e+02, 1.046391243054099e+04, 1.3555280859375e+04, 1.52706212890625e+04, 1.690506640625e+04, 1.8328456640625e+04, 1.972550234375e+04, 2.090707249329878e+04, 1.772421422156952e+04, 1.179329980468747e+04, 7.259650429858527e+03, 1.327385159663557e+04, 1.554885449218749e+04, 1.754473515625e+04, 1.7293271484375e+04, 1.857046015625e+04, 1.995329921875e+04, 2.036586149925974e+04, 1.64537494518198e+04, 1.7118861328125e+04, 1.180548936247151e+04, 1.550545416772527e+04, 1.82324359375e+04, 1.9853301953125e+04, 2.134672265625e+04, 2.2559801171875e+04, 2.3745533984375e+04, 2.474752599069295e+04, 1.55779705078125e+04, 5.394701171875e+03, 0e+00, 1.024545796503464e+04, 1.32195775390625e+04, 1.47777794921875e+04, 1.599894140625e+04, 1.682463515625e+04, 1.9105551953125e+04, 2.054369787614174e+04, 1.556718062858489e+04, 5.3315634765625e+03, 3.84627314068988e+03, 1.080439591687154e+04, 1.3394788671875e+04, 1.52980177734375e+04, 1.7244091796875e+04, 1.86262265625e+04, 2.0058255859375e+04, 2.160132234417758e+04, 1.696122811600793e+04, 7.995859375e+03, 5.669437528042457e+03, 1.152757496525973e+04, 1.46932384765625e+04, 1.662965546875e+04, 1.7919609375e+04]
multizone.PHeater[2]=[0e+00, 6.382448984375e+04, 7.0221221875e+04, 6.310902303063094e+04, 4.715649765625e+04, 3.1103408203125e+04, 2.085526949259619e+04, 2.520381004279818e+04, 3.02073203125e+04, 3.1436452734375e+04, 3.318580078125e+04, 3.1994676171875e+04, 2.97658109375e+04, 2.495660316038598e+04, 1.351089012136192e+04, 1.14777783203125e+03, 1.474295499187781e+03, 9.016713499372727e+03, 1.32116345703125e+04, 1.5120980078125e+04, 1.6112337890625e+04, 1.6059579296875e+04, 1.544712265625e+04, 1.377667585495038e+04, 5.411371357971827e+03, 0e+00, 0e+00, 2.99174198224527e+03, 1.027695625000001e+04, 1.300870175781249e+04, 1.3690587890625e+04, 1.422172377408592e+04, 1.7233787890625e+04, 1.802052401112916e+04, 1.620097442779046e+04, 4.98096533203125e+03, 7.382527992604594e+03, 8.145370825680128e+03, 1.3031972265625e+04, 1.4521475390625e+04, 1.59737529296875e+04, 1.787681484375e+04, 2.0531734375e+04, 1.901203331573392e+04, 1.634099299510495e+04, 3.91483154296875e+03, 0e+00, 6.186950662136921e+03, 1.2317438671875e+04, 1.41270818359375e+04, 1.5848896484375e+04, 1.7352606640625e+04, 1.8823924609375e+04, 1.815805028478572e+04, 1.548215623214676e+04, 9.631577148437413e+03, 6.290433427157972e+03, 9.348412997429832e+03, 1.432656992187499e+04, 1.64156703125e+04, 1.62504619140625e+04, 1.7606951953125e+04, 1.90631296875e+04, 1.650058306999809e+04, 1.491913605238025e+04, 1.45965068359375e+04, 1.080915765961919e+04, 1.162973868994689e+04, 1.7017295703125e+04, 1.8730804296875e+04, 2.0309982421875e+04, 2.1601903125e+04, 2.2860535546875e+04, 2.225027791410973e+04, 1.38569857421875e+04, 7.796730346679688e+02, 0e+00, 5.724487550827431e+03, 1.191499140625e+04, 1.35726375e+04, 1.48859228515625e+04, 1.57962982421875e+04, 1.815552265625e+04, 1.797879461265223e+04, 1.325414849453232e+04, 3.140739990234375e+03, 2.767571915538948e+03, 6.788050308795951e+03, 1.21424822265625e+04, 1.41411193359375e+04, 1.617556640625e+04, 1.763894609375e+04, 1.9146116796875e+04, 1.949593655796285e+04, 1.466119749400712e+04, 5.95976708984375e+03, 4.760984197219387e+03, 7.73401874085348e+03, 1.34644630859375e+04, 1.549447734375e+04, 1.68711484375e+04]
multizone.PHeater[3]=[0e+00, 6.382448984375e+04, 7.0221221875e+04, 6.310902303063094e+04, 4.715649765625e+04, 3.1103408203125e+04, 2.085526949259619e+04, 2.520381004279818e+04, 3.02073203125e+04, 3.1436452734375e+04, 3.318580078125e+04, 3.1994676171875e+04, 2.97658109375e+04, 2.495660316038598e+04, 1.351089012136192e+04, 1.14777783203125e+03, 1.474295499187781e+03, 9.016713499372727e+03, 1.32116345703125e+04, 1.5120980078125e+04, 1.6112337890625e+04, 1.6059579296875e+04, 1.544712265625e+04, 1.377667585495038e+04, 5.411371357971827e+03, 0e+00, 0e+00, 2.99174198224527e+03, 1.027695625000001e+04, 1.300870175781249e+04, 1.3690587890625e+04, 1.422172377408592e+04, 1.7233787890625e+04, 1.802052401112916e+04, 1.620097442779046e+04, 4.98096533203125e+03, 7.382527992604594e+03, 8.145370825680128e+03, 1.3031972265625e+04, 1.4521475390625e+04, 1.59737529296875e+04, 1.787681484375e+04, 2.0531734375e+04, 1.901203331573392e+04, 1.634099299510495e+04, 3.91483154296875e+03, 0e+00, 6.186950662136921e+03, 1.2317438671875e+04, 1.41270818359375e+04, 1.5848896484375e+04, 1.7352606640625e+04, 1.8823924609375e+04, 1.815805028478572e+04, 1.548215623214676e+04, 9.631577148437413e+03, 6.290433427157972e+03, 9.348412997429832e+03, 1.432656992187499e+04, 1.64156703125e+04, 1.62504619140625e+04, 1.7606951953125e+04, 1.90631296875e+04, 1.650058306999809e+04, 1.491913605238025e+04, 1.45965068359375e+04, 1.080915765961919e+04, 1.162973868994689e+04, 1.7017295703125e+04, 1.8730804296875e+04, 2.0309982421875e+04, 2.1601903125e+04, 2.2860535546875e+04, 2.225027791410973e+04, 1.38569857421875e+04, 7.796730346679688e+02, 0e+00, 5.724487550827431e+03, 1.191499140625e+04, 1.35726375e+04, 1.48859228515625e+04, 1.57962982421875e+04, 1.815552265625e+04, 1.797879461265223e+04, 1.325414849453232e+04, 3.140739990234375e+03, 2.767571915538948e+03, 6.788050308795951e+03, 1.21424822265625e+04, 1.41411193359375e+04, 1.617556640625e+04, 1.763894609375e+04, 1.9146116796875e+04, 1.949593655796285e+04, 1.466119749400712e+04, 5.95976708984375e+03, 4.760984197219387e+03, 7.73401874085348e+03, 1.34644630859375e+04, 1.549447734375e+04, 1.68711484375e+04]
multizone.PHeater[4]=[0e+00, 6.382448984375e+04, 7.0221221875e+04, 6.310902303063094e+04, 4.715649765625e+04, 3.1103408203125e+04, 2.085526949259619e+04, 2.520381004279818e+04, 3.02073203125e+04, 3.1436452734375e+04, 3.318580078125e+04, 3.1994676171875e+04, 2.97658109375e+04, 2.495660316038598e+04, 1.351089012136192e+04, 1.14777783203125e+03, 1.474295499187781e+03, 9.016713499372727e+03, 1.32116345703125e+04, 1.5120980078125e+04, 1.6112337890625e+04, 1.6059579296875e+04, 1.544712265625e+04, 1.377667585495038e+04, 5.411371357971827e+03, 0e+00, 0e+00, 2.99174198224527e+03, 1.027695625000001e+04, 1.300870175781249e+04, 1.3690587890625e+04, 1.422172377408592e+04, 1.7233787890625e+04, 1.802052401112916e+04, 1.620097442779046e+04, 4.98096533203125e+03, 7.382527992604594e+03, 8.145370825680128e+03, 1.3031972265625e+04, 1.4521475390625e+04, 1.59737529296875e+04, 1.787681484375e+04, 2.0531734375e+04, 1.901203331573392e+04, 1.634099299510495e+04, 3.91483154296875e+03, 0e+00, 6.186950662136921e+03, 1.2317438671875e+04, 1.41270818359375e+04, 1.5848896484375e+04, 1.7352606640625e+04, 1.8823924609375e+04, 1.815805028478572e+04, 1.548215623214676e+04, 9.631577148437413e+03, 6.290433427157972e+03, 9.348412997429832e+03, 1.432656992187499e+04, 1.64156703125e+04, 1.62504619140625e+04, 1.7606951953125e+04, 1.90631296875e+04, 1.650058306999809e+04, 1.491913605238025e+04, 1.45965068359375e+04, 1.080915765961919e+04, 1.162973868994689e+04, 1.7017295703125e+04, 1.8730804296875e+04, 2.0309982421875e+04, 2.1601903125e+04, 2.2860535546875e+04, 2.225027791410973e+04, 1.38569857421875e+04, 7.796730346679688e+02, 0e+00, 5.724487550827431e+03, 1.191499140625e+04, 1.35726375e+04, 1.48859228515625e+04, 1.57962982421875e+04, 1.815552265625e+04, 1.797879461265223e+04, 1.325414849453232e+04, 3.140739990234375e+03, 2.767571915538948e+03, 6.788050308795951e+03, 1.21424822265625e+04, 1.41411193359375e+04, 1.617556640625e+04, 1.763894609375e+04, 1.9146116796875e+04, 1.949593655796285e+04, 1.466119749400712e+04, 5.95976708984375e+03, 4.760984197219387e+03, 7.73401874085348e+03, 1.34644630859375e+04, 1.549447734375e+04, 1.68711484375e+04]
multizone.PHeater[5]=[0e+00, 6.382448984375e+04, 7.0221221875e+04, 6.310902303063094e+04, 4.715649765625e+04, 3.1103408203125e+04, 2.085526949259619e+04, 2.520381004279818e+04, 3.02073203125e+04, 3.1436452734375e+04, 3.318580078125e+04, 3.1994676171875e+04, 2.97658109375e+04, 2.495660316038598e+04, 1.351089012136192e+04, 1.14777783203125e+03, 1.474295499187781e+03, 9.016713499372727e+03, 1.32116345703125e+04, 1.5120980078125e+04, 1.6112337890625e+04, 1.6059579296875e+04, 1.544712265625e+04, 1.377667585495038e+04, 5.411371357971827e+03, 0e+00, 0e+00, 2.99174198224527e+03, 1.027695625000001e+04, 1.300870175781249e+04, 1.3690587890625e+04, 1.422172377408592e+04, 1.7233787890625e+04, 1.802052401112916e+04, 1.620097442779046e+04, 4.98096533203125e+03, 7.382527992604594e+03, 8.145370825680128e+03, 1.3031972265625e+04, 1.4521475390625e+04, 1.59737529296875e+04, 1.787681484375e+04, 2.0531734375e+04, 1.901203331573392e+04, 1.634099299510495e+04, 3.91483154296875e+03, 0e+00, 6.186950662136921e+03, 1.2317438671875e+04, 1.41270818359375e+04, 1.5848896484375e+04, 1.7352606640625e+04, 1.8823924609375e+04, 1.815805028478572e+04, 1.548215623214676e+04, 9.631577148437413e+03, 6.290433427157972e+03, 9.348412997429832e+03, 1.432656992187499e+04, 1.64156703125e+04, 1.62504619140625e+04, 1.7606951953125e+04, 1.90631296875e+04, 1.650058306999809e+04, 1.491913605238025e+04, 1.45965068359375e+04, 1.080915765961919e+04, 1.162973868994689e+04, 1.7017295703125e+04, 1.8730804296875e+04, 2.0309982421875e+04, 2.1601903125e+04, 2.2860535546875e+04, 2.225027791410973e+04, 1.38569857421875e+04, 7.796730346679688e+02, 0e+00, 5.724487550827431e+03, 1.191499140625e+04, 1.35726375e+04, 1.48859228515625e+04, 1.57962982421875e+04, 1.815552265625e+04, 1.797879461265223e+04, 1.325414849453232e+04, 3.140739990234375e+03, 2.767571915538948e+03, 6.788050308795951e+03, 1.21424822265625e+04, 1.41411193359375e+04, 1.617556640625e+04, 1.763894609375e+04, 1.9146116796875e+04, 1.949593655796285e+04, 1.466119749400712e+04, 5.95976708984375e+03, 4.760984197219387e+03, 7.73401874085348e+03, 1.34644630859375e+04, 1.549447734375e+04, 1.68711484375e+04]
