last-generated=2025-12-09
statistics-initialization=
{
  "linear": "0, 0, 0, 0, 0",
  "nonlinear": "0, 0, 9, 1, 1",
  "numerical Jacobians": "0"
}
statistics-simulation=
{
  "linear": "0, 0, 0, 0, 0, 0, 0, 0, 0, 0, 0, 0, 0, 0, 0, 0, 0, 0, 0, 0, 0, 0, 0, 0",
  "nonlinear": "6, 1, 3, 1, 0, 1, 0, 1, 0, 1, 1, 1, 0, 1, 0, 1, 0, 1, 0, 1, 0, 1, 0, 1, 0, 1, 0,   1, 0, 1, 0, 1, 0, 1, 0, 1, 0, 1, 0, 1, 0, 1",
  "number of continuous time states": "110",
  "numerical Jacobians": "0"
}
time=[0e+00, 8.64e+05]
multizone.TAir[1]=[2.931499938964844e+02, 3.051131896972656e+02, 3.051477722167969e+02, 3.052314575195313e+02, 3.052683410644531e+02, 3.051957702636719e+02, 3.05215869140625e+02, 3.050236389160156e+02, 3.050594360351562e+02, 3.05136865234375e+02, 3.05133544921875e+02, 3.051376708984375e+02, 3.051555053710937e+02, 3.052222961425781e+02, 3.052589406637346e+02, 3.0522314453125e+02, 3.051687518035895e+02, 3.050317077636719e+02, 3.050674011230469e+02, 3.051251586914062e+02, 3.051385803222656e+02, 3.051580200195312e+02, 3.051498596191406e+02, 3.052051025390625e+02, 3.052334045410156e+02, 3.052066955566406e+02, 3.051604038096957e+02, 3.050545104980469e+02, 3.050583897836435e+02, 3.051293273925781e+02, 3.0514013671875e+02, 3.051465454101562e+02, 3.051286865234375e+02, 3.0521171875e+02, 3.0518544921875e+02, 3.052162780761719e+02, 3.051289480470143e+02, 3.050810974121094e+02, 3.050681457519531e+02, 3.051368408203125e+02, 3.051465759277344e+02, 3.051362426757813e+02, 3.051446533203125e+02, 3.052261657714844e+02, 3.051996459960938e+02, 3.052257385253906e+02, 3.051969360351562e+02, 3.050242309570312e+02, 3.050514221191406e+02, 3.051346069335938e+02, 3.05135009765625e+02, 3.051436279296875e+02, 3.051425964355469e+02, 3.052068237304687e+02, 3.052292653553521e+02, 3.051809997558594e+02, 3.052014551306933e+02, 3.050416625976562e+02, 3.050605224609375e+02, 3.051301696777344e+02, 3.051398010253906e+02, 3.051316528320312e+02, 3.051493408203125e+02, 3.052095758825209e+02, 3.05178635797345e+02, 3.051444091796875e+02, 3.051827519152588e+02, 3.050734008789062e+02, 3.050641052246094e+02, 3.051362121582031e+02, 3.051368713378906e+02, 3.051446044921875e+02, 3.051435607910156e+02, 3.052100769042969e+02, 3.052598876953125e+02, 3.052228088378906e+02, 3.051785583496094e+02, 3.050201143459939e+02, 3.050488098144531e+02, 3.051374572753906e+02, 3.051376037597656e+02, 3.051486938476563e+02, 3.051458190917969e+02, 3.052075744628906e+02, 3.0523271484375e+02, 3.052096862792969e+02, 3.051765886737476e+02, 3.050615119972421e+02, 3.050620971679688e+02, 3.051313354492187e+02, 3.051377258300781e+02, 3.051437622070313e+02, 3.051457275390625e+02, 3.052050354003906e+02, 3.052259887695312e+02, 3.052002563476562e+02, 3.051961511709461e+02, 3.050283878628833e+02, 3.050530944824219e+02, 3.051329162597656e+02, 3.051405944824219e+02]
multizone.zone[1].X_w=[9.999999776482582e-03, 5.791755300015211e-03, 5.363007821142673e-03, 5.321502313017845e-03, 6.908289529383183e-03, 7.570750545710325e-03, 7.361164409667253e-03, 7.155051082372668e-03, 5.75012406334281e-03, 5.710950214415788e-03, 5.248224828392267e-03, 4.925385769456625e-03, 4.914471786469221e-03, 4.972528386861086e-03, 5.924954232624379e-03, 6.014013662934303e-03, 6.67886750306575e-03, 7.499393727630377e-03, 6.145863328129053e-03, 7.058061100542546e-03, 5.438634660094976e-03, 5.224048439413309e-03, 4.774724505841732e-03, 5.00023877248168e-03, 5.416152160614729e-03, 5.562839563935995e-03, 4.690119650404438e-03, 5.572808720171444e-03, 5.29072854476764e-03, 6.560037937015283e-03, 6.31715776398778e-03, 6.171506177634001e-03, 5.191025882959365e-03, 5.430447589606047e-03, 6.716727837920189e-03, 6.729871034622192e-03, 6.743201010960158e-03, 7.832989562302828e-03, 7.054716907441616e-03, 7.122755330055952e-03, 6.323957815766335e-03, 5.79449450597167e-03, 5.211488995701075e-03, 5.682741571217775e-03, 6.982128694653511e-03, 6.773891393095255e-03, 7.084744609892368e-03, 7.470151875168085e-03, 6.836413685232401e-03, 6.649642623960972e-03, 5.910487379878759e-03, 5.637492332607508e-03, 5.650507658720017e-03, 5.253636930137873e-03, 5.383490376285666e-03, 6.319262553006409e-03, 6.203473468058673e-03, 6.519510131329299e-03, 6.468871235847473e-03, 6.226599216461182e-03, 6.520770955830812e-03, 6.466818135231733e-03, 6.020384840667248e-03, 6.487603505917999e-03, 6.513290841434638e-03, 7.500825449824333e-03, 7.446596878851056e-03, 7.442986126989126e-03, 6.887324433773756e-03, 6.91073751077056e-03, 5.888603627681732e-03, 5.633016768842936e-03, 5.470914207398892e-03, 5.246388539671898e-03, 6.141344550997019e-03, 6.733865477144718e-03, 5.66194523125887e-03, 6.708149929550606e-03, 6.203365325927734e-03, 6.410274747759103e-03, 5.070473067462444e-03, 5.034380499273539e-03, 5.215256568044424e-03, 5.209930986166e-03, 6.037794519215822e-03, 6.721288431435823e-03, 6.058747608369634e-03, 7.121511919414578e-03, 6.54512383043766e-03, 6.013707723468542e-03, 5.248274654150009e-03, 5.234391242265701e-03, 5.081837624311447e-03, 4.90227835252881e-03, 6.03936705738306e-03, 6.493601482361555e-03, 5.899890508130635e-03, 7.022097027624405e-03, 6.048031058162451e-03, 6.229808088392019e-03, 5.419643130153418e-03]
