last-generated=2025-12-09
statistics-initialization=
{
  "linear": "4, 4, 4, 4, 4"
}
statistics-simulation=
{
  "linear": "4, 0, 4, 0, 4, 0, 4, 0, 4, 0",
  "nonlinear": "1, 2, 1, 0, 1, 0, 1, 0, 1, 0, 1, 0, 1, 0, 1, 0, 1, 0, 1, 0, 1, 0, 1, 0, 1, 0, 1,   0, 1, 0, 1, 0, 1",
  "number of continuous time states": "78",
  "numerical Jacobians": "0"
}
time=[0e+00, 8.64e+05]
multizone.TAir[1]=[2.931499938964844e+02, 2.901940820379679e+02, 2.903860046386719e+02, 2.908173522949219e+02, 2.914485412597656e+02, 2.919761047363281e+02, 2.924518981933594e+02, 2.92159738866115e+02, 2.917306945800781e+02, 2.916251403808594e+02, 2.915093078613281e+02, 2.915195495605469e+02, 2.9156484375e+02, 2.919946559997504e+02, 2.92557949136291e+02, 2.929570007324219e+02, 2.931311670900289e+02, 2.927630634719807e+02, 2.923997131347656e+02, 2.922996643066406e+02, 2.922540283203125e+02, 2.922556640625e+02, 2.922888122558594e+02, 2.925317909934304e+02, 2.930227561245752e+02, 2.932234802246094e+02, 2.935162201142832e+02, 2.928301317526607e+02, 2.925897093762973e+02, 2.9249951171875e+02, 2.924673156738281e+02, 2.924421234773849e+02, 2.923118286132812e+02, 2.925565213763766e+02, 2.926520080566406e+02, 2.931055603027344e+02, 2.931098998379128e+02, 2.92968408203125e+02, 2.925869262695313e+02, 2.924974426269531e+02, 2.924315795898438e+02, 2.923410827636719e+02, 2.922137145996094e+02, 2.924752863488694e+02, 2.926629821777344e+02, 2.9315869140625e+02, 2.933866227866273e+02, 2.929095270207146e+02, 2.926119092760435e+02, 2.925415588378906e+02, 2.924626770019531e+02, 2.92389892578125e+02, 2.923167724609375e+02, 2.925353631343019e+02, 2.927350402832031e+02, 2.929311828613281e+02, 2.932018736661051e+02, 2.929302007127877e+02, 2.925776245117187e+02, 2.924564758300781e+02, 2.924581298828125e+02, 2.923914611816406e+02, 2.923168029785156e+02, 2.925875061035156e+02, 2.927869400780487e+02, 2.927431640625e+02, 2.930083277847028e+02, 2.928417808388126e+02, 2.924494384765625e+02, 2.923402954101563e+02, 2.922580871582031e+02, 2.921864440917969e+02, 2.921147888183594e+02, 2.9234652776614e+02, 2.927655639648438e+02, 2.932242126464844e+02, 2.934521864335692e+02, 2.928249268186439e+02, 2.926001596477376e+02, 2.925519470214844e+02, 2.924950256347656e+02, 2.924517150878906e+02, 2.923417175292969e+02, 2.92558056640625e+02, 2.928158020019531e+02, 2.93250244140625e+02, 2.932581519165191e+02, 2.929689147949219e+02, 2.92652244617477e+02, 2.925662963867188e+02, 2.924718322753906e+02, 2.924002502441406e+02, 2.923232482910156e+02, 2.925233460281069e+02, 2.927800964355469e+02, 2.931598510742188e+02, 2.932465397802584e+02, 2.929741963226236e+02, 2.926332214355469e+02, 2.925203979492188e+02, 2.924530029296875e+02]
multizone.TAir[2]=[2.931499938964844e+02, 2.901940820379679e+02, 2.903860046386719e+02, 2.908813552856445e+02, 2.914964599609375e+02, 2.920421752929688e+02, 2.9246015625e+02, 2.922982716805889e+02, 2.917660949707031e+02, 2.91659521484375e+02, 2.915427856445312e+02, 2.915522033691406e+02, 2.915967895507812e+02, 2.921002197596384e+02, 2.926246856099466e+02, 2.931684265136719e+02, 2.931738430712045e+02, 2.929239840128077e+02, 2.924674682617188e+02, 2.9236533203125e+02, 2.923176879882812e+02, 2.923172729492188e+02, 2.923484252929687e+02, 2.927301940917969e+02, 2.931064016535304e+02, 2.934627685546875e+02, 2.934785217301131e+02, 2.929162695349307e+02, 2.925383777287909e+02, 2.92553271484375e+02, 2.925216674804688e+02, 2.924949945430245e+02, 2.923630310058594e+02, 2.926416031120214e+02, 2.927487731933594e+02, 2.93211669921875e+02, 2.931299144497299e+02, 2.931064147949219e+02, 2.926576904296875e+02, 2.925670837402344e+02, 2.924989929199219e+02, 2.924063415527344e+02, 2.9227685546875e+02, 2.926244570769269e+02, 2.927735900878906e+02, 2.932928771972656e+02, 2.934028004203698e+02, 2.930245589572592e+02, 2.926127334613824e+02, 2.926083190917969e+02, 2.925282287597656e+02, 2.924533508300781e+02, 2.923782165527344e+02, 2.926831533645612e+02, 2.9284599609375e+02, 2.93037841796875e+02, 2.932421859446281e+02, 2.9305271298054e+02, 2.926502380371094e+02, 2.925330871582031e+02, 2.925323486328125e+02, 2.924633056640625e+02, 2.92386328125e+02, 2.927964324951172e+02, 2.928837869678309e+02, 2.928794250488281e+02, 2.930801999344856e+02, 2.930302690209763e+02, 2.925466674804687e+02, 2.924344970703125e+02, 2.923492736816406e+02, 2.922746704101563e+02, 2.922001953125e+02, 2.925218817730218e+02, 2.928807800292969e+02, 2.934301147460938e+02, 2.934314380697498e+02, 2.929210449782628e+02, 2.925571084767125e+02, 2.926232238769531e+02, 2.925667114257812e+02, 2.92521142578125e+02, 2.924089477539063e+02, 2.927084228515625e+02, 2.929329772949219e+02, 2.933521728515625e+02, 2.93285922548085e+02, 2.93090869140625e+02, 2.926658624674411e+02, 2.926378967285156e+02, 2.925419616699219e+02, 2.924681396484375e+02, 2.923889526367187e+02, 2.926486702096699e+02, 2.928958312988281e+02, 2.932534790039062e+02, 2.932652536782712e+02, 2.930847967244147e+02, 2.926584167480469e+02, 2.925913513183594e+02, 2.925221862792969e+02]
multizone.TAir[3]=[2.931499938964844e+02, 2.901940820379679e+02, 2.903860046386719e+02, 2.908813552856445e+02, 2.914964599609375e+02, 2.920421752929688e+02, 2.9246015625e+02, 2.922982716805889e+02, 2.917660949707031e+02, 2.91659521484375e+02, 2.915427856445312e+02, 2.915522033691406e+02, 2.915967895507812e+02, 2.921002197596384e+02, 2.926246856099466e+02, 2.931684265136719e+02, 2.931738430712045e+02, 2.929239840128077e+02, 2.924674682617188e+02, 2.9236533203125e+02, 2.923176879882812e+02, 2.923172729492188e+02, 2.923484252929687e+02, 2.927301940917969e+02, 2.931064016535304e+02, 2.934627685546875e+02, 2.934785217301131e+02, 2.929162695349307e+02, 2.925383777287909e+02, 2.92553271484375e+02, 2.925216674804688e+02, 2.924949945430245e+02, 2.923630310058594e+02, 2.926416031120214e+02, 2.927487731933594e+02, 2.93211669921875e+02, 2.931299144497299e+02, 2.931064147949219e+02, 2.926576904296875e+02, 2.925670837402344e+02, 2.924989929199219e+02, 2.924063415527344e+02, 2.9227685546875e+02, 2.926244570769269e+02, 2.927735900878906e+02, 2.932928771972656e+02, 2.934028004203698e+02, 2.930245589572592e+02, 2.926127334613824e+02, 2.926083190917969e+02, 2.925282287597656e+02, 2.924533508300781e+02, 2.923782165527344e+02, 2.926831533645612e+02, 2.9284599609375e+02, 2.93037841796875e+02, 2.932421859446281e+02, 2.9305271298054e+02, 2.926502380371094e+02, 2.925330871582031e+02, 2.925323486328125e+02, 2.924633056640625e+02, 2.92386328125e+02, 2.927964324951172e+02, 2.928837869678309e+02, 2.928794250488281e+02, 2.930801999344856e+02, 2.930302690209763e+02, 2.925466674804687e+02, 2.924344970703125e+02, 2.923492736816406e+02, 2.922746704101563e+02, 2.922001953125e+02, 2.925218817730218e+02, 2.928807800292969e+02, 2.934301147460938e+02, 2.934314380697498e+02, 2.929210449782628e+02, 2.925571084767125e+02, 2.926232238769531e+02, 2.925667114257812e+02, 2.92521142578125e+02, 2.924089477539063e+02, 2.927084228515625e+02, 2.929329772949219e+02, 2.933521728515625e+02, 2.93285922548085e+02, 2.93090869140625e+02, 2.926658624674411e+02, 2.926378967285156e+02, 2.925419616699219e+02, 2.924681396484375e+02, 2.923889526367187e+02, 2.926486702096699e+02, 2.928958312988281e+02, 2.932534790039062e+02, 2.932652536782712e+02, 2.930847967244147e+02, 2.926584167480469e+02, 2.925913513183594e+02, 2.925221862792969e+02]
multizone.TAir[4]=[2.931499938964844e+02, 2.901940820379679e+02, 2.903860046386719e+02, 2.908813552856445e+02, 2.914964599609375e+02, 2.920421752929688e+02, 2.9246015625e+02, 2.922982716805889e+02, 2.917660949707031e+02, 2.91659521484375e+02, 2.915427856445312e+02, 2.915522033691406e+02, 2.915967895507812e+02, 2.921002197596384e+02, 2.926246856099466e+02, 2.931684265136719e+02, 2.931738430712045e+02, 2.929239840128077e+02, 2.924674682617188e+02, 2.9236533203125e+02, 2.923176879882812e+02, 2.923172729492188e+02, 2.923484252929687e+02, 2.927301940917969e+02, 2.931064016535304e+02, 2.934627685546875e+02, 2.934785217301131e+02, 2.929162695349307e+02, 2.925383777287909e+02, 2.92553271484375e+02, 2.925216674804688e+02, 2.924949945430245e+02, 2.923630310058594e+02, 2.926416031120214e+02, 2.927487731933594e+02, 2.93211669921875e+02, 2.931299144497299e+02, 2.931064147949219e+02, 2.926576904296875e+02, 2.925670837402344e+02, 2.924989929199219e+02, 2.924063415527344e+02, 2.9227685546875e+02, 2.926244570769269e+02, 2.927735900878906e+02, 2.932928771972656e+02, 2.934028004203698e+02, 2.930245589572592e+02, 2.926127334613824e+02, 2.926083190917969e+02, 2.925282287597656e+02, 2.924533508300781e+02, 2.923782165527344e+02, 2.926831533645612e+02, 2.9284599609375e+02, 2.93037841796875e+02, 2.932421859446281e+02, 2.9305271298054e+02, 2.926502380371094e+02, 2.925330871582031e+02, 2.925323486328125e+02, 2.924633056640625e+02, 2.92386328125e+02, 2.927964324951172e+02, 2.928837869678309e+02, 2.928794250488281e+02, 2.930801999344856e+02, 2.930302690209763e+02, 2.925466674804687e+02, 2.924344970703125e+02, 2.923492736816406e+02, 2.922746704101563e+02, 2.922001953125e+02, 2.925218817730218e+02, 2.928807800292969e+02, 2.934301147460938e+02, 2.934314380697498e+02, 2.929210449782628e+02, 2.925571084767125e+02, 2.926232238769531e+02, 2.925667114257812e+02, 2.92521142578125e+02, 2.924089477539063e+02, 2.927084228515625e+02, 2.929329772949219e+02, 2.933521728515625e+02, 2.93285922548085e+02, 2.93090869140625e+02, 2.926658624674411e+02, 2.926378967285156e+02, 2.925419616699219e+02, 2.924681396484375e+02, 2.923889526367187e+02, 2.926486702096699e+02, 2.928958312988281e+02, 2.932534790039062e+02, 2.932652536782712e+02, 2.930847967244147e+02, 2.926584167480469e+02, 2.925913513183594e+02, 2.925221862792969e+02]
multizone.TAir[5]=[2.931499938964844e+02, 2.901940820379679e+02, 2.903860046386719e+02, 2.908813552856445e+02, 2.914964599609375e+02, 2.920421752929688e+02, 2.9246015625e+02, 2.922982716805889e+02, 2.917660949707031e+02, 2.91659521484375e+02, 2.915427856445312e+02, 2.915522033691406e+02, 2.915967895507812e+02, 2.921002197596384e+02, 2.926246856099466e+02, 2.931684265136719e+02, 2.931738430712045e+02, 2.929239840128077e+02, 2.924674682617188e+02, 2.9236533203125e+02, 2.923176879882812e+02, 2.923172729492188e+02, 2.923484252929687e+02, 2.927301940917969e+02, 2.931064016535304e+02, 2.934627685546875e+02, 2.934785217301131e+02, 2.929162695349307e+02, 2.925383777287909e+02, 2.92553271484375e+02, 2.925216674804688e+02, 2.924949945430245e+02, 2.923630310058594e+02, 2.926416031120214e+02, 2.927487731933594e+02, 2.93211669921875e+02, 2.931299144497299e+02, 2.931064147949219e+02, 2.926576904296875e+02, 2.925670837402344e+02, 2.924989929199219e+02, 2.924063415527344e+02, 2.9227685546875e+02, 2.926244570769269e+02, 2.927735900878906e+02, 2.932928771972656e+02, 2.934028004203698e+02, 2.930245589572592e+02, 2.926127334613824e+02, 2.926083190917969e+02, 2.925282287597656e+02, 2.924533508300781e+02, 2.923782165527344e+02, 2.926831533645612e+02, 2.9284599609375e+02, 2.93037841796875e+02, 2.932421859446281e+02, 2.9305271298054e+02, 2.926502380371094e+02, 2.925330871582031e+02, 2.925323486328125e+02, 2.924633056640625e+02, 2.92386328125e+02, 2.927964324951172e+02, 2.928837869678309e+02, 2.928794250488281e+02, 2.930801999344856e+02, 2.930302690209763e+02, 2.925466674804687e+02, 2.924344970703125e+02, 2.923492736816406e+02, 2.922746704101563e+02, 2.922001953125e+02, 2.925218817730218e+02, 2.928807800292969e+02, 2.934301147460938e+02, 2.934314380697498e+02, 2.929210449782628e+02, 2.925571084767125e+02, 2.926232238769531e+02, 2.925667114257812e+02, 2.92521142578125e+02, 2.924089477539063e+02, 2.927084228515625e+02, 2.929329772949219e+02, 2.933521728515625e+02, 2.93285922548085e+02, 2.93090869140625e+02, 2.926658624674411e+02, 2.926378967285156e+02, 2.925419616699219e+02, 2.924681396484375e+02, 2.923889526367187e+02, 2.926486702096699e+02, 2.928958312988281e+02, 2.932534790039062e+02, 2.932652536782712e+02, 2.930847967244147e+02, 2.926584167480469e+02, 2.925913513183594e+02, 2.925221862792969e+02]
multizone.PHeater[1]=[0e+00, 9.650921676918777e+04, 1e+05, 1e+05, 1e+05, 1e+05, 1e+05, 1e+05, 1e+05, 1e+05, 1e+05, 1e+05, 1e+05, 1e+05, 1e+05, 1e+05, 1e+05, 1e+05, 1e+05, 1e+05, 1e+05, 1e+05, 1e+05, 1e+05, 1e+05, 9.877646875e+04, 9.228158164021785e+04, 9.042412274640371e+04, 1e+05, 1e+05, 1e+05, 1e+05, 1e+05, 1e+05, 1e+05, 1e+05, 9.924626052186002e+04, 1e+05, 1e+05, 1e+05, 1e+05, 1e+05, 1e+05, 1e+05, 1e+05, 9.997796875e+04, 9.534346384598997e+04, 9.45586863336769e+04, 1e+05, 1e+05, 1e+05, 1e+05, 1e+05, 1e+05, 1e+05, 1e+05, 9.94657707661819e+04, 1e+05, 1e+05, 1e+05, 1e+05, 1e+05, 1e+05, 1e+05, 1e+05, 1e+05, 1e+05, 1e+05, 1e+05, 1e+05, 1e+05, 1e+05, 1e+05, 1e+05, 1e+05, 9.88671640625e+04, 9.373169185729374e+04, 9.032876783971519e+04, 1e+05, 1e+05, 1e+05, 1e+05, 1e+05, 1e+05, 1e+05, 9.89318984375e+04, 9.585791963894083e+04, 9.631711562500001e+04, 1e+05, 1e+05, 1e+05, 1e+05, 1e+05, 1e+05, 1e+05, 9.9980671875e+04, 9.776175548347764e+04, 9.674552549090664e+04, 1e+05, 1e+05, 1e+05]
multizone.PHeater[2]=[0e+00, 9.650921676918777e+04, 1e+05, 1e+05, 1e+05, 1e+05, 1e+05, 1e+05, 1e+05, 1e+05, 1e+05, 1e+05, 1e+05, 1e+05, 1e+05, 9.99647421875e+04, 9.897296226186871e+04, 1e+05, 1e+05, 1e+05, 1e+05, 1e+05, 1e+05, 1e+05, 1e+05, 9.679803125e+04, 8.615865640023556e+04, 8.524467206738019e+04, 9.748297756726517e+04, 1e+05, 1e+05, 1e+05, 1e+05, 1e+05, 1e+05, 9.98239375e+04, 9.769248043799146e+04, 9.897813437499999e+04, 1e+05, 1e+05, 1e+05, 1e+05, 1e+05, 1e+05, 1e+05, 9.9373578125e+04, 9.26930892094398e+04, 9.073302212284366e+04, 1e+05, 1e+05, 1e+05, 1e+05, 1e+05, 1e+05, 1e+05, 1e+05, 9.832232072856941e+04, 9.712696669589254e+04, 1e+05, 1e+05, 1e+05, 1e+05, 1e+05, 1e+05, 1e+05, 1e+05, 1e+05, 1e+05, 1e+05, 1e+05, 1e+05, 1e+05, 1e+05, 1e+05, 1e+05, 9.72681328125e+04, 8.803632551918874e+04, 8.496123095544994e+04, 9.676148159739267e+04, 1e+05, 1e+05, 1e+05, 1e+05, 1e+05, 1e+05, 9.874790625e+04, 9.409668991494391e+04, 9.2753559375e+04, 1e+05, 1e+05, 1e+05, 1e+05, 1e+05, 1e+05, 1e+05, 9.96603984375e+04, 9.610063217886892e+04, 9.329525585794178e+04, 1e+05, 1e+05, 1e+05]
multizone.PHeater[3]=[0e+00, 9.650921676918777e+04, 1e+05, 1e+05, 1e+05, 1e+05, 1e+05, 1e+05, 1e+05, 1e+05, 1e+05, 1e+05, 1e+05, 1e+05, 1e+05, 9.99647421875e+04, 9.897296226186871e+04, 1e+05, 1e+05, 1e+05, 1e+05, 1e+05, 1e+05, 1e+05, 1e+05, 9.679803125e+04, 8.615865640023556e+04, 8.524467206738019e+04, 9.748297756726517e+04, 1e+05, 1e+05, 1e+05, 1e+05, 1e+05, 1e+05, 9.98239375e+04, 9.769248043799146e+04, 9.897813437499999e+04, 1e+05, 1e+05, 1e+05, 1e+05, 1e+05, 1e+05, 1e+05, 9.9373578125e+04, 9.26930892094398e+04, 9.073302212284366e+04, 1e+05, 1e+05, 1e+05, 1e+05, 1e+05, 1e+05, 1e+05, 1e+05, 9.832232072856941e+04, 9.712696669589254e+04, 1e+05, 1e+05, 1e+05, 1e+05, 1e+05, 1e+05, 1e+05, 1e+05, 1e+05, 1e+05, 1e+05, 1e+05, 1e+05, 1e+05, 1e+05, 1e+05, 1e+05, 9.72681328125e+04, 8.803632551918874e+04, 8.496123095544994e+04, 9.676148159739267e+04, 1e+05, 1e+05, 1e+05, 1e+05, 1e+05, 1e+05, 9.874790625e+04, 9.409668991494391e+04, 9.2753559375e+04, 1e+05, 1e+05, 1e+05, 1e+05, 1e+05, 1e+05, 1e+05, 9.96603984375e+04, 9.610063217886892e+04, 9.329525585794178e+04, 1e+05, 1e+05, 1e+05]
multizone.PHeater[4]=[0e+00, 9.650921676918777e+04, 1e+05, 1e+05, 1e+05, 1e+05, 1e+05, 1e+05, 1e+05, 1e+05, 1e+05, 1e+05, 1e+05, 1e+05, 1e+05, 9.99647421875e+04, 9.897296226186871e+04, 1e+05, 1e+05, 1e+05, 1e+05, 1e+05, 1e+05, 1e+05, 1e+05, 9.679803125e+04, 8.615865640023556e+04, 8.524467206738019e+04, 9.748297756726517e+04, 1e+05, 1e+05, 1e+05, 1e+05, 1e+05, 1e+05, 9.98239375e+04, 9.769248043799146e+04, 9.897813437499999e+04, 1e+05, 1e+05, 1e+05, 1e+05, 1e+05, 1e+05, 1e+05, 9.9373578125e+04, 9.26930892094398e+04, 9.073302212284366e+04, 1e+05, 1e+05, 1e+05, 1e+05, 1e+05, 1e+05, 1e+05, 1e+05, 9.832232072856941e+04, 9.712696669589254e+04, 1e+05, 1e+05, 1e+05, 1e+05, 1e+05, 1e+05, 1e+05, 1e+05, 1e+05, 1e+05, 1e+05, 1e+05, 1e+05, 1e+05, 1e+05, 1e+05, 1e+05, 9.72681328125e+04, 8.803632551918874e+04, 8.496123095544994e+04, 9.676148159739267e+04, 1e+05, 1e+05, 1e+05, 1e+05, 1e+05, 1e+05, 9.874790625e+04, 9.409668991494391e+04, 9.2753559375e+04, 1e+05, 1e+05, 1e+05, 1e+05, 1e+05, 1e+05, 1e+05, 9.96603984375e+04, 9.610063217886892e+04, 9.329525585794178e+04, 1e+05, 1e+05, 1e+05]
multizone.PHeater[5]=[0e+00, 9.650921676918777e+04, 1e+05, 1e+05, 1e+05, 1e+05, 1e+05, 1e+05, 1e+05, 1e+05, 1e+05, 1e+05, 1e+05, 1e+05, 1e+05, 9.99647421875e+04, 9.897296226186871e+04, 1e+05, 1e+05, 1e+05, 1e+05, 1e+05, 1e+05, 1e+05, 1e+05, 9.679803125e+04, 8.615865640023556e+04, 8.524467206738019e+04, 9.748297756726517e+04, 1e+05, 1e+05, 1e+05, 1e+05, 1e+05, 1e+05, 9.98239375e+04, 9.769248043799146e+04, 9.897813437499999e+04, 1e+05, 1e+05, 1e+05, 1e+05, 1e+05, 1e+05, 1e+05, 9.9373578125e+04, 9.26930892094398e+04, 9.073302212284366e+04, 1e+05, 1e+05, 1e+05, 1e+05, 1e+05, 1e+05, 1e+05, 1e+05, 9.832232072856941e+04, 9.712696669589254e+04, 1e+05, 1e+05, 1e+05, 1e+05, 1e+05, 1e+05, 1e+05, 1e+05, 1e+05, 1e+05, 1e+05, 1e+05, 1e+05, 1e+05, 1e+05, 1e+05, 1e+05, 9.72681328125e+04, 8.803632551918874e+04, 8.496123095544994e+04, 9.676148159739267e+04, 1e+05, 1e+05, 1e+05, 1e+05, 1e+05, 1e+05, 9.874790625e+04, 9.409668991494391e+04, 9.2753559375e+04, 1e+05, 1e+05, 1e+05, 1e+05, 1e+05, 1e+05, 1e+05, 9.96603984375e+04, 9.610063217886892e+04, 9.329525585794178e+04, 1e+05, 1e+05, 1e+05]
