last-generated=2025-03-13
statistics-initialization=
{
  "nonlinear": "1",
  "numerical Jacobians": "0"
}
statistics-simulation=
{
  "linear": "0",
  "nonlinear": "1",
  "number of continuous time states": "10",
  "numerical Jacobians": "0"
}
time=[0e+00, 8.4e+04]
boilerControlBus.TSupMea=[3.031499938964844e+02, 2.862898254394531e+02, 2.857972717285156e+02, 2.847995300292969e+02, 2.840007629394531e+02, 2.83448486328125e+02, 2.83175537109375e+02, 2.831980895996094e+02, 2.835148620605469e+02, 2.841069641113281e+02, 2.849393005371094e+02, 2.859623413085938e+02, 2.871153564453125e+02, 2.884226989746094e+02, 2.903604431152344e+02, 2.921553344726562e+02, 2.937122802734375e+02, 2.949387817382812e+02, 2.957619323730469e+02, 2.961328735351562e+02, 2.960295715332031e+02, 2.954581298828125e+02, 2.944525451660156e+02, 2.930725402832031e+02, 2.914000854492188e+02, 2.895345764160156e+02, 2.996006774902344e+02, 3.146091003417969e+02, 3.134953308105469e+02, 3.125487976074219e+02, 3.118161926269531e+02, 3.113410034179688e+02, 3.111515502929688e+02, 3.112590026855469e+02, 3.116570434570312e+02, 3.12322021484375e+02, 3.132143859863281e+02, 3.142811889648438e+02, 3.154590454101562e+02, 3.166259155273438e+02, 3.176944274902344e+02, 3.186712951660156e+02, 3.1949853515625e+02, 3.201268005371094e+02, 3.20518798828125e+02, 3.206512451171875e+02, 3.205162658691406e+02, 3.201219177246094e+02, 3.194916076660156e+02, 3.186627807617188e+02, 3.176845092773438e+02, 3.166152954101562e+02, 3.154487609863281e+02, 3.142716979980469e+02, 3.132061462402344e+02, 3.123154907226562e+02, 3.116526184082031e+02, 3.112568969726562e+02, 3.111518859863281e+02, 3.113438110351562e+02, 3.118212280273438e+02, 3.125558471679688e+02, 3.135039978027344e+02, 3.14609375e+02, 3.158062438964844e+02, 3.16936767578125e+02, 3.179856262207031e+02, 3.1892529296875e+02, 3.197002258300781e+02, 3.202642211914062e+02, 3.205837707519531e+02, 3.206399230957031e+02, 3.204293212890625e+02, 3.199645080566406e+02, 3.192731018066406e+02, 3.183961486816406e+02, 3.173856506347656e+02, 3.163018493652344e+02, 3.151051025390625e+02, 3.139529418945312e+02, 3.129313049316406e+02, 3.121008605957031e+02, 3.115109558105469e+02, 3.111966247558594e+02, 3.111765747070312e+02, 3.114519958496094e+02, 3.120065307617188e+02, 3.128072204589844e+02, 3.138065185546875e+02, 3.149450378417969e+02, 3.161551513671875e+02, 3.172440185546875e+02, 3.182676391601562e+02, 3.191657409667969e+02, 3.198845825195312e+02, 3.087114868164062e+02, 2.95619140625e+02, 2.960733642578125e+02, 2.955674438476562e+02, 2.946207580566406e+02, 2.932897033691406e+02]
boilerControlBus.TRetMea=[3.031499938964844e+02, 2.820298461914062e+02, 2.801747741699219e+02, 2.789454650878906e+02, 2.779499816894531e+02, 2.772475280761719e+02, 2.768797607421875e+02, 2.768685913085938e+02, 2.772146606445312e+02, 2.778973999023438e+02, 2.788762817382812e+02, 2.800931091308594e+02, 2.814756164550781e+02, 2.829732360839844e+02, 2.851557312011719e+02, 2.872080383300781e+02, 2.890033264160156e+02, 2.904349365234375e+02, 2.914178161621094e+02, 2.918935852050781e+02, 2.91833984375e+02, 2.912425537109375e+02, 2.901544189453125e+02, 2.886342163085938e+02, 2.867723083496094e+02, 2.846792907714844e+02, 2.908457641601562e+02, 3.091667785644531e+02, 3.078038635253906e+02, 3.066344299316406e+02, 3.057173156738281e+02, 3.051069946289062e+02, 3.048397521972656e+02, 3.049314575195312e+02, 3.053766479492188e+02, 3.0614892578125e+02, 3.07202392578125e+02, 3.084744567871094e+02, 3.098895568847656e+02, 3.1132421875e+02, 3.126502990722656e+02, 3.138711242675781e+02, 3.149145202636719e+02, 3.157182922363281e+02, 3.162347717285156e+02, 3.164331970214844e+02, 3.163018188476562e+02, 3.158484802246094e+02, 3.151000671386719e+02, 3.1410107421875e+02, 3.129107360839844e+02, 3.115999450683594e+02, 3.101898498535156e+02, 3.087556762695312e+02, 3.074478149414062e+02, 3.063439636230469e+02, 3.055096740722656e+02, 3.049945373535156e+02, 3.048291625976562e+02, 3.050233459472656e+02, 3.055655822753906e+02, 3.064236755371094e+02, 3.07546630859375e+02, 3.088677368164062e+02, 3.103085021972656e+02, 3.117093200683594e+02, 3.1301318359375e+02, 3.141903076171875e+02, 3.151709899902344e+02, 3.158968505859375e+02, 3.163247985839844e+02, 3.164293518066406e+02, 3.162043151855469e+02, 3.156631164550781e+02, 3.148378601074219e+02, 3.137776184082031e+02, 3.125451965332031e+02, 3.11214111328125e+02, 3.097720642089844e+02, 3.083655090332031e+02, 3.071084594726562e+02, 3.060755920410156e+02, 3.053282165527344e+02, 3.049107666015625e+02, 3.048480529785156e+02, 3.05143798828125e+02, 3.057804260253906e+02, 3.067201538085938e+02, 3.079071044921875e+02, 3.092708129882812e+02, 3.10730224609375e+02, 3.120903625488281e+02, 3.133655700683594e+02, 3.144933471679688e+02, 3.154065856933594e+02, 3.059418029785156e+02, 2.92226806640625e+02, 2.918754577636719e+02, 2.913586120605469e+02, 2.90338134765625e+02, 2.888746643066406e+02]
boilerControlBus.Efficiency=[9.740291833877563e-01, 9.96399462223053e-01, 9.960187077522278e-01, 9.959522485733032e-01, 9.958958625793457e-01, 9.958527684211731e-01, 9.958255290985107e-01, 9.958158731460571e-01, 9.958242774009705e-01, 9.958502650260925e-01, 9.95892345905304e-01, 9.959478974342346e-01, 9.960137605667114e-01, 9.960683584213257e-01, 9.937619566917419e-01, 9.914207458496094e-01, 9.893916249275208e-01, 9.877894520759583e-01, 9.866930842399597e-01, 9.861738085746765e-01, 9.86259400844574e-01, 9.869439601898193e-01, 9.881888031959534e-01, 9.899240136146545e-01, 9.920454025268555e-01, 9.944353103637695e-01, 9.856460690498352e-01, 9.597370028495789e-01, 9.623967409133911e-01, 9.646881818771362e-01, 9.66489315032959e-01, 9.676851034164429e-01, 9.681980609893799e-01, 9.679939150810242e-01, 9.670848250389099e-01, 9.655285477638245e-01, 9.63424026966095e-01, 9.609041810035706e-01, 9.581261277198792e-01, 9.553527235984802e-01, 9.528180360794067e-01, 9.497998356819153e-01, 9.468265771865845e-01, 9.4454425573349e-01, 9.430854320526123e-01, 9.425421953201294e-01, 9.429432153701782e-01, 9.442654252052307e-01, 9.464349746704102e-01, 9.493221640586853e-01, 9.525187015533447e-01, 9.550228118896484e-01, 9.577506184577942e-01, 9.605383276939392e-01, 9.630935192108154e-01, 9.652584791183472e-01, 9.668968319892883e-01, 9.67903733253479e-01, 9.682132601737976e-01, 9.678044319152832e-01, 9.667026400566101e-01, 9.649779200553894e-01, 9.627399444580078e-01, 9.601294994354248e-01, 9.573086500167847e-01, 9.546141028404236e-01, 9.521290063858032e-01, 9.488874077796936e-01, 9.461002349853516e-01, 9.440377950668335e-01, 9.428346157073975e-01, 9.425604939460754e-01, 9.432292580604553e-01, 9.448032379150391e-01, 9.471946954727173e-01, 9.502533078193665e-01, 9.532157778739929e-01, 9.557623863220215e-01, 9.5856112241745e-01, 9.612993001937866e-01, 9.637583494186401e-01, 9.657855629920959e-01, 9.672526717185974e-01, 9.68065083026886e-01, 9.681695103645325e-01, 9.675580859184265e-01, 9.66269314289093e-01, 9.643852114677429e-01, 9.620253443717957e-01, 9.59337592124939e-01, 9.564880132675171e-01, 9.538851976394653e-01, 9.512498378753662e-01, 9.480233788490295e-01, 9.454317092895508e-01, 9.681304097175598e-01, 9.860954284667969e-01, 9.862100481987e-01, 9.868106245994568e-01, 9.87978994846344e-01, 9.896495342254639e-01]
boilerControlBus.ThermalPower=[7.95766796875e+03, 2.1654974609375e+04, 2.6223484375e+04, 2.737859765625e+04, 2.8390759765625e+04, 2.9199306640625e+04, 2.975619140625e+04, 3.00283515625e+04, 2.9999615234375e+04, 2.9671755859375e+04, 2.9064041015625e+04, 2.8212787109375e+04, 2.7168494140625e+04, 2.667589453125e+04, 2.538480859375e+04, 2.4106287109375e+04, 2.2878689453125e+04, 2.1774947265625e+04, 2.0860625e+04, 2.019003125e+04, 1.9803056640625e+04, 1.9722623046875e+04, 1.9953541015625e+04, 2.0482130859375e+04, 2.1276912109375e+04, 2.22907265625e+04, 5.368383984375e+04, 2.5299552734375e+04, 2.676863671875e+04, 2.78900546875e+04, 2.8849658203125e+04, 2.959059375e+04, 3.0068775390625e+04, 3.025584765625e+04, 3.01406640625e+04, 2.973011328125e+04, 2.90485234375e+04, 2.8136388671875e+04, 2.7047943359375e+04, 2.5741068359375e+04, 2.4504630859375e+04, 2.3308271484375e+04, 2.22222421875e+04, 2.1311369140625e+04, 2.062951953125e+04, 2.021739453125e+04, 2.0099384765625e+04, 2.0282509765625e+04, 2.0755890625e+04, 2.1491412109375e+04, 2.2445197265625e+04, 2.3561017578125e+04, 2.4664755859375e+04, 2.590531640625e+04, 2.7101849609375e+04, 2.818342773437501e+04, 2.908578906250001e+04, 2.975558203125e+04, 3.0152755859375e+04, 3.0253818359375e+04, 3.0052751953125e+04, 2.9561533203125e+04, 2.880930078125e+04, 2.78407421875e+04, 2.671341796875e+04, 2.5387796875e+04, 2.415555859375e+04, 2.2983689453125e+04, 2.194153320312499e+04, 2.109124609375001e+04, 2.048289453125e+04, 2.0153033203125e+04, 2.012112109375e+04, 2.0389037109375e+04, 2.0940935546875e+04, 2.17439140625e+04, 2.275030859375e+04, 2.3900412109375e+04, 2.5019625e+04, 2.6254896484375e+04, 2.7425576171875e+04, 2.846211328125e+04, 2.930297265625e+04, 2.9898212890625e+04, 3.021244140625e+04, 3.0227005859375e+04, 2.994116796875e+04, 2.9371572265625e+04, 2.8552328125e+04, 2.75320703125e+04, 2.637136328125e+04, 2.503376171875e+04, 2.3811220703125e+04, 2.2669794921875e+04, 2.1676529296875e+04, 7.9094755859375e+03, 1.7440265625e+04, 1.984021875e+04, 1.9714953125e+04, 1.990169921875e+04, 2.03894140625e+04]
boilerControlBus.fuelPower=[8.16984521484375e+03, 2.1733224609375e+04, 2.63283046875e+04, 2.7489869140625e+04, 2.8507759765625e+04, 2.9320908203125e+04, 2.9880927734375e+04, 3.0154521484375e+04, 3.012541015625e+04, 2.97953984375e+04, 2.918391796875e+04, 2.8327572265625e+04, 2.7277228515625e+04, 2.6781189453125e+04, 2.5544154296875e+04, 2.4314890625e+04, 2.3123998046875e+04, 2.2044119140625e+04, 2.11419609375e+04, 2.0473095703125e+04, 2.0078953125e+04, 1.998352734375e+04, 2.0192033203125e+04, 2.0690609375e+04, 2.1447517578125e+04, 2.2415462890625e+04, 5.446563671875e+04, 2.6360921875e+04, 2.7814556640625e+04, 2.8910953125e+04, 2.9849951171875e+04, 3.05787421875e+04, 3.10564296875e+04, 3.1256236328125e+04, 3.1166513671875e+04, 3.079154296875e+04, 3.015133984375e+04, 2.928116015625e+04, 2.8230044921875e+04, 2.6944046875e+04, 2.571805859375e+04, 2.4540193359375e+04, 2.3470234375e+04, 2.256259375e+04, 2.1874498046875e+04, 2.144985546875e+04, 2.1315583984375e+04, 2.1479671875e+04, 2.1930603515625e+04, 2.263869140625e+04, 2.3564048828125e+04, 2.46706328125e+04, 2.5752794921875e+04, 2.6969580078125e+04, 2.81404140625e+04, 2.919780468750001e+04, 3.008158398437501e+04, 3.0742296875e+04, 3.1142681640625e+04, 3.1260259765625e+04, 3.10878984375e+04, 3.06344140625e+04, 2.992428125e+04, 2.8996861328125e+04, 2.7904708984375e+04, 2.6594828125e+04, 2.5370048828125e+04, 2.422172265625e+04, 2.319155078124999e+04, 2.234152734375001e+04, 2.172480078125e+04, 2.138115625e+04, 2.1332162109375e+04, 2.1580193359375e+04, 2.2108375e+04, 2.2882228515625e+04, 2.3866904296875e+04, 2.500664453125e+04, 2.610123046875e+04, 2.731188671875e+04, 2.8456900390625e+04, 2.947042578125e+04, 3.02950546875e+04, 3.08845078125e+04, 3.1205736328125e+04, 3.12405078125e+04, 3.0986359375e+04, 3.0456265625e+04, 2.967939453125e+04, 2.869904296875e+04, 2.7571033203125e+04, 2.6243998046875e+04, 2.503151171875e+04, 2.39126953125e+04, 2.292765234375e+04, 8.16984521484375e+03, 1.7686185546875e+04, 2.0117640625e+04, 1.997845703125e+04, 2.0143849609375e+04, 2.060266015625e+04]
