last-generated=2024-07-29
statistics-initialization=
{
  "nonlinear": "1",
  "numerical Jacobians": "0"
}
statistics-simulation=
{
  "linear": "0",
  "nonlinear": "1",
  "number of continuous time states": "13",
  "numerical Jacobians": "0"
}
time=[0e+00, 2e+04]
boilerControlBus.TSupMea=[3.031499938964844e+02, 3.249896545410156e+02, 3.279043579101562e+02, 3.292720336914062e+02, 3.304006652832031e+02, 3.313577880859375e+02, 3.321505737304688e+02, 3.327786865234375e+02, 3.33023193359375e+02, 3.330023803710938e+02, 3.329932861328125e+02, 3.329920349121094e+02, 3.329922485351562e+02, 3.32943115234375e+02, 3.327819213867188e+02, 3.325386657714844e+02, 3.322232666015625e+02, 3.318385009765625e+02, 3.313935241699219e+02, 3.308973083496094e+02, 3.303583374023438e+02, 3.297850341796875e+02, 3.291856079101562e+02, 3.285682373046875e+02, 3.279408874511719e+02, 3.290510864257812e+02, 3.305165100097656e+02, 3.306675415039062e+02, 3.30722412109375e+02, 3.308069458007812e+02, 3.30851806640625e+02, 3.309241027832031e+02, 3.309282836914062e+02, 3.309668579101562e+02, 3.309988098144531e+02, 3.310122375488281e+02, 3.31021484375e+02, 3.310141906738281e+02, 3.310210266113281e+02, 3.310479736328125e+02, 3.310583801269531e+02, 3.310623168945312e+02, 3.310662536621094e+02, 3.310693054199219e+02, 3.310664672851562e+02, 3.310528564453125e+02, 3.310314636230469e+02, 3.310230407714844e+02, 3.309786682128906e+02, 3.30921630859375e+02, 3.308960266113281e+02, 3.30841064453125e+02, 3.3075927734375e+02, 3.30733642578125e+02, 3.291464233398438e+02, 3.300416259765625e+02, 3.316585083007812e+02, 3.332419738769531e+02, 3.330122985839844e+02, 3.33006103515625e+02, 3.330099182128906e+02, 3.330097961425781e+02, 3.330092468261719e+02, 3.330089111328125e+02, 3.330086059570312e+02, 3.330083312988281e+02, 3.330079956054688e+02, 3.330076293945312e+02, 3.330072631835938e+02, 3.330068359375e+02, 3.330064086914062e+02, 3.330059509277344e+02, 3.330054626464844e+02, 3.330049743652344e+02, 3.330044555664062e+02, 3.330039367675781e+02, 3.330033874511719e+02, 3.330028381347656e+02, 3.330022583007812e+02, 3.330016784667969e+02, 3.330010986328125e+02, 3.330005187988281e+02, 3.329999389648438e+02, 3.329993591308594e+02, 3.32998779296875e+02, 3.329981994628906e+02, 3.329976196289062e+02, 3.329970397949219e+02, 3.329964904785156e+02, 3.329959411621094e+02, 3.329954223632812e+02, 3.329949035644531e+02, 3.329944152832031e+02, 3.329939575195312e+02, 3.329934997558594e+02, 3.329930725097656e+02, 3.3299267578125e+02, 3.329922790527344e+02, 3.32991943359375e+02, 3.329916076660156e+02, 3.329913330078125e+02]
boilerControlBus.TRetMea=[3.031499938964844e+02, 3.093807983398438e+02, 3.096226501464844e+02, 3.108298645019531e+02, 3.119089050292969e+02, 3.128174133300781e+02, 3.135608825683594e+02, 3.141412048339844e+02, 3.145271911621094e+02, 3.145068664550781e+02, 3.143768310546875e+02, 3.142217407226562e+02, 3.140650024414062e+02, 3.139020080566406e+02, 3.13671142578125e+02, 3.133604125976562e+02, 3.129788513183594e+02, 3.125330200195312e+02, 3.120293273925781e+02, 3.114767456054688e+02, 3.108841857910156e+02, 3.102604675292969e+02, 3.096141967773438e+02, 3.089538879394531e+02, 3.082878112792969e+02, 3.084789733886719e+02, 3.093794860839844e+02, 3.079031372070312e+02, 3.087826538085932e+02, 3.096591796875e+02, 3.078632507324219e+02, 3.094126281738281e+02, 3.074645690917969e+02, 3.078064575195312e+02, 3.096459045410149e+02, 3.075537109375e+02, 3.073737487792969e+02, 3.079321899414062e+02, 3.079961853027344e+02, 3.077037963867188e+02, 3.071867370605469e+02, 3.070484924316406e+02, 3.0738525390625e+02, 3.078603515625e+02, 3.080517272949219e+02, 3.07651611328125e+02, 3.072031860351562e+02, 3.095524291992188e+02, 3.077026062011719e+02, 3.085284118652344e+02, 3.076122131347656e+02, 3.078795471191406e+02, 3.092506103515625e+02, 3.081291198730469e+02, 3.095324401855469e+02, 3.118190307617188e+02, 3.136298828125e+02, 3.154711608886719e+02, 3.164749145507812e+02, 3.168673095703125e+02, 3.171043090820312e+02, 3.173016662597656e+02, 3.174862060546875e+02, 3.176638793945312e+02, 3.178357238769531e+02, 3.180015869140625e+02, 3.181610107421875e+02, 3.183135070800781e+02, 3.184585266113281e+02, 3.185956420898438e+02, 3.18724365234375e+02, 3.1884423828125e+02, 3.189548645019531e+02, 3.190558776855469e+02, 3.191469116210938e+02, 3.192277221679688e+02, 3.192979736328125e+02, 3.193574523925781e+02, 3.194059448242188e+02, 3.194432983398438e+02, 3.194693908691406e+02, 3.194841003417969e+02, 3.194874267578125e+02, 3.194793395996094e+02, 3.194598693847656e+02, 3.194290466308594e+02, 3.193870239257812e+02, 3.193339233398438e+02, 3.192699279785156e+02, 3.191952514648438e+02, 3.191101379394531e+02, 3.19014892578125e+02, 3.189098510742188e+02, 3.187953186035156e+02, 3.186717224121094e+02, 3.185394592285156e+02, 3.183990173339844e+02, 3.182508239746094e+02, 3.180953979492188e+02, 3.179332580566406e+02, 3.177649841308594e+02]
boilerControlBus.Efficiency=[9.749991893768311e-01, 9.517475366592407e-01, 9.490675330162048e-01, 9.459621906280518e-01, 9.432557821273804e-01, 9.409686923027039e-01, 9.386211037635803e-01, 9.364834427833557e-01, 9.352230429649353e-01, 9.352967143058777e-01, 9.35652494430542e-01, 9.360699057579041e-01, 9.364928007125854e-01, 9.369801878929138e-01, 9.377557039260864e-01, 9.38825249671936e-01, 9.399595260620117e-01, 9.410185813903809e-01, 9.422256350517273e-01, 9.43558394908905e-01, 9.449950456619263e-01, 9.465139508247375e-01, 9.480938315391541e-01, 9.497134685516357e-01, 9.513522386550903e-01, 9.501944184303284e-01, 9.474841356277466e-01, 9.500481486320496e-01, 9.484035968780528e-01, 9.467636346817017e-01, 9.499739408493042e-01, 9.471130967140198e-01, 9.50641930103302e-01, 9.499858617782593e-01, 9.466391205787671e-01, 9.50412392616272e-01, 9.507372975349426e-01, 9.497202038764954e-01, 9.495989680290222e-01, 9.5010906457901e-01, 9.510566592216492e-01, 9.513126015663147e-01, 9.506813287734985e-01, 9.498067498207092e-01, 9.494624137878418e-01, 9.502007961273193e-01, 9.510466456413269e-01, 9.467871189117432e-01, 9.501658082008362e-01, 9.487210512161255e-01, 9.50395941734314e-01, 9.499529600143433e-01, 9.475294947624207e-01, 9.495902061462402e-01, 9.482656121253967e-01, 9.43702220916748e-01, 9.388744235038756e-01, 9.325373768806458e-01, 9.302220940589905e-01, 9.292572736740112e-01, 9.286728501319885e-01, 9.281930923461914e-01, 9.277478456497192e-01, 9.273216724395752e-01, 9.269118905067444e-01, 9.265186786651611e-01, 9.261428713798523e-01, 9.257854223251343e-01, 9.254472851753235e-01, 9.25129234790802e-01, 9.248321652412415e-01, 9.245567917823792e-01, 9.243037700653076e-01, 9.240736365318298e-01, 9.238670468330383e-01, 9.236843585968018e-01, 9.235260486602783e-01, 9.233924150466919e-01, 9.232838749885559e-01, 9.232004880905151e-01, 9.231425523757935e-01, 9.231101870536804e-01, 9.23103392124176e-01, 9.23122227191925e-01, 9.231666326522827e-01, 9.232365489006042e-01, 9.233317375183105e-01, 9.234520792961121e-01, 9.235972762107849e-01, 9.237670302391052e-01, 9.239608645439148e-01, 9.241784811019897e-01, 9.244192838668823e-01, 9.246826767921448e-01, 9.249681234359741e-01, 9.252749085426331e-01, 9.256021976470947e-01, 9.259491562843323e-01, 9.263150095939636e-01, 9.266986846923828e-01, 9.270991086959839e-01]
boilerControlBus.ThermalPower=[5.291568359375e+04, 5.165376171875e+04, 5.150830859375e+04, 5.13397734375e+04, 5.1192890625e+04, 5.1068765625e+04, 5.09413515625e+04, 5.082533984375e+04, 4.922394140625e+04, 4.9549515625e+04, 4.9907625e+04, 5.0313703125e+04, 5.073055859375e+04, 5.0852296875e+04, 5.089438671875e+04, 5.095243359375e+04, 5.10139921875e+04, 5.107147265625e+04, 5.113698046875e+04, 5.12093125e+04, 5.128728515625e+04, 5.136972265625e+04, 5.14554609375e+04, 5.15433671875e+04, 5.163230859375e+04, 5.156946875e+04, 5.1422375e+04, 5.156153125e+04, 5.147227734375006e+04, 5.13832734375e+04, 5.15575e+04, 5.140223828125e+04, 5.159375390625e+04, 5.15581484375e+04, 5.137651171875007e+04, 5.1581296875e+04, 5.15989296875e+04, 5.154373046875e+04, 5.153715234375e+04, 5.15648359375e+04, 5.1616265625e+04, 5.163015234375e+04, 5.159589453125e+04, 5.154842578125e+04, 5.152973828125e+04, 5.15698125e+04, 5.161571875e+04, 5.1384546875e+04, 5.15679140625e+04, 5.148950390625e+04, 5.158040625e+04, 5.155636328125e+04, 5.14248359375e+04, 5.153667578125e+04, 5.146478515625e+04, 5.12171171875e+04, 5.095510546875e+04, 4.854142187500009e+04, 4.47015546875e+04, 4.33140078125e+04, 4.26640859375e+04, 4.214658203125e+04, 4.165603125e+04, 4.118208203125e+04, 4.072333203125e+04, 4.028045703125e+04, 3.985475390625e+04, 3.94474453125e+04, 3.90599140625e+04, 3.8693421875e+04, 3.834930859375e+04, 3.8028671875e+04, 3.77326015625e+04, 3.7462125e+04, 3.72181328125e+04, 3.7001453125e+04, 3.68128359375e+04, 3.665289453125e+04, 3.65221875e+04, 3.642115625e+04, 3.6350140625e+04, 3.63093828125e+04, 3.629901171875e+04, 3.63190703125e+04, 3.636948828125e+04, 3.64501015625e+04, 3.65606328125e+04, 3.6700703125e+04, 3.686983984375e+04, 3.70674765625e+04, 3.72929375e+04, 3.754547265625e+04, 3.78242109375e+04, 3.81282109375e+04, 3.845646484375e+04, 3.8807828125e+04, 3.9181140625e+04, 3.957512109375e+04, 3.998844921875e+04, 4.041971875e+04, 4.08674609375e+04]
boilerControlBus.fuelPower=[5.427254296875e+04, 5.427254296875e+04, 5.427254296875e+04, 5.427254296875e+04, 5.427254296875e+04, 5.427254296875e+04, 5.427254296875e+04, 5.427254296875e+04, 5.2633375e+04, 5.297732421875e+04, 5.33399140625e+04, 5.37499453125e+04, 5.417079296875e+04, 5.427254296875e+04, 5.427254296875e+04, 5.427254296875e+04, 5.427254296875e+04, 5.427254296875e+04, 5.427254296875e+04, 5.427254296875e+04, 5.427254296875e+04, 5.427254296875e+04, 5.427254296875e+04, 5.427254296875e+04, 5.427254296875e+04, 5.427254296875e+04, 5.427254296875e+04, 5.427254296875e+04, 5.427254296875e+04, 5.427254296875e+04, 5.427254296875e+04, 5.427254296875e+04, 5.427254296875e+04, 5.427254296875e+04, 5.427254296875e+04, 5.427254296875e+04, 5.427254296875e+04, 5.427254296875e+04, 5.427254296875e+04, 5.427254296875e+04, 5.427254296875e+04, 5.427254296875e+04, 5.427254296875e+04, 5.427254296875e+04, 5.427254296875e+04, 5.427254296875e+04, 5.427254296875e+04, 5.427254296875e+04, 5.427254296875e+04, 5.427254296875e+04, 5.427254296875e+04, 5.427254296875e+04, 5.427254296875e+04, 5.427254296875e+04, 5.427254296875e+04, 5.427254296875e+04, 5.427254296875e+04, 5.20530585937501e+04, 4.805471484375e+04, 4.661142578125e+04, 4.5940921875e+04, 4.5407125e+04, 4.490016796875e+04, 4.4409703125e+04, 4.39344140625e+04, 4.34750625e+04, 4.303305078125e+04, 4.260970703125e+04, 4.22065234375e+04, 4.18248828125e+04, 4.1466234375e+04, 4.113178515625e+04, 4.082273046875e+04, 4.05401953125e+04, 4.028516015625e+04, 4.0058546875e+04, 3.986117578125e+04, 3.9693734375e+04, 3.95568359375e+04, 3.945096875e+04, 3.937651953125e+04, 3.933375e+04, 3.93228046875e+04, 3.934373046875e+04, 3.9396453125e+04, 3.948078515625e+04, 3.9596421875e+04, 3.974294140625e+04, 3.991982421875e+04, 4.01264375e+04, 4.036203125e+04, 4.062578125e+04, 4.09167265625e+04, 4.123383203125e+04, 4.157598828125e+04, 4.194194140625e+04, 4.233043359375e+04, 4.274005859375e+04, 4.31693828125e+04, 4.36168984375e+04, 4.408100390625e+04]
