last-generated=2025-03-13
statistics-initialization=
{
  "nonlinear": "1",
  "numerical Jacobians": "0"
}
statistics-simulation=
{
  "linear": "0",
  "nonlinear": "2",
  "number of continuous time states": "13",
  "numerical Jacobians": "0"
}
time=[0e+00, 2e+04]
boilerControlBus.TSupMea=[3.031499938964844e+02, 3.244064025878906e+02, 3.296052856445312e+02, 3.307795104980469e+02, 3.310171203613281e+02, 3.310674743652344e+02, 3.31028564453125e+02, 3.309820556640625e+02, 3.309400329589844e+02, 3.309127502441406e+02, 3.30897705078125e+02, 3.307966918945312e+02, 3.307662963867188e+02, 3.307976684570312e+02, 3.308341369628906e+02, 3.30858642578125e+02, 3.30854248046875e+02, 3.307964782714844e+02, 3.308572387695312e+02, 3.308277893066406e+02, 3.3091748046875e+02, 3.309174499511719e+02, 3.310146484375e+02, 3.310259704589844e+02, 3.310408935546875e+02, 3.310608520507812e+02, 3.310780029296875e+02, 3.310991516113281e+02, 3.311216430664062e+02, 3.311633605957031e+02, 3.311393432617188e+02, 3.311625671386719e+02, 3.311379089355469e+02, 3.311725463867188e+02, 3.311654357910156e+02, 3.311918334960938e+02, 3.311691284179688e+02, 3.312059326171875e+02, 3.311683959960938e+02, 3.311979675292969e+02, 3.311668090820312e+02, 3.311925354003906e+02, 3.311663513183594e+02, 3.311873168945312e+02, 3.311672058105469e+02, 3.311779174804688e+02, 3.311680908203125e+02, 3.311642456054688e+02, 3.311650085449219e+02, 3.311628723144531e+02, 3.311429748535156e+02, 3.311283874511719e+02, 3.31093505859375e+02, 3.310855407714844e+02, 3.309407043457031e+02, 3.308311767578125e+02, 3.308552246093751e+02, 3.29349609375e+02, 3.304375610351562e+02, 3.324421997070312e+02, 3.330194091796875e+02, 3.33036865234375e+02, 3.330160217285156e+02, 3.330097045898438e+02, 3.330086669921875e+02, 3.330083618164062e+02, 3.330079956054688e+02, 3.330076293945312e+02, 3.330072326660156e+02, 3.330068359375e+02, 3.330064086914062e+02, 3.330059509277344e+02, 3.330054626464844e+02, 3.330049743652344e+02, 3.330044555664062e+02, 3.330039367675781e+02, 3.330033874511719e+02, 3.330028381347656e+02, 3.330022583007812e+02, 3.330016784667969e+02, 3.330010986328125e+02, 3.330005187988281e+02, 3.329999389648438e+02, 3.329993591308594e+02, 3.32998779296875e+02, 3.329981994628906e+02, 3.329976196289062e+02, 3.329970397949219e+02, 3.329964904785156e+02, 3.329959411621094e+02, 3.329954223632812e+02, 3.329949035644531e+02, 3.329944152832031e+02, 3.329939575195312e+02, 3.329934997558594e+02, 3.329930725097656e+02, 3.3299267578125e+02, 3.329922790527344e+02, 3.32991943359375e+02, 3.329916076660156e+02, 3.329913330078125e+02]
boilerControlBus.TRetMea=[3.031499938964844e+02, 3.091768188476562e+02, 3.070253295898438e+02, 3.071857604980469e+02, 3.072393798828125e+02, 3.097252502441406e+02, 3.096325378417969e+02, 3.076397399902345e+02, 3.076554870605469e+02, 3.097383117675781e+02, 3.096110534667969e+02, 3.085093688964844e+02, 3.082672424316406e+02, 3.091730651855469e+02, 3.097540893554686e+02, 3.089376220703125e+02, 3.095127258300781e+02, 3.086114501953122e+02, 3.09571044921875e+02, 3.081453552246094e+02, 3.096640319824219e+02, 3.088469848632812e+02, 3.086717224121094e+02, 3.084089660644531e+02, 3.096172485351562e+02, 3.075298156738281e+02, 3.071635437011719e+02, 3.070620727539062e+02, 3.073884582519539e+02, 3.0945556640625e+02, 3.076568298339844e+02, 3.080233154296875e+02, 3.080105590820312e+02, 3.079845275878906e+02, 3.075903930664052e+02, 3.084525146484375e+02, 3.069040832519531e+02, 3.089941101074219e+02, 3.065734558105469e+02, 3.093853759765625e+02, 3.064812622070312e+02, 3.095299072265625e+02, 3.064914245605469e+02, 3.095745239257812e+02, 3.066150207519531e+02, 3.0941064453125e+02, 3.069251403808594e+02, 3.090447692871094e+02, 3.0718310546875e+02, 3.094038391113281e+02, 3.070117797851562e+02, 3.073587036132812e+02, 3.071836547851562e+02, 3.093251037597656e+02, 3.079395751953125e+02, 3.084339294433594e+02, 3.078992309570318e+02, 3.094872741699218e+02, 3.1241455078125e+02, 3.146537780761719e+02, 3.165479125976562e+02, 3.171559753417969e+02, 3.174482421875e+02, 3.17654296875e+02, 3.178333435058594e+02, 3.180009765625e+02, 3.181608581542969e+02, 3.183134460449219e+02, 3.184585266113281e+02, 3.185956420898438e+02, 3.187243347167969e+02, 3.188442077636719e+02, 3.18954833984375e+02, 3.190558471679688e+02, 3.191469116210938e+02, 3.192277221679688e+02, 3.192979736328125e+02, 3.19357421875e+02, 3.194059448242188e+02, 3.194432983398438e+02, 3.194693908691406e+02, 3.194841003417969e+02, 3.194874267578125e+02, 3.194793395996094e+02, 3.194598693847656e+02, 3.194290466308594e+02, 3.193870239257812e+02, 3.193339233398438e+02, 3.192699279785156e+02, 3.191952514648438e+02, 3.191101684570312e+02, 3.190149230957031e+02, 3.189098510742188e+02, 3.187953186035156e+02, 3.186717224121094e+02, 3.185394897460938e+02, 3.183990173339844e+02, 3.182508239746094e+02, 3.180953979492188e+02, 3.179332580566406e+02, 3.177649841308594e+02]
boilerControlBus.Efficiency=[9.740291833877563e-01, 9.520292282104492e-01, 9.513349533081055e-01, 9.501057267189026e-01, 9.498166441917419e-01, 9.455003142356873e-01, 9.456855058670044e-01, 9.491124749183653e-01, 9.491181373596191e-01, 9.456310272216797e-01, 9.458470940589905e-01, 9.477329254150391e-01, 9.481654167175293e-01, 9.466449022293091e-01, 9.456831216812137e-01, 9.469690322875977e-01, 9.460456967353821e-01, 9.475638866424566e-01, 9.459500312805176e-01, 9.483304023742676e-01, 9.457438588142395e-01, 9.470616579055786e-01, 9.472590684890747e-01, 9.476973414421082e-01, 9.456977844238281e-01, 9.492486715316772e-01, 9.499079585075378e-01, 9.500791430473328e-01, 9.494583606719957e-01, 9.458374381065369e-01, 9.489532709121704e-01, 9.482712745666504e-01, 9.483145475387573e-01, 9.483327865600586e-01, 9.490531086921711e-01, 9.474809765815735e-01, 9.503179788589478e-01, 9.46546196937561e-01, 9.50939953327179e-01, 9.45917010307312e-01, 9.511157274246216e-01, 9.45689857006073e-01, 9.510968923568726e-01, 9.456234574317932e-01, 9.508623480796814e-01, 9.458956718444824e-01, 9.502794146537781e-01, 9.465029239654541e-01, 9.498021602630615e-01, 9.459211826324463e-01, 9.501377940177917e-01, 9.495075345039368e-01, 9.498583674430847e-01, 9.461227655410767e-01, 9.486048817634583e-01, 9.478262662887573e-01, 9.487476348876943e-01, 9.474889636039735e-01, 9.4181227684021e-01, 9.348108172416687e-01, 9.293835759162903e-01, 9.278662800788879e-01, 9.272014498710632e-01, 9.267387390136719e-01, 9.263345003128052e-01, 9.259579181671143e-01, 9.256012439727783e-01, 9.252631068229675e-01, 9.249436855316162e-01, 9.246436357498169e-01, 9.243636727333069e-01, 9.241043329238892e-01, 9.23866331577301e-01, 9.236500263214111e-01, 9.234559535980225e-01, 9.232845306396484e-01, 9.231361150741577e-01, 9.230108857154846e-01, 9.229092001914978e-01, 9.228311777114868e-01, 9.22776997089386e-01, 9.227467775344849e-01, 9.227405786514282e-01, 9.227583408355713e-01, 9.228000640869141e-01, 9.228657484054565e-01, 9.229550957679749e-01, 9.23068106174469e-01, 9.232044816017151e-01, 9.233639240264893e-01, 9.235461354255676e-01, 9.237507581710815e-01, 9.239773750305176e-01, 9.242254495620728e-01, 9.244945049285889e-01, 9.247838854789734e-01, 9.250929355621338e-01, 9.254209399223328e-01, 9.257670640945435e-01, 9.26130473613739e-01, 9.26510214805603e-01]
boilerControlBus.ThermalPower=[5.305112109375e+04, 5.185287890625e+04, 5.18150625e+04, 5.174811328125e+04, 5.17323671875e+04, 5.149727734375e+04, 5.150736328125e+04, 5.169401562499999e+04, 5.169432421875e+04, 5.15043984375e+04, 5.15161640625e+04, 5.1618875e+04, 5.164243359375e+04, 5.15596171875e+04, 5.150723437500001e+04, 5.15772734375e+04, 5.152698046875e+04, 5.160966796875003e+04, 5.152176953125e+04, 5.165141796875e+04, 5.15105390625e+04, 5.158231640625e+04, 5.15930703125e+04, 5.16169375e+04, 5.150803125e+04, 5.170143359375e+04, 5.173733984375e+04, 5.17466640625e+04, 5.171285156249993e+04, 5.151563671875e+04, 5.168534375e+04, 5.164819921875e+04, 5.16505546875e+04, 5.165155078125e+04, 5.16907812500001e+04, 5.160515234375e+04, 5.1759671875e+04, 5.155423828125e+04, 5.179355078125e+04, 5.151997265625e+04, 5.1803125e+04, 5.150759765625e+04, 5.180209765625e+04, 5.150398046875e+04, 5.178932421875e+04, 5.151880859375e+04, 5.175757421875e+04, 5.15518828125e+04, 5.1731578125e+04, 5.152019921875e+04, 5.1749859375e+04, 5.171553515625e+04, 5.1734640625e+04, 5.15311796875e+04, 5.16663671875e+04, 5.16239609375e+04, 5.167414453124995e+04, 5.160558984375e+04, 5.129640625e+04, 5.091506640625e+04, 4.323790234375e+04, 4.241216796875e+04, 4.17696328125e+04, 4.121412890625e+04, 4.073030859375e+04, 4.02820546875e+04, 3.985510546875e+04, 3.944753515625e+04, 3.9059921875e+04, 3.869344921875e+04, 3.83493203125e+04, 3.802866796875e+04, 3.773261328125e+04, 3.746212890625e+04, 3.721812109375e+04, 3.7001453125e+04, 3.681283203125e+04, 3.6652890625e+04, 3.652218359375e+04, 3.642116015625e+04, 3.63501484375e+04, 3.630938671875e+04, 3.629901171875e+04, 3.63190703125e+04, 3.63694921875e+04, 3.6450109375e+04, 3.656063671875e+04, 3.6700703125e+04, 3.686983984375e+04, 3.706747265625e+04, 3.72929375e+04, 3.754546484375e+04, 3.782420703125e+04, 3.812821484375e+04, 3.845645703125e+04, 3.880783203125e+04, 3.918113671875e+04, 3.9575125e+04, 3.99884453125e+04, 4.041971875e+04, 4.086746484375e+04]
boilerControlBus.fuelPower=[5.446563671875e+04, 5.446563671875e+04, 5.446563671875e+04, 5.446563671875e+04, 5.446563671875e+04, 5.446563671875e+04, 5.446563671875e+04, 5.446563671875e+04, 5.446563671875e+04, 5.446563671875e+04, 5.446563671875e+04, 5.446563671875e+04, 5.446563671875e+04, 5.446563671875e+04, 5.446563671875e+04, 5.446563671875e+04, 5.446563671875e+04, 5.446563671875e+04, 5.446563671875e+04, 5.446563671875e+04, 5.446563671875e+04, 5.446563671875e+04, 5.446563671875e+04, 5.446563671875e+04, 5.446563671875e+04, 5.446563671875e+04, 5.446563671875e+04, 5.446563671875e+04, 5.446563671875e+04, 5.446563671875e+04, 5.446563671875e+04, 5.446563671875e+04, 5.446563671875e+04, 5.446563671875e+04, 5.446563671875e+04, 5.446563671875e+04, 5.446563671875e+04, 5.446563671875e+04, 5.446563671875e+04, 5.446563671875e+04, 5.446563671875e+04, 5.446563671875e+04, 5.446563671875e+04, 5.446563671875e+04, 5.446563671875e+04, 5.446563671875e+04, 5.446563671875e+04, 5.446563671875e+04, 5.446563671875e+04, 5.446563671875e+04, 5.446563671875e+04, 5.446563671875e+04, 5.446563671875e+04, 5.446563671875e+04, 5.446563671875e+04, 5.446563671875e+04, 5.446563671875e+04, 5.446563671875e+04, 5.446563671875e+04, 5.446563671875e+04, 4.6523203125e+04, 4.570935546875e+04, 4.504914453125e+04, 4.447221875e+04, 4.396933203125e+04, 4.35031171875e+04, 4.3058609375e+04, 4.2633859375e+04, 4.2229515625e+04, 4.184687890625e+04, 4.1487265625e+04, 4.1151921875e+04, 4.08420703125e+04, 4.05587890625e+04, 4.030308203125e+04, 4.007589453125e+04, 3.987801171875e+04, 3.9710140625e+04, 3.9572890625e+04, 3.9466765625e+04, 3.9392125e+04, 3.93492421875e+04, 3.9338265625e+04, 3.93592421875e+04, 3.941210546875e+04, 3.949665625e+04, 3.96125859375e+04, 3.975947265625e+04, 3.993680859375e+04, 4.014394921875e+04, 4.038015625e+04, 4.06445859375e+04, 4.093629296875e+04, 4.1254234375e+04, 4.159728125e+04, 4.196421875e+04, 4.23537265625e+04, 4.276445703125e+04, 4.31949296875e+04, 4.364365234375e+04, 4.410903125e+04]
