last-generated=2025-03-13
statistics-initialization=
{
  "nonlinear": "1",
  "numerical Jacobians": "0"
}
statistics-simulation=
{
  "linear": "0",
  "nonlinear": "1",
  "number of continuous time states": "10",
  "numerical Jacobians": "0"
}
time=[0e+00, 8.4e+04]
boilerControlBus.TSupMea=[3.031499938964844e+02, 3.334871215820312e+02, 3.329949645996094e+02, 3.3299560546875e+02, 3.329966430664062e+02, 3.329978637695312e+02, 3.329992370605469e+02, 3.330006408691406e+02, 3.330020141601562e+02, 3.330032653808594e+02, 3.330043334960938e+02, 3.33005126953125e+02, 3.330056457519531e+02, 3.330057983398438e+02, 3.330056457519531e+02, 3.33005126953125e+02, 3.330043029785156e+02, 3.330032348632812e+02, 3.330019836425781e+02, 3.330005798339844e+02, 3.329991455078125e+02, 3.329977722167969e+02, 3.329965209960938e+02, 3.329955139160156e+02, 3.329947509765625e+02, 3.329942932128906e+02, 3.329942016601562e+02, 3.329944458007812e+02, 3.329949951171875e+02, 3.329958801269531e+02, 3.329969787597656e+02, 3.329982604980469e+02, 3.329996337890625e+02, 3.330010375976562e+02, 3.330023803710938e+02, 3.330035705566406e+02, 3.330045776367188e+02, 3.330053100585938e+02, 3.330057067871094e+02, 3.330057983398438e+02, 3.330055236816406e+02, 3.330049133300781e+02, 3.330040283203125e+02, 3.330028991699219e+02, 3.330015869140625e+02, 3.330001831054688e+02, 3.329987487792969e+02, 3.329974060058594e+02, 3.329962158203125e+02, 3.329952697753906e+02, 3.329945983886719e+02, 3.329942321777344e+02, 3.329942321777344e+02, 3.329945678710938e+02, 3.329952392578125e+02, 3.329961547851562e+02, 3.32997314453125e+02, 3.329986267089844e+02, 3.330000305175781e+02, 3.330014343261719e+02, 3.330027465820312e+02, 3.3300390625e+02, 3.330048217773438e+02, 3.330054626464844e+02, 3.330057678222656e+02, 3.330057373046875e+02, 3.3300537109375e+02, 3.330046997070312e+02, 3.330037536621094e+02, 3.330025329589844e+02, 3.330011901855469e+02, 3.32999755859375e+02, 3.329983520507812e+02, 3.329970397949219e+02, 3.329959106445312e+02, 3.329950561523438e+02, 3.329944458007812e+02, 3.329942016601562e+02, 3.329942932128906e+02, 3.329947204589844e+02, 3.329954528808594e+02, 3.329964599609375e+02, 3.329976806640625e+02, 3.329990234375e+02, 3.330004272460938e+02, 3.330018310546875e+02, 3.330030822753906e+02, 3.330041809082031e+02, 3.330050354003906e+02, 3.330055847167969e+02, 3.330057983398438e+02, 3.330056762695312e+02, 3.330052185058594e+02, 3.330044555664062e+02, 3.3300341796875e+02, 3.330021667480469e+02, 3.330007934570312e+02, 3.329993591308594e+02, 3.329979553222656e+02, 3.329967041015625e+02, 3.329956359863281e+02]
boilerControlBus.TRetMea=[3.031499938964844e+02, 3.273830261230469e+02, 3.272564086914062e+02, 3.270430908203125e+02, 3.268706970214844e+02, 3.267494812011719e+02, 3.266866455078125e+02, 3.266858520507812e+02, 3.267472534179688e+02, 3.268671264648438e+02, 3.270383605957031e+02, 3.272508239746094e+02, 3.274918518066406e+02, 3.277471618652344e+02, 3.280015258789062e+02, 3.282398986816406e+02, 3.284480590820312e+02, 3.286137084960938e+02, 3.287269287109375e+02, 3.287810668945312e+02, 3.287728271484375e+02, 3.287027587890625e+02, 3.285750427246094e+02, 3.28397216796875e+02, 3.281798706054688e+02, 3.279359130859375e+02, 3.276798095703125e+02, 3.274268188476562e+02, 3.271919555664062e+02, 3.269891662597656e+02, 3.268304748535156e+02, 3.26725341796875e+02, 3.266799926757812e+02, 3.266971435546875e+02, 3.267757873535156e+02, 3.269111938476562e+02, 3.270953674316406e+02, 3.273173828125e+02, 3.275639953613281e+02, 3.278205871582031e+02, 3.280718994140625e+02, 3.283030395507812e+02, 3.285002136230469e+02, 3.286517639160156e+02, 3.287486267089844e+02, 3.287851257324219e+02, 3.287590026855469e+02, 3.28671875e+02, 3.285289306640625e+02, 3.28338623046875e+02, 3.281122741699219e+02, 3.278633117675781e+02, 3.276065673828125e+02, 3.273572387695312e+02, 3.271301574707031e+02, 3.269388427734375e+02, 3.267946472167969e+02, 3.267060852050781e+02, 3.266784973144531e+02, 3.267134704589844e+02, 3.268089599609375e+02, 3.269592590332031e+02, 3.271554870605469e+02, 3.273859558105469e+02, 3.27636962890625e+02, 3.278936157226562e+02, 3.281406555175781e+02, 3.283634033203125e+02, 3.285486450195312e+02, 3.286853332519531e+02, 3.28765380859375e+02, 3.287840270996094e+02, 3.287401733398438e+02, 3.286364135742188e+02, 3.284789428710938e+02, 3.282770690917969e+02, 3.280428161621094e+02, 3.277900695800781e+02, 3.275339050292969e+02, 3.272894592285156e+02, 3.270713195800781e+02, 3.268923950195312e+02, 3.267633666992188e+02, 3.266918640136719e+02, 3.2668212890625e+02, 3.267347717285156e+02, 3.268466491699219e+02, 3.270111083984375e+02, 3.272184143066406e+02, 3.274562072753906e+02, 3.277103576660156e+02, 3.279658203125e+02, 3.282073669433594e+02, 3.284206848144531e+02, 3.285930480957031e+02, 3.287142639160156e+02, 3.28777099609375e+02, 3.2877783203125e+02, 3.287164611816406e+02, 3.285965576171875e+02, 3.284253234863281e+02]
boilerControlBus.Efficiency=[9.740291833877563e-01, 9.016847610473633e-01, 9.025660753250122e-01, 9.032811522483826e-01, 9.038521647453308e-01, 9.042498469352722e-01, 9.04454231262207e-01, 9.04455304145813e-01, 9.042531251907349e-01, 9.038575887680054e-01, 9.032886028289795e-01, 9.025754928588867e-01, 9.017565250396729e-01, 9.008775353431702e-01, 8.999897241592407e-01, 8.991469740867615e-01, 8.984024524688721e-01, 8.978699445724487e-01, 8.975301384925842e-01, 8.973692655563354e-01, 8.973959684371948e-01, 8.976088166236877e-01, 8.979963064193726e-01, 8.985925316810608e-01, 8.993690609931946e-01, 9.00229811668396e-01, 9.011208415031433e-01, 9.01988685131073e-01, 9.02783215045929e-01, 9.034604430198669e-01, 9.03984546661377e-01, 9.043285846710205e-01, 9.044754505157471e-01, 9.044180512428284e-01, 9.041591882705688e-01, 9.037116169929504e-01, 9.030980467796326e-01, 9.023504257202148e-01, 9.015093445777893e-01, 9.006224274635315e-01, 8.997419476509094e-01, 8.989220261573792e-01, 8.982147574424744e-01, 8.9775550365448e-01, 8.974653482437134e-01, 8.973576426506042e-01, 8.97438108921051e-01, 8.977024555206299e-01, 8.981364369392395e-01, 8.988028168678284e-01, 8.996087312698364e-01, 9.004836678504944e-01, 9.013734459877014e-01, 9.022251963615417e-01, 9.029904007911682e-01, 9.036271572113037e-01, 9.041021466255188e-01, 9.043911695480347e-01, 9.0447998046875e-01, 9.04364287853241e-01, 9.040497541427612e-01, 9.035519957542419e-01, 9.028964638710022e-01, 9.021177291870117e-01, 9.012584090232849e-01, 9.003678560256958e-01, 8.994991779327393e-01, 8.987062573432922e-01, 8.980661630630493e-01, 8.9765465259552e-01, 8.974155187606812e-01, 8.973613977432251e-01, 8.974953293800354e-01, 8.978099822998047e-01, 8.982982039451599e-01, 8.990229368209839e-01, 8.998540043830872e-01, 9.007387161254883e-01, 9.016228914260864e-01, 9.02454674243927e-01, 9.03187096118927e-01, 9.037806391716003e-01, 9.042044878005981e-01, 9.044373631477356e-01, 9.044677019119263e-01, 9.042941927909851e-01, 9.039252996444702e-01, 9.03379499912262e-01, 9.026848077774048e-01, 9.018783569335938e-01, 9.010049104690552e-01, 9.001150131225586e-01, 8.99262547492981e-01, 8.98500919342041e-01, 8.979321718215942e-01, 8.975680470466614e-01, 8.973808288574219e-01, 8.973805904388428e-01, 8.975673317909241e-01, 8.979309797286987e-01, 8.984914422035217e-01]
boilerControlBus.ThermalPower=[5.305112109375e+04, 2.511964453125e+04, 2.7523482421875e+04, 2.8539736328125e+04, 2.936269921875e+04, 2.994380078125e+04, 3.02485234375e+04, 3.0258751953125e+04, 2.9973876953125e+04, 2.9410830078125e+04, 2.8603048828125e+04, 2.75985546875e+04, 2.6456984375e+04, 2.5246173828125e+04, 2.403805078125e+04, 2.29043984375e+04, 2.1912544921875e+04, 2.1121484375e+04, 2.057806640625e+04, 2.03146875e+04, 2.0347e+04, 2.067305078125e+04, 2.1273474609375e+04, 2.2112599609375e+04, 2.3140529296875e+04, 2.4296357421875e+04, 2.5511216796875e+04, 2.6713048828125e+04, 2.7830421875e+04, 2.8796951171875e+04, 2.9555224609375e+04, 3.00601875e+04, 3.028185546875e+04, 3.020705078125e+04, 2.9840228515625e+04, 2.9203171875e+04, 2.8333712890625e+04, 2.728353125e+04, 2.6115009765625e+04, 2.489755078125e+04, 2.370349609375e+04, 2.260377734375e+04, 2.1663619140625e+04, 2.093919921875e+04, 2.0473228515625e+04, 2.02935078125e+04, 2.041070703125e+04, 2.0817873046875e+04, 2.1490720703125e+04, 2.2389640625e+04, 2.3460646484375e+04, 2.46405390625e+04, 2.5859095703125e+04, 2.704393359375e+04, 2.8124669921875e+04, 2.903708203125001e+04, 2.972696484375e+04, 3.0153333984375e+04, 3.0290873046875e+04, 3.013141015625e+04, 2.9684416015625e+04, 2.897643359375e+04, 2.8049548828125e+04, 2.695880859375e+04, 2.5769009765625e+04, 2.455083984375e+04, 2.337666796875e+04, 2.231625e+04, 2.143264257812499e+04, 2.0778107421875e+04, 2.039187890625e+04, 2.029665625e+04, 2.04981875e+04, 2.098448828125e+04, 2.1726685546875e+04, 2.268062890625e+04, 2.3789625e+04, 2.498791796875e+04, 2.620421875e+04, 2.73663046875e+04, 2.8405126953125e+04, 2.9258958984375e+04, 2.987708984375e+04, 3.02228046875e+04, 3.027553125e+04, 3.00321875e+04, 2.9507197265625e+04, 2.873176171875e+04, 2.7751943359375e+04, 2.66259609375e+04, 2.54206875e+04, 2.4207736328125e+04, 2.3059171875e+04, 2.20432109375e+04, 2.122033984375e+04, 2.0639080078125e+04, 2.033439453125e+04, 2.032415234375e+04, 2.0609021484375e+04, 2.117209375e+04, 2.19799375e+04]
boilerControlBus.fuelPower=[5.446563671875e+04, 2.7858564453125e+04, 3.0494701171875e+04, 3.159562890625e+04, 3.2486173828125e+04, 3.31145234375e+04, 3.344394921875e+04, 3.345521875e+04, 3.314766015625e+04, 3.253923046875e+04, 3.16654609375e+04, 3.057755859375e+04, 2.933938671875e+04, 2.802398046875e+04, 2.670925e+04, 2.5473474609375e+04, 2.439056640625e+04, 2.3523990234375e+04, 2.29274375e+04, 2.2638046875e+04, 2.267337890625e+04, 2.303124609375e+04, 2.3689935546875e+04, 2.4608037109375e+04, 2.5729736328125e+04, 2.69890625e+04, 2.83105390625e+04, 2.9615724609375e+04, 3.0827359375e+04, 3.1874056640625e+04, 3.2694392578125e+04, 3.324033984375e+04, 3.348001953125e+04, 3.339943359375e+04, 3.300329296875e+04, 3.2314703125e+04, 3.137390625e+04, 3.02360703125e+04, 2.8968095703125e+04, 2.7644826171875e+04, 2.6344771484375e+04, 2.5145427734375e+04, 2.411853125e+04, 2.33239453125e+04, 2.281227734375e+04, 2.261473828125e+04, 2.2743302734375e+04, 2.3190171875e+04, 2.3928125e+04, 2.4910515625e+04, 2.6078720703125e+04, 2.7363669921875e+04, 2.8688548828125e+04, 2.9974705078125e+04, 3.114614453125e+04, 3.213391796875001e+04, 3.288009375000001e+04, 3.334103125e+04, 3.34898203125e+04, 3.331778125e+04, 3.28349375e+04, 3.206946875e+04, 3.106618359375e+04, 2.9883916015625e+04, 2.8592255859375e+04, 2.726756640625e+04, 2.5988537109375e+04, 2.4831529296875e+04, 2.386532617187499e+04, 2.314710546875e+04, 2.2722896484375e+04, 2.261815234375e+04, 2.283932421875e+04, 2.337297265625e+04, 2.418649609375e+04, 2.5228087890625e+04, 2.6437203125e+04, 2.774158203125e+04, 2.9063388671875e+04, 3.0324298828125e+04, 3.14498828125e+04, 3.23739609375e+04, 3.304240234375e+04, 3.3416140625e+04, 3.34733125e+04, 3.321063671875e+04, 3.264340234375e+04, 3.180475390625e+04, 3.0743779296875e+04, 2.952278515625e+04, 2.821370703125e+04, 2.6894046875e+04, 2.56423125e+04, 2.45333203125e+04, 2.3632453125e+04, 2.2994447265625e+04, 2.265971484375e+04, 2.264830859375e+04, 2.29609765625e+04, 2.357875390625e+04, 2.446315625e+04]
