last-generated=2026-05-27
statistics-simulation=
{
  "linear": " ",
  "nonlinear": "1, 4, 1",
  "number of continuous time states": "2",
  "numerical Jacobians": "0"
}
time=[0e+00, 3.1536e+07]
modularAHU.QCoo_flow=[0e+00, 0e+00, 0e+00, 0e+00, 0e+00, 0e+00, 0e+00, 0e+00, 0e+00, 0e+00, -1.633759774267673e-02, 0e+00, 0e+00, 0e+00, 0e+00, 0e+00, 0e+00, 0e+00, -4.863611422479153e-04, 0e+00, 0e+00, 0e+00, 0e+00, 0e+00, -4.317585378885269e-03, 0e+00, -1.992201246321201e-03, -7.46604548767209e-03, 0e+00, 0e+00, 0e+00, -6.875617057085037e-03, 0e+00, -1.202616186523438e+03, -1.110909879207611e-03, 0e+00, -1.068045546875e+04, 0e+00, -1.655623364257812e+03, -8.54360293596983e-03, 0e+00, -1.56506166015625e+04, -1.5435633203125e+04, -3.055432080078125e+03, -4.805850390625e+03, 0e+00, 0e+00, -1.9403380078125e+04, -3.778570654296875e+03, -4.444708786010742e+01, 0e+00, -4.79485966796875e+03, -1.560919955381076e+03, -3.592781350016594e-03, -3.551823828125e+03, -1.0324328125e+04, -2.231715e+04, 0e+00, -3.662099072265625e+03, -1.97950224609375e+03, -6.18936376953125e+03, -1.66513125e+04, -3.304498451405983e+02, -1.192583502366138e+03, -1.59248646484375e+04, -6.0430380859375e+03, 0e+00, -7.13008955078125e+03, -5.007395520806313e-03, -4.2056267578125e+03, -1.875074609375e+04, -2.248280507046729e-05, 0e+00, -8.1959828125e+03, -4.601352266035974e-04, 0e+00, -5.556054193820804e+02, 0e+00, 0e+00, -8.791496977210045e-04, 0e+00, -7.96170205078125e+03, 0e+00, -1.317212474532425e-04, -3.211502954363823e-02, 0e+00, 0e+00, -6.330288201570511e-03, 0e+00, 0e+00, -1.49786900728941e-02, 0e+00, -2.811568818287924e-04, -1.23794823884964e-02, 0e+00, 0e+00, 0e+00, 0e+00, 0e+00, 0e+00, 0e+00]
modularAHU.QHea_flow=[1.904463500976562e+03, 3.5042505859375e+03, 1.376249267578125e+03, 1.834045043945312e+02, 1.464022583007812e+03, 1.460132080078125e+03, 4.137092041015625e+02, 3.251071337890625e+03, 2.1054599609375e+03, 2.764251098632812e+02, 1.81860498046875e+03, 3.260026779174805e+01, 2.652747338867187e+03, 4.3236583984375e+03, 4.378909912109375e+02, 3.893862548828125e+03, 2.341248046875e+03, 2.068111865234375e+03, 6.47281201171875e+03, 2.074903533935547e+02, 2.805330150295049e-04, 5.125380615234375e+02, 1.966470434570313e+03, 2.384696854278445e-04, 4.412633151514456e-03, 3.105750732421875e+02, 1.81265315040946e-04, 0e+00, 1.258454299926758e+02, 4.298737731933594e+02, 2.653664909303188e-03, 0e+00, 3.292675397824496e-03, 0e+00, 2.916905446909368e-04, 2.944582141935825e-02, 6.33880966796875e+03, 1.086205559817609e+00, 0e+00, 2.143936231732368e-03, 1.743497792631388e-03, 6.347837109375e+03, 6.34766435546875e+03, 2.112568359375e+03, 0e+00, 1.934321917360649e-04, 4.322693590074778e-03, 6.3468517578125e+03, 2.1121158203125e+03, 0e+00, 1.989293145015836e-03, 2.113485400390625e+03, 0e+00, 2.31992319226265e-02, 2.11359326171875e+03, 6.330724609375e+03, 6.3603669921875e+03, 5.708739208057523e-03, 0e+00, 0e+00, 2.11801318359375e+03, 6.34670224609375e+03, 0e+00, 0e+00, 6.34811689453125e+03, 2.1178505859375e+03, 9.698897367343307e-04, 6.33260498046875e+03, 1.910433056764304e-05, 2.1144037109375e+03, 6.3498134765625e+03, 8.933913803100586e+00, 7.371671241708099e-03, 6.33527490234375e+03, 3.749450296163559e-03, 7.246335968375206e-03, 0e+00, 2.87733506411314e-04, 1.411808178710937e+03, 2.066001525878906e+02, 5.569921970367432e+00, 6.33468779296875e+03, 2.451299499511719e+02, 3.880300000309944e-03, 1.52223750948906e-02, 1.604418182373047e+02, 2.800025451660156e+02, 8.461844408884645e-05, 9.06819580078125e+02, 9.994110107421875e+01, 0e+00, 1.009138110351563e+03, 0e+00, 2.522464375942946e-04, 1.075348266601563e+02, 1.02450048828125e+03, 6.53587158203125e+03, 2.23271943359375e+03, 6.480590939463582e-03, 4.6556501953125e+03, 1.66541259765625e+03]
modularAHU.QHum_flow=[3.566396331787109e+01, 5.336299591064453e+01, 1.163650054931641e+01, 0e+00, 1.053959426879883e+01, 2.85567512512207e+01, 2.21651701927185e+00, 8.133973083496093e+01, 4.419505767822265e+01, 0e+00, 6.196420669555664e+01, 0e+00, 3.864133491516113e+01, 7.425539245605469e+01, 6.699802684783935e+00, 8.765586090087891e+01, 2.409926223754883e+01, 5.140336227416992e+01, 2.194933227539063e+02, 0e+00, 0e+00, 0e+00, 1.577715606689453e+01, 0e+00, 0e+00, 1.058201694488525e+01, 0e+00, 0e+00, 0e+00, 1.346558818817139e+01, 0e+00, 0e+00, 0e+00, 0e+00, 0e+00, 0e+00, 0e+00, 0e+00, 0e+00, 0e+00, 0e+00, 0e+00, 0e+00, 0e+00, 0e+00, 0e+00, 0e+00, 0e+00, 0e+00, 0e+00, 0e+00, 0e+00, 0e+00, 0e+00, 0e+00, 0e+00, 0e+00, 0e+00, 0e+00, 0e+00, 0e+00, 0e+00, 0e+00, 0e+00, 0e+00, 0e+00, 0e+00, 0e+00, 0e+00, 0e+00, 0e+00, 0e+00, 0e+00, 0e+00, 0e+00, 0e+00, 0e+00, 0e+00, 4.81032585144043e+01, 0e+00, 0e+00, 0e+00, 0e+00, 0e+00, 0e+00, 0e+00, 0e+00, 0e+00, 1.742615051269531e+01, 0e+00, 0e+00, 2.599503021240234e+01, 0e+00, 0e+00, 0e+00, 0e+00, 1.395174530029297e+02, 4.302540740966797e+01, 0e+00, 7.573097229003906e+01, 2.905559158325195e+01]
modularAHU.Pel=[1.23456787109375e+03, 3.70370361328125e+03, 3.70370361328125e+03, 1.23456787109375e+03, 3.70370361328125e+03, 1.23456787109375e+03, 1.23456787109375e+03, 3.70370361328125e+03, 1.23456787109375e+03, 1.23456787109375e+03, 3.70370361328125e+03, 1.23456787109375e+03, 3.20987646484375e+03, 3.70370361328125e+03, 1.23456787109375e+03, 3.70370361328125e+03, 3.70370361328125e+03, 1.23456787109375e+03, 3.70370361328125e+03, 3.70370361328125e+03, 1.23456787109375e+03, 3.70370361328125e+03, 3.70370361328125e+03, 1.23456787109375e+03, 3.70370361328125e+03, 1.23456787109375e+03, 1.23456787109375e+03, 3.70370361328125e+03, 1.23456787109375e+03, 1.23456787109375e+03, 3.70370361328125e+03, 1.23456787109375e+03, 3.20987646484375e+03, 3.70370361328125e+03, 1.23456787109375e+03, 3.70370361328125e+03, 3.706104541015625e+03, 1.23456787109375e+03, 3.70370361328125e+03, 3.70370361328125e+03, 1.23456787109375e+03, 3.7087451171875e+03, 3.70869462890625e+03, 1.23526044921875e+03, 3.70370361328125e+03, 1.23456787109375e+03, 1.23456787109375e+03, 3.708457080078125e+03, 1.235128100585938e+03, 1.23456787109375e+03, 3.70370361328125e+03, 1.2355287109375e+03, 3.209718344785896e+03, 3.70370361328125e+03, 1.235560278320313e+03, 3.703739501953125e+03, 3.712410546875e+03, 1.23456787109375e+03, 3.70370361328125e+03, 3.70370361328125e+03, 1.236853271484375e+03, 3.708413330078125e+03, 3.70370361328125e+03, 1.23456787109375e+03, 3.70882705078125e+03, 1.2368056640625e+03, 1.23456787109375e+03, 3.70428955078125e+03, 1.23456787109375e+03, 1.23579736328125e+03, 3.7093232421875e+03, 1.23456787109375e+03, 3.20987646484375e+03, 3.705070458984375e+03, 1.23456787109375e+03, 3.70370361328125e+03, 3.70370361328125e+03, 1.23456787109375e+03, 3.70370361328125e+03, 3.70370361328125e+03, 1.23456787109375e+03, 3.704898779296875e+03, 3.70370361328125e+03, 1.23456787109375e+03, 3.70370361328125e+03, 1.23456787109375e+03, 1.23456787109375e+03, 3.70370361328125e+03, 1.23456787109375e+03, 1.23456787109375e+03, 3.70370361328125e+03, 1.23456787109375e+03, 3.20987646484375e+03, 3.70370361328125e+03, 1.23456787109375e+03, 3.70370361328125e+03, 3.70370361328125e+03, 1.23456787109375e+03, 3.70370361328125e+03, 3.70370361328125e+03, 1.23456787109375e+03]
