last-generated=2019-05-24
statistics-simulation=
{
  "linear": " ",
  "nonlinear": " ",
  "number of continuous time states": "12",
  "numerical Jacobians": "0"
}
dHWHeatExchanger.T_return=[2e+01, 1.839046096801758e+01, 2.184374046325684e+01, 2.447229194641113e+01, 2.635468482971191e+01, 2.77962646484375e+01, 2.892501449584961e+01, 2.981114959716797e+01, 3.050664710998535e+01, 3.10524787902832e+01, 3.148087310791016e+01, 3.181700134277344e+01, 3.208082962036133e+01, 3.228786087036133e+01, 3.245032119750977e+01, 3.257783889770508e+01, 3.267791366577148e+01, 3.275639343261719e+01, 3.281795501708984e+01, 3.286630630493164e+01, 3.29042854309082e+01, 3.293408203125e+01, 3.295744705200195e+01, 3.297578430175781e+01, 3.299018859863281e+01, 3.300150680541992e+01, 3.301037979125977e+01, 3.3017333984375e+01, 3.302279663085938e+01, 3.302709197998047e+01, 3.303046417236328e+01, 3.303310394287109e+01, 3.303517150878906e+01, 3.303680038452148e+01, 3.303808975219727e+01, 3.303910446166992e+01, 3.30399169921875e+01, 3.304055404663086e+01, 3.304106521606445e+01, 3.304146194458008e+01, 3.30417594909668e+01, 3.30419921875e+01, 3.304216003417969e+01, 3.304228973388672e+01, 3.304239273071289e+01, 3.30424690246582e+01, 3.304252624511719e+01, 3.304257583618164e+01, 3.304262161254883e+01, 3.304265975952148e+01, 3.304269409179688e+01, 3.304272079467773e+01, 3.304273986816406e+01, 3.304275131225586e+01, 3.304275894165039e+01, 3.304275894165039e+01, 3.304275512695312e+01, 3.304275894165039e+01, 3.304276275634766e+01, 3.304276275634766e+01, 3.304276657104492e+01, 3.304277038574219e+01, 3.304277038574219e+01, 3.304277420043945e+01, 3.304277420043945e+01, 3.304277420043945e+01, 3.304277420043945e+01, 3.304277420043945e+01, 3.304277038574219e+01, 3.304277038574219e+01, 3.304277038574219e+01, 3.304276657104492e+01, 3.304276657104492e+01, 3.304276657104492e+01, 3.304276275634766e+01, 3.304276275634766e+01, 3.304276275634766e+01, 3.304275894165039e+01, 3.304275894165039e+01, 3.304275894165039e+01, 3.304275512695312e+01, 3.304275512695312e+01, 3.304275512695312e+01, 3.304275131225586e+01, 3.304275131225586e+01, 3.304275131225586e+01, 3.304275131225586e+01, 3.304275131225586e+01, 3.304275131225586e+01, 3.304275131225586e+01, 3.304275131225586e+01, 3.304274749755859e+01, 3.304274749755859e+01, 3.304274749755859e+01, 3.304274749755859e+01, 3.304274749755859e+01, 3.304274749755859e+01, 3.304274749755859e+01, 3.304274749755859e+01, 3.304274749755859e+01, 3.304274749755859e+01]
dHWHeatExchanger.T_DHW=[2e+01, 3.882263565063477e+01, 4.347664260864258e+01, 4.677899932861328e+01, 4.952324676513672e+01, 5.171645355224609e+01, 5.344164276123047e+01, 5.479537963867188e+01, 5.58576545715332e+01, 5.66912727355957e+01, 5.734542083740234e+01, 5.785884094238281e+01, 5.82617301940918e+01, 5.857790756225586e+01, 5.88260498046875e+01, 5.902075958251953e+01, 5.917351913452148e+01, 5.929342651367188e+01, 5.938755035400391e+01, 5.946138763427734e+01, 5.951931762695312e+01, 5.956480026245117e+01, 5.960052108764648e+01, 5.962855911254883e+01, 5.965055084228516e+01, 5.966779708862305e+01, 5.968134307861328e+01, 5.969198989868164e+01, 5.970034408569336e+01, 5.970689392089844e+01, 5.971202850341797e+01, 5.97160530090332e+01, 5.971919631958008e+01, 5.972165679931641e+01, 5.97236328125e+01, 5.972522735595703e+01, 5.972650146484375e+01, 5.972747421264648e+01, 5.972824096679688e+01, 5.972883987426758e+01, 5.972928237915039e+01, 5.972963333129883e+01, 5.972989654541016e+01, 5.973009872436523e+01, 5.973025512695312e+01, 5.973037338256836e+01, 5.973046875e+01, 5.973054122924805e+01, 5.973060607910156e+01, 5.973065948486328e+01, 5.973070907592773e+01, 5.973075485229492e+01, 5.973078536987305e+01, 5.973080444335938e+01, 5.973081207275391e+01, 5.973081588745117e+01, 5.973080825805664e+01, 5.973081207275391e+01, 5.973081588745117e+01, 5.97308235168457e+01, 5.973082733154297e+01, 5.973083114624023e+01, 5.973083114624023e+01, 5.97308349609375e+01, 5.973083877563477e+01, 5.973083877563477e+01, 5.973083877563477e+01, 5.97308349609375e+01, 5.97308349609375e+01, 5.973083114624023e+01, 5.973083114624023e+01, 5.973082733154297e+01, 5.973082733154297e+01, 5.97308235168457e+01, 5.97308235168457e+01, 5.973081970214844e+01, 5.973081970214844e+01, 5.973081588745117e+01, 5.973081588745117e+01, 5.973081588745117e+01, 5.973081207275391e+01, 5.973081207275391e+01, 5.973080825805664e+01, 5.973080825805664e+01, 5.973080444335938e+01, 5.973080444335938e+01, 5.973080444335938e+01, 5.973080444335938e+01, 5.973080062866211e+01, 5.973080062866211e+01, 5.973080062866211e+01, 5.973080062866211e+01, 5.973080062866211e+01, 5.973080062866211e+01, 5.973080062866211e+01, 5.973080062866211e+01, 5.973080062866211e+01, 5.973080062866211e+01, 5.973079681396484e+01, 5.973079681396484e+01, 5.973079681396484e+01]
time=[0e+00, 1e+04]
