last-generated=2026-04-15
statistics-initialization=
{
  "nonlinear": "5, 1, 1, 1",
  "numerical Jacobians": "0"
}
statistics-simulation=
{
  "linear": "0, 0, 0, 0, 0, 0",
  "nonlinear": "1",
  "number of continuous time states": "15",
  "numerical Jacobians": "0"
}
time=[0e+00, 8.64e+04]
vol.T_start=[2.931499938964844e+02, 2.931499938964844e+02]
vol.T=[2.931499938964844e+02, 2.931198120117188e+02, 2.910339965820312e+02, 2.897562255859375e+02, 2.898766174316406e+02, 2.906401977539062e+02, 2.914670104980469e+02, 2.922331848144531e+02, 2.929249877929688e+02, 2.935311279296875e+02, 2.9391455078125e+02, 2.939857177734375e+02, 2.937878723144531e+02, 2.934448852539062e+02, 2.930884704589844e+02, 2.928240966796875e+02, 2.927155456542969e+02, 2.927732849121094e+02, 2.929581604003906e+02, 2.931903991699219e+02, 2.933813171386719e+02, 2.934657592773438e+02, 2.934276123046875e+02, 2.933073425292969e+02, 2.931630249023438e+02, 2.930465698242188e+02, 2.929891052246094e+02, 2.929960327148438e+02, 2.930509033203125e+02, 2.931255493164062e+02, 2.931940002441406e+02, 2.932491760253906e+02, 2.932867431640625e+02, 2.933023986816406e+02, 2.943954467773438e+02, 2.950338745117188e+02, 2.946876525878906e+02, 2.937730102539062e+02, 2.928582153320312e+02, 2.923830261230469e+02, 2.92458251953125e+02, 2.929087524414062e+02, 2.934306945800781e+02, 2.937661743164062e+02, 2.938093566894531e+02, 2.936052856445312e+02, 2.933007202148438e+02, 2.930599670410156e+02, 2.929796447753906e+02, 2.930585021972656e+02, 2.932225646972656e+02, 2.933712463378906e+02, 2.934236450195312e+02, 2.934174194335938e+02, 2.934226684570312e+02, 2.934634399414062e+02, 2.935506591796875e+02, 2.9367529296875e+02, 2.938131408691406e+02, 2.939322814941406e+02, 2.940272521972656e+02, 2.94105712890625e+02, 2.941712951660156e+02, 2.942263488769531e+02, 2.942725830078125e+02, 2.943114318847656e+02, 2.943440856933594e+02, 2.943715209960938e+02, 2.943945617675781e+02, 2.944139404296875e+02, 2.944302368164062e+02, 2.944438781738281e+02, 2.94447998046875e+02, 2.944272155761719e+02, 2.943787231445312e+02, 2.943095092773438e+02, 2.926428833007812e+02, 2.918248901367188e+02, 2.91830078125e+02, 2.923992614746094e+02, 2.931484069824219e+02, 2.937669982910156e+02, 2.940492553710938e+02, 2.939352416992188e+02, 2.935185546875e+02, 2.93013916015625e+02, 2.926538696289062e+02, 2.925676574707031e+02, 2.927487182617188e+02, 2.930829162597656e+02, 2.934028625488281e+02, 2.935687866210938e+02, 2.935216369628906e+02, 2.933057556152344e+02, 2.930459594726562e+02, 2.928657531738281e+02, 2.928308410644531e+02, 2.929349365234375e+02, 2.931120910644531e+02, 2.932709045410156e+02, 2.933398742675781e+02]
temSup.T=[3.231499938964844e+02, 3.124461364746094e+02, 3.0959326171875e+02, 3.117506103515625e+02, 3.146858825683594e+02, 3.162850036621094e+02, 3.174407653808594e+02, 3.1841064453125e+02, 3.192723999023438e+02, 3.197279968261719e+02, 3.194109191894531e+02, 3.18587890625e+02, 3.176258239746094e+02, 3.168456420898438e+02, 3.164331970214844e+02, 3.164281921386719e+02, 3.167439880371094e+02, 3.172129821777344e+02, 3.176438903808594e+02, 3.178837890625e+02, 3.178665771484375e+02, 3.176282958984375e+02, 3.172819213867188e+02, 3.169588317871094e+02, 3.167564086914062e+02, 3.167120056152344e+02, 3.168046264648438e+02, 3.169743041992188e+02, 3.171497802734375e+02, 3.172733154296875e+02, 3.173157043457031e+02, 3.172724914550781e+02, 3.171551513671875e+02, 3.169854125976562e+02, 3.16257080078125e+02, 3.140398864746094e+02, 3.110673217773438e+02, 3.086762084960938e+02, 3.078477783203125e+02, 3.083662414550781e+02, 3.094814758300781e+02, 3.10399169921875e+02, 3.106214294433594e+02, 3.100587463378906e+02, 3.089822082519531e+02, 3.078550720214844e+02, 3.070790100097656e+02, 3.068128967285156e+02, 3.069171752929688e+02, 3.071191711425781e+02, 3.071666259765625e+02, 3.069364929199219e+02, 3.065531921386719e+02, 3.063807983398438e+02, 3.063079833984375e+02, 3.062911071777344e+02, 3.063215942382812e+02, 3.063960876464844e+02, 3.065029602050781e+02, 3.066206359863281e+02, 3.06728759765625e+02, 3.068219299316406e+02, 3.069007873535156e+02, 3.069671630859375e+02, 3.070230102539062e+02, 3.070699462890625e+02, 3.07109375e+02, 3.071425170898438e+02, 3.071703491210938e+02, 3.071937561035156e+02, 3.072134399414062e+02, 3.072299499511719e+02, 3.072423706054688e+02, 3.072425231933594e+02, 3.072220458984375e+02, 3.071791381835938e+02, 3.070197143554688e+02, 3.083356018066406e+02, 3.104598388671875e+02, 3.123850402832031e+02, 3.134490356445312e+02, 3.134089050292969e+02, 3.124287109375e+02, 3.110130615234375e+02, 3.098152465820312e+02, 3.093262939453125e+02, 3.096287231445312e+02, 3.104354248046875e+02, 3.1130908203125e+02, 3.118665771484375e+02, 3.119106140136719e+02, 3.114817504882812e+02, 3.108287048339844e+02, 3.102890014648438e+02, 3.101069641113281e+02, 3.103209838867188e+02, 3.107845153808594e+02, 3.112692565917969e+02, 3.115757446289062e+02, 3.11612548828125e+02, 3.11421630859375e+02]
temRet.T=[3.231499938964844e+02, 3.093933715820312e+02, 3.053481140136719e+02, 3.056252746582031e+02, 3.07749755859375e+02, 3.092917175292969e+02, 3.104159545898438e+02, 3.113604125976562e+02, 3.121954956054688e+02, 3.128455505371094e+02, 3.129190979003906e+02, 3.124778442382812e+02, 3.117686157226562e+02, 3.110691223144531e+02, 3.105825805664062e+02, 3.104032897949219e+02, 3.105185546875e+02, 3.108320922851562e+02, 3.112028198242188e+02, 3.114896850585938e+02, 3.115980224609375e+02, 3.115086059570312e+02, 3.112776184082031e+02, 3.1100634765625e+02, 3.107902526855469e+02, 3.1068603515625e+02, 3.107019653320312e+02, 3.108063049316406e+02, 3.109461975097656e+02, 3.110688781738281e+02, 3.111388854980469e+02, 3.111452026367188e+02, 3.110914916992188e+02, 3.109894104003906e+02, 3.10958251953125e+02, 3.099795532226562e+02, 3.079012145996094e+02, 3.057216491699219e+02, 3.044764404296875e+02, 3.044164123535156e+02, 3.051325073242188e+02, 3.059946899414062e+02, 3.064845275878906e+02, 3.06363525390625e+02, 3.057088928222656e+02, 3.048282470703125e+02, 3.040796813964844e+02, 3.036988830566406e+02, 3.036737060546875e+02, 3.038321533203125e+02, 3.039593200683594e+02, 3.039031677246094e+02, 3.036436767578125e+02, 3.034747924804688e+02, 3.034036560058594e+02, 3.033883056640625e+02, 3.034207153320312e+02, 3.034972839355469e+02, 3.036059875488281e+02, 3.037247314453125e+02, 3.038334350585938e+02, 3.039269714355469e+02, 3.04006103515625e+02, 3.0407275390625e+02, 3.041287841796875e+02, 3.041758728027344e+02, 3.042154541015625e+02, 3.042487182617188e+02, 3.042766418457031e+02, 3.043001403808594e+02, 3.043198852539062e+02, 3.043364562988281e+02, 3.043487243652344e+02, 3.043482971191406e+02, 3.043268432617188e+02, 3.042828063964844e+02, 3.03718505859375e+02, 3.040422058105469e+02, 3.0541162109375e+02, 3.070243835449219e+02, 3.082187194824219e+02, 3.0863671875e+02, 3.082351989746094e+02, 3.072723693847656e+02, 3.062165222167969e+02, 3.055388793945312e+02, 3.054696960449219e+02, 3.05918212890625e+02, 3.065944519042969e+02, 3.071751098632812e+02, 3.074255065917969e+02, 3.072757873535156e+02, 3.068373413085938e+02, 3.063490600585938e+02, 3.060523071289062e+02, 3.060616455078125e+02, 3.06331298828125e+02, 3.067108154296875e+02, 3.070289306640625e+02, 3.07166748046875e+02, 3.071013488769531e+02]
heaPum.refCyc.sigBus.yMea=[3.00000011920929e-01, 3.00000011920929e-01, 4.904598593711853e-01, 8.412814140319824e-01, 1e+00, 1e+00, 1e+00, 1e+00, 1e+00, 9.527423977851868e-01, 8.704529404640198e-01, 7.933846116065979e-01, 7.440022230148315e-01, 7.306118607521057e-01, 7.493680715560914e-01, 7.882149815559387e-01, 8.309773206710815e-01, 8.625193238258362e-01, 8.729545474052429e-01, 8.609278798103333e-01, 8.333356380462646e-01, 8.020321726799011e-01, 7.78670608997345e-01, 7.691155672073364e-01, 7.73335874080658e-01, 7.869047522544861e-01, 8.033962845802307e-01, 8.168724775314331e-01, 8.236673474311829e-01, 8.230661749839783e-01, 8.16655695438385e-01, 8.059498071670532e-01, 7.92607307434082e-01, 7.786939144134521e-01, 6.437547206878653e-01, 4.494437277317055e-01, 3.234417140483856e-01, 3.020038306713104e-01, 3.628487288951874e-01, 4.506225287914276e-01, 5.112414956092834e-01, 5.17167866230011e-01, 4.73115861415863e-01, 4.056011140346527e-01, 3.44917893409729e-01, 3.117614388465881e-01, 3.098448514938354e-01, 3.27419251203537e-01, 3.463699221611023e-01, 3.523171246051788e-01, 3.402703106403351e-01, 3.152021169662476e-01, 3.00000011920929e-01, 3.00000011920929e-01, 3.00000011920929e-01, 3.00000011920929e-01, 3.00000011920929e-01, 3.00000011920929e-01, 3.00000011920929e-01, 3.00000011920929e-01, 3.00000011920929e-01, 3.00000011920929e-01, 3.00000011920929e-01, 3.00000011920929e-01, 3.00000011920929e-01, 3.00000011920929e-01, 3.00000011920929e-01, 3.00000011920929e-01, 3.00000011920929e-01, 3.00000011920929e-01, 3.00000011920929e-01, 3.00000011920929e-01, 3.00000011920929e-01, 3.00000011920929e-01, 3.00000011920929e-01, 3.00000011920929e-01, 3.555706441402435e-01, 5.064197778701782e-01, 6.255690455436707e-01, 6.721817851066589e-01, 6.447850465774536e-01, 5.668715238571167e-01, 4.759332239627838e-01, 4.095841646194458e-01, 3.915408551692963e-01, 4.22152191400528e-01, 4.799566566944122e-01, 5.355580449104309e-01, 5.651989579200745e-01, 5.592101216316223e-01, 5.24901270866394e-01, 4.811654686927795e-01, 4.492637813091278e-01, 4.429366886615753e-01, 4.61662620306015e-01, 4.937602579593658e-01, 5.237320065498352e-01, 5.393120050430298e-01, 5.362644195556641e-01, 5.195338129997253e-01, 4.99784529209137e-01]
