last-generated=2025-06-03
statistics-initialization=
{
  "linear": "2, 59, 2",
  "nonlinear": "0, 4, 0",
  "numerical Jacobians": "0"
}
statistics-simulation=
{
  "linear": "0, 0, 0, 0, 0, 0, 0, 0, 0, 0, 0, 0",
  "nonlinear": "2",
  "number of continuous time states": "69",
  "numerical Jacobians": "0"
}
time=[0e+00, 3.6e+03]
ctrBasic.registerBus.TAirInMea=[2.931499938964844e+02, 2.840597229003906e+02, 2.832325134277344e+02, 2.83157470703125e+02, 2.831506958007812e+02, 2.831500549316406e+02, 2.831499938964844e+02, 2.831499938964844e+02, 2.831499938964844e+02, 2.831499938964844e+02, 2.831499938964844e+02, 2.831499938964844e+02, 2.831499938964844e+02, 2.831499938964844e+02, 2.831499938964844e+02, 2.831499938964844e+02, 2.831499938964844e+02, 2.831499938964844e+02, 2.831499938964844e+02, 2.831499938964844e+02, 2.831499938964844e+02, 2.831499938964844e+02, 2.831499938964844e+02, 2.831499938964844e+02, 2.831499938964844e+02, 2.831499938964844e+02, 2.831499938964844e+02, 2.831499938964844e+02, 2.831499938964844e+02, 2.831499938964844e+02, 2.831499938964844e+02, 2.831499938964844e+02, 2.831499938964844e+02, 2.831499938964844e+02, 2.831499938964844e+02, 2.831499938964844e+02, 2.831499938964844e+02, 2.831499938964844e+02, 2.831499938964844e+02, 2.831499938964844e+02, 2.831499938964844e+02, 2.831499938964844e+02, 2.831499938964844e+02, 2.831499938964844e+02, 2.831499938964844e+02, 2.831499938964844e+02, 2.831499938964844e+02, 2.831499938964844e+02, 2.831499938964844e+02, 2.831499938964844e+02, 2.831499938964844e+02, 2.831499938964844e+02, 2.831499938964844e+02, 2.831499938964844e+02, 2.831499938964844e+02, 2.831499938964844e+02, 2.831499938964844e+02, 2.831499938964844e+02, 2.831499938964844e+02, 2.831499938964844e+02, 2.831499938964844e+02, 2.831499938964844e+02, 2.831499938964844e+02, 2.831499938964844e+02, 2.831499938964844e+02, 2.831499938964844e+02, 2.831499938964844e+02, 2.831499938964844e+02, 2.831499938964844e+02, 2.831499938964844e+02, 2.831499938964844e+02, 2.831499938964844e+02, 2.831499938964844e+02, 2.831499938964844e+02, 2.831499938964844e+02, 2.831499938964844e+02, 2.831499938964844e+02, 2.831499938964844e+02, 2.831499938964844e+02, 2.831499938964844e+02, 2.831499938964844e+02, 2.831499938964844e+02, 2.831499938964844e+02, 2.831499938964844e+02, 2.831499938964844e+02, 2.831499938964844e+02, 2.831499938964844e+02, 2.831499938964844e+02, 2.831499938964844e+02, 2.831499938964844e+02, 2.831499938964844e+02, 2.831499938964844e+02, 2.831499938964844e+02, 2.831499938964844e+02, 2.831499938964844e+02, 2.831499938964844e+02, 2.831499938964844e+02, 2.831499938964844e+02, 2.831499938964844e+02, 2.831499938964844e+02, 2.831499938964844e+02]
ctrBasic.registerBus.TAirOutMea=[2.931499938964844e+02, 2.858081665039062e+02, 2.848233947753906e+02, 2.860308227539062e+02, 2.87576416015625e+02, 2.885580139160156e+02, 2.89307373046875e+02, 2.899319152832031e+02, 2.904417114257812e+02, 2.908670349121094e+02, 2.912281494140625e+02, 2.915299682617188e+02, 2.917809753417969e+02, 2.919899291992188e+02, 2.921642456054688e+02, 2.923101196289062e+02, 2.924325866699219e+02, 2.925358276367188e+02, 2.926231079101562e+02, 2.926971740722656e+02, 2.927601623535156e+02, 2.928139343261719e+02, 2.928598937988281e+02, 2.928993225097656e+02, 2.929331359863281e+02, 2.929622497558594e+02, 2.929873046875e+02, 2.930089416503906e+02, 2.930276489257812e+02, 2.930438232421875e+02, 2.930578002929688e+02, 2.930699157714844e+02, 2.930804138183594e+02, 2.930895385742188e+02, 2.930974426269531e+02, 2.931043090820312e+02, 2.931102600097656e+02, 2.931154174804688e+02, 2.931199035644531e+02, 2.931238403320312e+02, 2.931272277832031e+02, 2.931301879882812e+02, 2.931327514648438e+02, 2.931349792480469e+02, 2.931369323730469e+02, 2.931386413574219e+02, 2.931401062011719e+02, 2.931413879394531e+02, 2.931424865722656e+02, 2.931434631347656e+02, 2.931443176269531e+02, 2.931450500488281e+02, 2.931456909179688e+02, 2.93146240234375e+02, 2.93146728515625e+02, 2.931471557617188e+02, 2.931475219726562e+02, 2.931478576660156e+02, 2.931481323242188e+02, 2.931483764648438e+02, 2.931485595703125e+02, 2.931487731933594e+02, 2.9314892578125e+02, 2.931490783691406e+02, 2.931492004394531e+02, 2.931492919921875e+02, 2.931493835449219e+02, 2.931494750976562e+02, 2.931495361328125e+02, 2.931495971679688e+02, 2.931496276855469e+02, 2.931496887207031e+02, 2.931497192382812e+02, 2.931497497558594e+02, 2.931497802734375e+02, 2.931498107910156e+02, 2.931498413085938e+02, 2.931498718261719e+02, 2.931498718261719e+02, 2.9314990234375e+02, 2.9314990234375e+02, 2.9314990234375e+02, 2.931499328613281e+02, 2.931499328613281e+02, 2.931499328613281e+02, 2.931499633789062e+02, 2.931499633789062e+02, 2.931499633789062e+02, 2.931499633789062e+02, 2.931499633789062e+02, 2.931499633789062e+02, 2.931499938964844e+02, 2.931499938964844e+02, 2.931499938964844e+02, 2.931499938964844e+02, 2.931499938964844e+02, 2.931499938964844e+02, 2.931499938964844e+02, 2.931499938964844e+02, 2.931499938964844e+02, 2.931499938964844e+02]
ctrBasic.registerBus.hydraulicBus.valveSet=[0e+00, 3.606647551059723e-01, 5.126002430915833e-01, 5.756683945655823e-01, 6.051199436187744e-01, 6.39021098613739e-01, 6.697694659233093e-01, 6.956133842468262e-01, 7.178805470466614e-01, 7.368010282516479e-01, 7.526245713233948e-01, 7.660481929779053e-01, 7.775208353996277e-01, 7.873667478561401e-01, 7.958400249481201e-01, 8.031478524208069e-01, 8.094592094421387e-01, 8.149166703224182e-01, 8.196403980255127e-01, 8.237321376800537e-01, 8.272786736488342e-01, 8.303545117378235e-01, 8.330234289169312e-01, 8.353404402732849e-01, 8.373525142669678e-01, 8.391002416610718e-01, 8.406187295913696e-01, 8.419385552406311e-01, 8.430860042572021e-01, 8.440840244293213e-01, 8.449524641036987e-01, 8.457080125808716e-01, 8.463652729988098e-01, 8.469368815422058e-01, 8.474341034889221e-01, 8.478670120239258e-01, 8.482440114021301e-01, 8.485722541809082e-01, 8.488577604293823e-01, 8.491061925888062e-01, 8.493223786354065e-01, 8.495107293128967e-01, 8.496748208999634e-01, 8.498177528381348e-01, 8.499419689178467e-01, 8.500500321388245e-01, 8.501441478729248e-01, 8.502262830734253e-01, 8.502978682518005e-01, 8.50360095500946e-01, 8.504141569137573e-01, 8.504611253738403e-01, 8.505021929740906e-01, 8.505380153656006e-01, 8.505693078041077e-01, 8.505963683128357e-01, 8.50619912147522e-01, 8.506403565406799e-01, 8.506582379341125e-01, 8.506739139556885e-01, 8.50687563419342e-01, 8.506993651390076e-01, 8.507096171379089e-01, 8.507184982299805e-01, 8.507263660430908e-01, 8.507331609725952e-01, 8.507390022277832e-01, 8.507441282272339e-01, 8.507485389709473e-01, 8.507523536682129e-01, 8.507556915283203e-01, 8.507586717605591e-01, 8.507611751556396e-01, 8.507633805274963e-01, 8.507652878761292e-01, 8.507669568061829e-01, 8.507684469223022e-01, 8.507697582244873e-01, 8.50770890712738e-01, 8.507719039916992e-01, 8.507727980613708e-01, 8.507735729217529e-01, 8.507742285728455e-01, 8.507748246192932e-01, 8.507753610610962e-01, 8.507758378982544e-01, 8.507762551307678e-01, 8.507766723632812e-01, 8.507769703865051e-01, 8.50777268409729e-01, 8.507775664329529e-01, 8.50777804851532e-01, 8.507779836654663e-01, 8.507781624794006e-01, 8.50778341293335e-01, 8.507784605026245e-01, 8.507785201072693e-01, 8.507786393165588e-01, 8.507786989212036e-01, 8.507787585258484e-01, 8.507787585258484e-01]
