last-generated=2020-04-27
statistics-initialization=
{
  "nonlinear": "1, 1",
  "numerical Jacobians": "0"
}
statistics-simulation=
{
  "linear": "0, 0",
  "nonlinear": "1, 1",
  "number of continuous time states": "9",
  "numerical Jacobians": "0"
}
demand.senT_supply.T=[2.881499938964844e+02, 2.930965270996094e+02, 2.931038208007812e+02, 2.931045227050781e+02, 2.930992431640625e+02, 2.930863952636719e+02, 2.930632019042969e+02, 2.930324096679688e+02, 2.930190734863281e+02, 2.930470275878906e+02, 2.930790710449219e+02, 2.93096435546875e+02, 2.931038208007812e+02, 2.931045227050781e+02, 2.930992431640625e+02, 2.930864868164062e+02, 2.930632629394531e+02, 2.930326843261719e+02, 2.9301904296875e+02, 2.930469665527344e+02, 2.930791320800781e+02, 2.930964965820312e+02, 2.931038513183594e+02, 2.931045227050781e+02, 2.930993041992188e+02, 2.930865173339844e+02, 2.930632934570312e+02, 2.930325927734375e+02, 2.930190734863281e+02, 2.930469665527344e+02, 2.930790710449219e+02, 2.930964965820312e+02, 2.931037902832031e+02, 2.931044616699219e+02, 2.930993041992188e+02, 2.930863952636719e+02, 2.930632934570312e+02, 2.9303271484375e+02, 2.930190734863281e+02, 2.930468139648438e+02, 2.930791015625e+02, 2.930964050292969e+02, 2.931038208007812e+02, 2.931045532226562e+02, 2.930992431640625e+02, 2.930863952636719e+02, 2.93063232421875e+02, 2.9303271484375e+02, 2.930190734863281e+02, 2.930469055175781e+02, 2.930791320800781e+02, 2.930964965820312e+02, 2.931038208007812e+02, 2.931045227050781e+02, 2.930992126464844e+02, 2.9308642578125e+02, 2.930632934570312e+02, 2.930327453613281e+02, 2.9301904296875e+02, 2.930468444824219e+02, 2.930791320800781e+02, 2.930964965820312e+02, 2.931038818359375e+02, 2.931045227050781e+02, 2.930992431640625e+02, 2.930863952636719e+02, 2.930632934570312e+02, 2.930326843261719e+02, 2.9301904296875e+02, 2.930469665527344e+02, 2.930788879394531e+02, 2.930964050292969e+02, 2.931038208007812e+02, 2.931045227050781e+02, 2.930992431640625e+02, 2.930863037109375e+02, 2.930632629394531e+02, 2.930326538085938e+02, 2.930188598632812e+02, 2.930469055175781e+02, 2.930790710449219e+02, 2.930965270996094e+02, 2.931037902832031e+02, 2.931045227050781e+02, 2.930992431640625e+02, 2.9308642578125e+02, 2.930632934570312e+02, 2.930327453613281e+02, 2.930190734863281e+02, 2.930469665527344e+02, 2.930790710449219e+02, 2.930964965820312e+02, 2.931038208007812e+02, 2.931045227050781e+02, 2.930992126464844e+02, 2.930865173339844e+02, 2.930633239746094e+02, 2.930327453613281e+02, 2.930190734863281e+02, 2.930469360351562e+02, 2.930791320800781e+02]
demand.senT_return.T=[2.881499938964844e+02, 2.831499938964844e+02, 2.831499938964844e+02, 2.831499938964844e+02, 2.831499938964844e+02, 2.831499938964844e+02, 2.831499938964844e+02, 2.831499938964844e+02, 2.831499938964844e+02, 2.831499938964844e+02, 2.831499938964844e+02, 2.831499938964844e+02, 2.831499938964844e+02, 2.831499938964844e+02, 2.831499938964844e+02, 2.831499938964844e+02, 2.831499938964844e+02, 2.831499938964844e+02, 2.831499938964844e+02, 2.831499938964844e+02, 2.831499938964844e+02, 2.831499938964844e+02, 2.831499938964844e+02, 2.831499938964844e+02, 2.831499938964844e+02, 2.831499938964844e+02, 2.831499938964844e+02, 2.831499938964844e+02, 2.831499938964844e+02, 2.831499938964844e+02, 2.831499938964844e+02, 2.831499938964844e+02, 2.831499938964844e+02, 2.831499938964844e+02, 2.831499938964844e+02, 2.831499938964844e+02, 2.831499938964844e+02, 2.831499938964844e+02, 2.831499938964844e+02, 2.831499938964844e+02, 2.831499938964844e+02, 2.831499938964844e+02, 2.831499938964844e+02, 2.831499938964844e+02, 2.831499938964844e+02, 2.831499938964844e+02, 2.831499938964844e+02, 2.831499938964844e+02, 2.831499938964844e+02, 2.831499938964844e+02, 2.831499938964844e+02, 2.831499938964844e+02, 2.831499938964844e+02, 2.831499938964844e+02, 2.831499938964844e+02, 2.831499938964844e+02, 2.831499938964844e+02, 2.831499938964844e+02, 2.831499938964844e+02, 2.831499938964844e+02, 2.831499938964844e+02, 2.831499938964844e+02, 2.831499938964844e+02, 2.831499938964844e+02, 2.831499938964844e+02, 2.831499938964844e+02, 2.831499938964844e+02, 2.831499938964844e+02, 2.831499938964844e+02, 2.831499938964844e+02, 2.831499938964844e+02, 2.831499938964844e+02, 2.831499938964844e+02, 2.831499938964844e+02, 2.831499938964844e+02, 2.831499938964844e+02, 2.831499938964844e+02, 2.831499938964844e+02, 2.831499938964844e+02, 2.831499938964844e+02, 2.831499938964844e+02, 2.831499938964844e+02, 2.831499938964844e+02, 2.831499938964844e+02, 2.831499938964844e+02, 2.831499938964844e+02, 2.831499938964844e+02, 2.831499938964844e+02, 2.831499938964844e+02, 2.831499938964844e+02, 2.831499938964844e+02, 2.831499938964844e+02, 2.831499938964844e+02, 2.831499938964844e+02, 2.831499938964844e+02, 2.831499938964844e+02, 2.831499938964844e+02, 2.831499938964844e+02, 2.831499938964844e+02, 2.831499938964844e+02, 2.831499938964844e+02]
time=[0e+00, 1e+05]
demand.heaPum.P=[9.221328125e+03, 1.04252177734375e+04, 1.19633154296875e+04, 1.19630556640625e+04, 1.04243564453125e+04, 7.9746171875e+03, 5.57452392578125e+03, 4.116681152343749e+03, 4.11845166015625e+03, 5.57733984375e+03, 7.9764130859375e+03, 1.04252431640625e+04, 1.19633095703125e+04, 1.19630576171875e+04, 1.0424357421875e+04, 7.9745947265625e+03, 5.5745146484375e+03, 4.1166826171875e+03, 4.11845263671875e+03, 5.57734912109375e+03, 7.97639453125e+03, 1.0425224609375e+04, 1.196330859375e+04, 1.19630556640625e+04, 1.04243388671875e+04, 7.97458251953125e+03, 5.57450830078125e+03, 4.11667578125e+03, 4.118451660156254e+03, 5.577351562499993e+03, 7.976412109375e+03, 1.04252275390625e+04, 1.19633173828125e+04, 1.1963052734375e+04, 1.0424333984375e+04, 7.97461767578125e+03, 5.57451220703125e+03, 4.11668017578125e+03, 4.1184521484375e+03, 5.57737939453125e+03, 7.97640673828125e+03, 1.04252568359375e+04, 1.19633173828125e+04, 1.19630546875e+04, 1.042435546875e+04, 7.97461328125e+03, 5.5745224609375e+03, 4.1166806640625e+03, 4.11845166015625e+03, 5.57736328125e+03, 7.976400390625e+03, 1.042522265625e+04, 1.1963310546875e+04, 1.19630576171875e+04, 1.0424365234375e+04, 7.974605957031231e+03, 5.574512207031235e+03, 4.116676269531256e+03, 4.118452636718745e+03, 5.57737109375e+03, 7.97639599609375e+03, 1.0425224609375e+04, 1.1963310546875e+04, 1.19630576171875e+04, 1.0424357421875e+04, 7.97461279296875e+03, 5.5745126953125e+03, 4.11668310546875e+03, 4.118453125e+03, 5.5773515625e+03, 7.9764521484375e+03, 1.04252509765625e+04, 1.19633037109375e+04, 1.19630537109375e+04, 1.04243564453125e+04, 7.97463427734375e+03, 5.5745185546875e+03, 4.11668359375e+03, 4.1184482421875e+03, 5.57735107421875e+03, 7.97641552734375e+03, 1.04252197265625e+04, 1.19633193359375e+04, 1.1963052734375e+04, 1.04243564453125e+04, 7.97460986328125e+03, 5.57451318359375e+03, 4.1166767578125e+03, 4.1184501953125e+03, 5.5773486328125e+03, 7.9764140625e+03, 1.042522265625e+04, 1.1963310546875e+04, 1.19630537109375e+04, 1.0424365234375e+04, 7.9745869140625e+03, 5.57450634765625e+03, 4.11667919921875e+03, 4.11845166015625e+03, 5.57735498046875e+03, 7.97639892578125e+03]
demand.port_a.m_flow=[3.529320359230042e-01, 4.926257431507111e-01, 5.599983334541321e-01, 5.600045323371887e-01, 4.92646336555481e-01, 3.827049434185028e-01, 2.715779840946198e-01, 2.022888511419296e-01, 2.022465616464615e-01, 2.715107202529907e-01, 3.826620578765869e-01, 4.926251769065857e-01, 5.599984526634216e-01, 5.600044727325439e-01, 4.926463067531584e-01, 3.827054798603058e-01, 2.715781927108765e-01, 2.02288806438446e-01, 2.022465467453003e-01, 2.71510511636734e-01, 3.826625049114227e-01, 4.926255941390991e-01, 5.599985122680664e-01, 5.600045323371887e-01, 4.926467537879944e-01, 3.827057778835297e-01, 2.715783417224884e-01, 2.022889703512192e-01, 2.022465616464617e-01, 2.715104520320889e-01, 3.826620876789093e-01, 4.926255345344543e-01, 5.599982738494873e-01, 5.600045919418335e-01, 4.926468729972839e-01, 3.827049434185028e-01, 2.715782523155212e-01, 2.022888660430908e-01, 2.022465467453003e-01, 2.715097963809967e-01, 3.826622068881989e-01, 4.92624819278717e-01, 5.599982738494873e-01, 5.600045323371887e-01, 4.926463663578033e-01, 3.827050626277924e-01, 2.715780138969421e-01, 2.022888660430908e-01, 2.022465616464615e-01, 2.715101838111877e-01, 3.826623857021332e-01, 4.926256537437439e-01, 5.599984526634216e-01, 5.600044727325439e-01, 4.926460981369019e-01, 3.827052414417259e-01, 2.715782523155206e-01, 2.022889554500583e-01, 2.022465318441389e-01, 2.71509975194931e-01, 3.826624751091003e-01, 4.926255941390991e-01, 5.599984526634216e-01, 5.600044727325439e-01, 4.926463067531586e-01, 3.827050626277924e-01, 2.715782523155212e-01, 2.022887915372849e-01, 2.022465169429779e-01, 2.715104520320892e-01, 3.826611340045929e-01, 4.92624968290329e-01, 5.599985718727112e-01, 5.600045919418335e-01, 4.92646336555481e-01, 3.827045559883118e-01, 2.715781033039093e-01, 2.022887915372849e-01, 2.022466361522675e-01, 2.715104818344116e-01, 3.826620280742645e-01, 4.926257133483887e-01, 5.599982142448425e-01, 5.600045919418335e-01, 4.92646336555481e-01, 3.827051222324371e-01, 2.715782523155212e-01, 2.02288955450058e-01, 2.022465914487839e-01, 2.71510511636734e-01, 3.826620280742645e-01, 4.926256239414215e-01, 5.599984526634216e-01, 5.600045919418335e-01, 4.926461279392242e-01, 3.827056884765625e-01, 2.715784013271332e-01, 2.022888958454132e-01, 2.022465616464615e-01, 2.715103626251221e-01, 3.826624155044556e-01]
