last-generated=2022-05-23
statistics-initialization=
{
  "nonlinear": "0, 0, 27, 0, 0, 0, 0, 0, 0, 0, 0, 0, 1, 0, 1, 1, 1",
  "numerical Jacobians": "0"
}
statistics-simulation=
{
  "linear": "24",
  "nonlinear": "0, 0, 7, 0, 1, 0, 1, 1, 1",
  "number of continuous time states": "74",
  "numerical Jacobians": "0"
}
time=[0e+00, 1e+03]
pmpNorth.m_flow=[0e+00, 3.935720205307007e+00, 5.780133724212646e+00, 5.809316635131836e+00, 5.690308094024658e+00, 5.605256080627441e+00, 5.558041572570801e+00, 5.541244506835938e+00, 5.548245429992676e+00, 5.572551250457764e+00, 5.607280731201172e+00, 5.646827697753906e+00, 5.681689262390137e+00, 5.721626758575439e+00, 5.762426376342773e+00, 5.800256729125977e+00, 5.834187984466553e+00, 5.86425256729126e+00, 5.890666007995605e+00, 5.913703918457031e+00, 5.933653831481934e+00, 5.950782775878906e+00, 5.965287685394287e+00, 5.977311134338379e+00, 5.987000465393066e+00, 5.994467258453369e+00, 5.999790668487549e+00, 6.390214920043945e+00, 6.807059764862061e+00, 6.980985641479492e+00, 7.000590324401855e+00, 6.958016872406006e+00, 6.904677391052246e+00, 6.857887268066406e+00, 6.819073677062988e+00, 6.785080432891846e+00, 6.752789497375488e+00, 6.716590881347656e+00, 6.678966045379639e+00, 6.641195297241211e+00, 6.599578380584717e+00, 6.552490234375e+00, 6.499238014221191e+00, 6.439386367797852e+00, 6.372347354888916e+00, 6.297480583190918e+00, 6.21408224105835e+00, 6.121385097503662e+00, 6.018558025360107e+00, 5.904716968536377e+00, 5.778936862945557e+00, 4.472194194793701e+00, 1.755363941192627e+00, 5.398569107055664e-01, 1.117142885923386e-01, 2.346642129123211e-02, 1.454489212483168e-02, 1.361456140875816e-02, 1.283970288932323e-02, 1.1906823143363e-02, 1.085835881531239e-02, 9.728363715112209e-03, 8.54862667620182e-03, 7.349268533289433e-03, 6.163456477224827e-03, 5.027046892791986e-03, 3.973916172981262e-03, 3.033403772860765e-03, 2.226750133559108e-03, 1.564002130180597e-03, 1.045721117407084e-03, 6.607429240830243e-04, 3.906384517904371e-04, 2.133595698978752e-04, 1.06076302472502e-04, 4.749051004182547e-05, 1.95247102965368e-05, 8.094164513750002e-06, 3.949679467041278e-06, 3.062986479562824e-06, 3.084518766627298e-06, 2.868598585337168e-06, 2.25778489948425e-06, 1.541386041026271e-06, 9.465696280130942e-07, 5.289442128741939e-07, 2.788131325814902e-07, 1.344073723430483e-07, 6.253620199458965e-08, 2.941222554397882e-08, 1.298447305231321e-08, 5.281236781229381e-09, 2.33541741501142e-09, 1.34282795993812e-09, 8.548419194731594e-10, 5.64133351144136e-10, 4.057109370680934e-10, 3.359099109978558e-10, 3.181228613868825e-10, 3.281166727209239e-10, 3.385360047847286e-10]
pmpSouth.m_flow=[0e+00, 3.541495084762573e+00, 5.228507995605469e+00, 5.277704238891602e+00, 5.183835029602051e+00, 5.115010261535645e+00, 5.076910018920898e+00, 5.063915729522705e+00, 5.070728302001953e+00, 5.092014789581299e+00, 5.122064113616943e+00, 5.155633926391602e+00, 5.186098575592041e+00, 5.221019268035889e+00, 5.256403923034668e+00, 5.289239406585693e+00, 5.31879186630249e+00, 5.345083236694336e+00, 5.368279457092285e+00, 5.388595104217529e+00, 5.40625524520874e+00, 5.421467781066895e+00, 5.434386730194092e+00, 5.445122718811035e+00, 5.453792572021484e+00, 5.460485458374023e+00, 5.465262889862061e+00, 5.777573585510254e+00, 6.105595588684082e+00, 6.243696689605713e+00, 6.263339996337891e+00, 6.234051704406738e+00, 6.194808483123779e+00, 6.159224033355713e+00, 6.1287841796875e+00, 6.101338386535645e+00, 6.074658393859863e+00, 6.046496868133545e+00, 6.015351295471191e+00, 5.982001304626465e+00, 5.945986747741699e+00, 5.90592098236084e+00, 5.860984802246094e+00, 5.81074857711792e+00, 5.754732131958008e+00, 5.692440986633301e+00, 5.623331546783447e+00, 5.546803951263428e+00, 5.462198734283447e+00, 5.368794918060303e+00, 5.265812397003174e+00, 4.085372447967529e+00, 1.604533553123474e+00, 4.9700728058815e-01, 9.889447689056396e-02, 2.17426959425211e-02, 1.353722903877497e-02, 1.255958154797554e-02, 1.181561965495348e-02, 1.097071263939142e-02, 1.003782264888287e-02, 9.035814553499222e-03, 7.986913435161114e-03, 6.913677323609591e-03, 5.842577666044235e-03, 4.804086871445179e-03, 3.828935557976365e-03, 2.945907413959503e-03, 2.178170252591372e-03, 1.53944396879524e-03, 1.034531509503722e-03, 6.562122143805027e-04, 3.890391380991787e-04, 2.128793857991695e-04, 1.059571441146545e-04, 4.746657214127481e-05, 1.95206612261245e-05, 8.209644875023514e-06, 4.3085528886877e-06, 3.564972530512023e-06, 4.118644937989302e-06, 4.6209383981477e-06, 4.082934083271539e-06, 2.884209379772074e-06, 1.781911237230815e-06, 9.946220416168217e-07, 5.222538561611145e-07, 2.503322207303427e-07, 1.156287581238757e-07, 5.391620661043817e-08, 2.357379536022108e-08, 9.490618957386232e-09, 4.153576593779462e-09, 2.364377582608768e-09, 1.491147760823708e-09, 9.758089891676036e-10, 6.966526799878636e-10, 5.732194718888195e-10, 5.400722646875522e-10, 5.547033388175748e-10, 5.703940098022997e-10]
