last-generated=2021-05-11
statistics-simulation=
{
  "linear": "0, 0, 0, 0, 0, 0, 0, 0, 0, 0, 0, 0, 0, 0, 0, 0, 0, 0, 0, 0",
  "nonlinear": " ",
  "number of continuous time states": "40",
  "numerical Jacobians": "0"
}
time=[0e+00, 3.6e+05]
TBorOut.T=[2.931499938964844e+02, 2.981866149902344e+02, 2.982457580566406e+02, 2.982456665039062e+02, 2.982456665039062e+02, 2.982456665039062e+02, 2.982456665039062e+02, 2.982456665039062e+02, 2.982456665039062e+02, 2.982456665039062e+02, 2.982456665039062e+02, 2.982456665039062e+02, 2.982456665039062e+02, 2.982456665039062e+02, 2.982456665039062e+02, 2.982456665039062e+02, 2.982456665039062e+02, 2.982456665039062e+02, 2.982456665039062e+02, 2.982456665039062e+02, 2.982456665039062e+02, 2.982456665039062e+02, 2.982456665039062e+02, 2.982456665039062e+02, 2.982456665039062e+02, 2.982456665039062e+02, 2.982456665039062e+02, 2.982456665039062e+02, 2.982456665039062e+02, 2.982456665039062e+02, 2.982456665039062e+02, 2.982456665039062e+02, 2.982456665039062e+02, 2.982456665039062e+02, 2.982456665039062e+02, 2.982456665039062e+02, 2.982456665039062e+02, 2.982456665039062e+02, 2.982456665039062e+02, 2.982456665039062e+02, 2.982456665039062e+02, 2.982456665039062e+02, 2.982456665039062e+02, 2.982456665039062e+02, 2.982456665039062e+02, 2.982456665039062e+02, 2.982456665039062e+02, 2.982456665039062e+02, 2.982456665039062e+02, 2.982456665039062e+02, 2.982456665039062e+02, 2.982456665039062e+02, 2.982456665039062e+02, 2.982456665039062e+02, 2.982456665039062e+02, 2.982456665039062e+02, 2.982456665039062e+02, 2.982456665039062e+02, 2.982456665039062e+02, 2.982456665039062e+02, 2.982456665039062e+02, 2.982456665039062e+02, 2.982456665039062e+02, 2.982456665039062e+02, 2.982456665039062e+02, 2.982456665039062e+02, 2.982456665039062e+02, 2.982456665039062e+02, 2.982456665039062e+02, 2.982456665039062e+02, 2.982456665039062e+02, 2.982456665039062e+02, 2.982456665039062e+02, 2.982456665039062e+02, 2.982456665039062e+02, 2.982456665039062e+02, 2.982456665039062e+02, 2.982456665039062e+02, 2.982456665039062e+02, 2.982456665039062e+02, 2.982456665039062e+02, 2.982456665039062e+02, 2.982456665039062e+02, 2.982456665039062e+02, 2.982456665039062e+02, 2.982456665039062e+02, 2.982456665039062e+02, 2.982456665039062e+02, 2.982456665039062e+02, 2.982456665039062e+02, 2.982456665039062e+02, 2.982456665039062e+02, 2.982456665039062e+02, 2.982456665039062e+02, 2.982456665039062e+02, 2.982456665039062e+02, 2.982456665039062e+02, 2.982456665039062e+02, 2.982456665039062e+02, 2.982456665039062e+02, 2.982456665039062e+02]
TBorIn.T=[3.031499938964844e+02, 3.031499938964844e+02]
