last-generated=2025-12-23
statistics-initialization=
{
  "nonlinear": "5, 1, 1, 1",
  "numerical Jacobians": "0"
}
statistics-simulation=
{
  "linear": "0, 0, 0, 0, 0, 0",
  "nonlinear": "1",
  "number of continuous time states": "16",
  "numerical Jacobians": "0"
}
time=[0e+00, 8.64e+04]
vol.T_start=[2.931499938964844e+02, 2.931499938964844e+02]
vol.T=[2.931499938964844e+02, 2.930345458984375e+02, 2.896136474609375e+02, 2.87528564453125e+02, 2.89236083984375e+02, 2.908120727539062e+02, 2.914991455078125e+02, 2.925353393554688e+02, 2.935630187988281e+02, 2.939950561523438e+02, 2.93799560546875e+02, 2.932763671875e+02, 2.919027709960938e+02, 2.928799743652344e+02, 2.937587280273438e+02, 2.939167785644531e+02, 2.935340270996094e+02, 2.928544006347656e+02, 2.919873352050781e+02, 2.931880798339844e+02, 2.939616394042969e+02, 2.939761047363281e+02, 2.934732971191406e+02, 2.920824890136719e+02, 2.922376403808594e+02, 2.933458557128906e+02, 2.938963317871094e+02, 2.937770690917969e+02, 2.9326513671875e+02, 2.917655639648438e+02, 2.925865783691406e+02, 2.936536560058594e+02, 2.940207214355469e+02, 2.937471618652344e+02, 2.951399536132812e+02, 2.942707824707031e+02, 2.9423974609375e+02, 2.937513732910156e+02, 2.931563415527344e+02, 2.92869873046875e+02, 2.924684143066406e+02, 2.93016357421875e+02, 2.939419860839844e+02, 2.940171203613281e+02, 2.936063842773438e+02, 2.932324829101562e+02, 2.927085571289062e+02, 2.930341796875e+02, 2.935955505371094e+02, 2.937642822265625e+02, 2.938516845703125e+02, 2.941735229492188e+02, 2.945956420898438e+02, 2.949762878417969e+02, 2.945227966308594e+02, 2.917458190917969e+02, 2.917145080566406e+02, 2.945707397460938e+02, 2.9452587890625e+02, 2.918580627441406e+02, 2.916517028808594e+02, 2.942525024414062e+02, 2.9512060546875e+02, 2.928201293945312e+02, 2.908408813476562e+02, 2.931336975097656e+02, 2.950023803710938e+02, 2.939300537109375e+02, 2.912451171875e+02, 2.920177612304688e+02, 2.944797668457031e+02, 2.948669128417969e+02, 2.923090209960938e+02, 2.910564575195312e+02, 2.935303344726562e+02, 2.950129699707031e+02, 2.925913696289062e+02, 2.92224609375e+02, 2.924056091308594e+02, 2.921751098632812e+02, 2.935606079101562e+02, 2.942703247070312e+02, 2.940767517089844e+02, 2.934081726074219e+02, 2.923502502441406e+02, 2.923797607421875e+02, 2.932838134765625e+02, 2.936682739257812e+02, 2.934757995605469e+02, 2.930757751464844e+02, 2.920470581054688e+02, 2.929008178710938e+02, 2.938376770019531e+02, 2.939117431640625e+02, 2.933714599609375e+02, 2.927677612304688e+02, 2.918834228515625e+02, 2.930305786132812e+02, 2.938584899902344e+02, 2.938753356933594e+02, 2.933616638183594e+02]
temSup.T=[3.231499938964844e+02, 3.136270141601562e+02, 3.037044067382812e+02, 3.109351806640625e+02, 3.139666748046875e+02, 3.159243774414062e+02, 3.163281555175781e+02, 3.184144287109375e+02, 3.194378662109375e+02, 3.191297912597656e+02, 3.181177978515625e+02, 3.169917297363281e+02, 3.162988586425781e+02, 3.184221496582031e+02, 3.189548950195312e+02, 3.183800964355469e+02, 3.173454284667969e+02, 3.09447998046875e+02, 3.168965759277344e+02, 3.186490478515625e+02, 3.188203735351562e+02, 3.179677429199219e+02, 3.167938537597656e+02, 3.143287048339844e+02, 3.171594848632812e+02, 3.185089721679688e+02, 3.184574279785156e+02, 3.175769958496094e+02, 3.165055847167969e+02, 3.151959533691406e+02, 3.177977600097656e+02, 3.186630859375e+02, 3.181849365234375e+02, 3.17013916015625e+02, 3.106834411621093e+02, 3.130759582519531e+02, 3.122496643066406e+02, 3.107585754394531e+02, 3.097636108398438e+02, 3.093931579589844e+02, 3.086620788574219e+02, 3.105567016601562e+02, 3.107692260742188e+02, 3.095059814453125e+02, 3.084869079589844e+02, 3.076775817871094e+02, 3.067825012207031e+02, 3.082115173339844e+02, 3.08202880859375e+02, 3.080079345703125e+02, 3.078287658691406e+02, 3.086650390625e+02, 3.091636962890625e+02, 3.095987548828125e+02, 3.041560668945312e+02, 2.989128417968749e+02, 3.072995605468751e+02, 3.099747619628906e+02, 3.034554443359375e+02, 2.986248168945312e+02, 3.069075317382812e+02, 3.091837768554688e+02, 3.056849365234375e+02, 3.001673889160156e+02, 3.032911071777344e+02, 3.086158752441406e+02, 3.091450500488281e+02, 3.021690673828125e+02, 2.976895751953124e+02, 3.070327453613281e+02, 3.092886657714844e+02, 3.045668334960938e+02, 2.993576354980469e+02, 3.048174743652344e+02, 3.091424560546875e+02, 3.092044677734375e+02, 3.092451171875e+02, 3.099090270996094e+02, 3.10446044921875e+02, 3.117619323730469e+02, 3.13534423828125e+02, 3.131561889648438e+02, 3.116123352050781e+02, 3.101570739746094e+02, 3.089309387207031e+02, 3.109174194335938e+02, 3.121095886230469e+02, 3.119354248046875e+02, 3.110870056152344e+02, 3.102951965332031e+02, 3.094067687988281e+02, 3.1192138671875e+02, 3.1243505859375e+02, 3.115294494628906e+02, 3.104081726074219e+02, 3.097654724121094e+02, 3.103317565917969e+02, 3.124612121582031e+02, 3.1272119140625e+02, 3.117506103515625e+02, 3.10635498046875e+02]
temRet.T=[3.231499938964844e+02, 3.101537170410156e+02, 3.046397094726562e+02, 3.039074096679688e+02, 3.069302062988281e+02, 3.089878845214844e+02, 3.092288208007812e+02, 3.11251220703125e+02, 3.125556945800781e+02, 3.127762756347656e+02, 3.12158447265625e+02, 3.112208557128906e+02, 3.092890930175781e+02, 3.113932495117188e+02, 3.123961791992188e+02, 3.122898864746094e+02, 3.115370483398438e+02, 3.105440063476562e+02, 3.097820434570312e+02, 3.117301025390625e+02, 3.12448974609375e+02, 3.120858764648438e+02, 3.111607971191406e+02, 3.076448974609375e+02, 3.101409606933594e+02, 3.117719421386719e+02, 3.122246704101562e+02, 3.117520446777344e+02, 3.108687438964844e+02, 3.084173889160156e+02, 3.107682495117188e+02, 3.120890197753906e+02, 3.121712646484375e+02, 3.114104919433594e+02, 3.105611267089844e+02, 3.083837585449219e+02, 3.081860656738281e+02, 3.070589904785156e+02, 3.060177917480469e+02, 3.055335388183594e+02, 3.037809753417969e+02, 3.058880004882812e+02, 3.068119201660156e+02, 3.062130432128906e+02, 3.052609252929688e+02, 3.045292358398438e+02, 3.029647216796875e+02, 3.043965148925781e+02, 3.048843383789062e+02, 3.047551879882812e+02, 3.046544189453125e+02, 3.051536865234375e+02, 3.056530151367188e+02, 3.060890197753906e+02, 3.039282836914062e+02, 2.987582702636718e+02, 3.018136901855469e+02, 3.061001892089844e+02, 3.032542724609375e+02, 2.984808349609375e+02, 3.0135791015625e+02, 3.05348388671875e+02, 3.05550537109375e+02, 3.000079650878906e+02, 2.983341674804688e+02, 3.039447326660156e+02, 3.058695983886719e+02, 3.019850463867188e+02, 2.975539855957031e+02, 3.020687255859374e+02, 3.056020202636719e+02, 3.043235473632812e+02, 2.992062377929688e+02, 2.997401123046875e+02, 3.046629638671875e+02, 3.059545593261719e+02, 3.052594604492188e+02, 3.054893493652344e+02, 3.059662170410156e+02, 3.060597839355469e+02, 3.083181457519531e+02, 3.087362670898438e+02, 3.07804443359375e+02, 3.064941711425781e+02, 3.040304260253906e+02, 3.058470764160156e+02, 3.073125305175781e+02, 3.076186828613281e+02, 3.070740966796875e+02, 3.063541259765625e+02, 3.04363525390625e+02, 3.067840576171875e+02, 3.07883056640625e+02, 3.075608215332031e+02, 3.066055908203125e+02, 3.058387756347656e+02, 3.050199279785156e+02, 3.0729345703125e+02, 3.081369323730469e+02, 3.077150573730469e+02, 3.067598266601562e+02]
heaPum.refCyc.sigBus.iceFacHPMea=[1e+00, 1e+00, 8.176945447921753e-01, 9.900000095367432e-01, 9.732758402824402e-01, 9.303413033485413e-01, 1e+00, 9.995250701904297e-01, 9.621338248252869e-01, 9.133841395378113e-01, 8.544386625289917e-01, 7.863413095474243e-01, 1e+00, 9.902637004852295e-01, 9.495644569396972e-01, 8.978453874588013e-01, 8.362345695495605e-01, 9.32816624641421e-01, 1e+00, 9.800389409065247e-01, 9.361302852630615e-01, 8.815304040908813e-01, 8.173336982727051e-01, 1e+00, 1e+00, 9.688794612884521e-01, 9.215900897979736e-01, 8.622952103614807e-01, 7.906808257102963e-01, 1e+00, 9.92006778717041e-01, 9.463626146316528e-01, 8.878284692764282e-01, 8.182424306869507e-01, 8.036478757858327e-01, 1e+00, 9.823095202445984e-01, 9.396098852157593e-01, 8.894041180610657e-01, 8.354348540306091e-01, 1e+00, 1e+00, 9.892746210098267e-01, 9.640876054763794e-01, 9.311409592628479e-01, 8.899196982383728e-01, 1e+00, 1e+00, 9.836024045944214e-01, 9.531521201133728e-01, 9.155811667442322e-01, 9.155811667442322e-01, 9.155811667442322e-01, 9.155811667442322e-01, 1e+00, 1e+00, 1e+00, 1e+00, 1e+00, 1e+00, 1e+00, 9.969481825828552e-01, 9.993716478347778e-01, 1e+00, 1e+00, 1e+00, 9.729058146476746e-01, 1e+00, 1e+00, 1e+00, 9.850274324417116e-01, 1e+00, 1e+00, 1e+00, 9.951420426368713e-01, 9.577329754829407e-01, 9.084601402282715e-01, 8.479462862014771e-01, 7.76774525642395e-01, 1e+00, 9.823043346405029e-01, 9.371520280838013e-01, 8.826771378517151e-01, 8.206362128257751e-01, 1e+00, 1e+00, 9.691004157066345e-01, 9.166034460067749e-01, 8.506534099578857e-01, 7.745341658592224e-01, 1e+00, 9.967072010040283e-01, 9.557791352272034e-01, 9.024041295051575e-01, 8.36525022983551e-01, 7.584226131439209e-01, 1e+00, 9.825122952461243e-01, 9.359200596809387e-01, 8.811060190200806e-01, 8.194494843482971e-01]
