last-generated=2020-07-29
statistics-simulation=
{
  "linear": " ",
  "nonlinear": "1",
  "numerical Jacobians": "1"
}
rampValvePosition.y=[5e-01, 5e-01, 5e-01, 5e-01, 5e-01, 5e-01, 5e-01, 5e-01, 5e-01, 5e-01, 5e-01, 5e-01, 5e-01, 5e-01, 5e-01, 5e-01, 5e-01, 5e-01, 5e-01, 5e-01, 5e-01, 4.760000109672546e-01, 4.519999921321869e-01, 4.280000030994415e-01, 4.040000140666962e-01, 3.799999952316284e-01, 3.560000061988831e-01, 3.319999873638153e-01, 3.079999983310698e-01, 2.840000092983246e-01, 2.599999904632568e-01, 2.360000014305115e-01, 2.119999974966049e-01, 1.879999935626984e-01, 1.640000045299529e-01, 1.400000005960464e-01, 1.159999966621399e-01, 9.200000017881393e-02, 6.800000369548798e-02, 4.399999976158142e-02, 1.999999955296516e-02, 1.999999955296516e-02, 1.999999955296516e-02, 1.999999955296516e-02, 1.999999955296516e-02, 1.999999955296516e-02, 1.999999955296516e-02, 1.999999955296516e-02, 1.999999955296516e-02, 1.999999955296516e-02, 1.999999955296516e-02, 1.999999955296516e-02, 1.999999955296516e-02, 1.999999955296516e-02, 1.999999955296516e-02, 1.999999955296516e-02, 1.999999955296516e-02, 1.999999955296516e-02, 1.999999955296516e-02, 1.999999955296516e-02, 1.999999955296516e-02, 1.999999955296516e-02, 1.999999955296516e-02, 1.999999955296516e-02, 1.999999955296516e-02, 1.999999955296516e-02, 1.999999955296516e-02, 1.999999955296516e-02, 1.999999955296516e-02, 1.999999955296516e-02, 1.999999955296516e-02, 1.999999955296516e-02, 1.999999955296516e-02, 1.999999955296516e-02, 1.999999955296516e-02, 1.999999955296516e-02, 1.999999955296516e-02, 1.999999955296516e-02, 1.999999955296516e-02, 1.999999955296516e-02, 1.999999955296516e-02, 1.999999955296516e-02, 1.999999955296516e-02, 1.999999955296516e-02, 1.999999955296516e-02, 1.999999955296516e-02, 1.999999955296516e-02, 1.999999955296516e-02, 1.999999955296516e-02, 1.999999955296516e-02, 1.999999955296516e-02, 1.999999955296516e-02, 1.999999955296516e-02, 1.999999955296516e-02, 1.999999955296516e-02, 1.999999955296516e-02, 1.999999955296516e-02, 1.999999955296516e-02, 1.999999955296516e-02, 1.999999955296516e-02, 1.999999955296516e-02]
time=[0e+00, 6e+02]
pump.pumpBus.dpSet=[4.872975826263428e+00, 4.872975826263428e+00, 4.872975826263428e+00, 4.872975826263428e+00, 4.872975826263428e+00, 4.872975826263428e+00, 4.872975826263428e+00, 4.872975826263428e+00, 4.872975826263428e+00, 4.872975826263428e+00, 4.872975826263428e+00, 4.872975826263428e+00, 4.872975826263428e+00, 4.872975826263428e+00, 4.872975826263428e+00, 4.872975826263428e+00, 4.872975826263428e+00, 4.872975826263428e+00, 4.872975826263428e+00, 4.872975826263428e+00, 4.872975826263428e+00, 4.816493511199951e+00, 4.755321979522705e+00, 4.689014911651611e+00, 4.618323802947998e+00, 4.541510105133057e+00, 4.458276748657227e+00, 4.369988918304443e+00, 4.273499011993407e+00, 4.165739059448242e+00, 4.047567367553711e+00, 3.922578811645508e+00, 3.78775954246521e+00, 3.645728826522827e+00, 3.477113962173461e+00, 3.211784839630127e+00, 2.927931547164917e+00, 2.666571855545044e+00, 2.42661714553833e+00, 2.206932306289673e+00, 2.006345272064209e+00, 2.006345272064209e+00, 2.006345272064209e+00, 2.006345272064209e+00, 2.006345272064209e+00, 2.006345272064209e+00, 2.006345272064209e+00, 2.006345272064209e+00, 2.006345272064209e+00, 2.006345272064209e+00, 2.006345272064209e+00, 2.006345272064209e+00, 2.006345272064209e+00, 2.006345272064209e+00, 2.006345272064209e+00, 2.006345272064209e+00, 2.006345272064209e+00, 2.006345272064209e+00, 2.006345272064209e+00, 2.006345272064209e+00, 2.006345272064209e+00, 2.006345272064209e+00, 2.006345272064209e+00, 2.006345272064209e+00, 2.006345272064209e+00, 2.006345272064209e+00, 2.006345272064209e+00, 2.006345272064209e+00, 2.006345272064209e+00, 2.006345272064209e+00, 2.006345272064209e+00, 2.006345272064209e+00, 2.006345272064209e+00, 2.006345272064209e+00, 2.006345272064209e+00, 2.006345272064209e+00, 2.006345272064209e+00, 2.006345272064209e+00, 2.006345272064209e+00, 2.006345272064209e+00, 2.006345272064209e+00, 2.006345272064209e+00, 2.006345272064209e+00, 2.006345272064209e+00, 1.85291576385498e+00, 1.85291576385498e+00, 1.85291576385498e+00, 1.85291576385498e+00, 1.85291576385498e+00, 1.85291576385498e+00, 1.85291576385498e+00, 1.85291576385498e+00, 1.85291576385498e+00, 1.85291576385498e+00, 1.85291576385498e+00, 1.85291576385498e+00, 1.85291576385498e+00, 1.85291576385498e+00, 1.85291576385498e+00, 1.85291576385498e+00, 1.85291576385498e+00]
pump.pumpBus.dpMea=[1.243764996528625e+00, 1.243764996528625e+00, 1.243764996528625e+00, 1.243764996528625e+00, 1.243764996528625e+00, 1.243764996528625e+00, 1.243764996528625e+00, 1.243764996528625e+00, 1.243764996528625e+00, 1.243764996528625e+00, 1.243764996528625e+00, 1.243764996528625e+00, 1.243764996528625e+00, 1.243764996528625e+00, 1.243764996528625e+00, 1.243764996528625e+00, 1.243764996528625e+00, 1.243764996528625e+00, 1.243764996528625e+00, 1.243764996528625e+00, 1.243764996528625e+00, 1.321496367454529e+00, 1.405681014060974e+00, 1.496933579444885e+00, 1.597360253334045e+00, 1.706595540046692e+00, 1.825925469398499e+00, 1.959578514099121e+00, 2.105648040771485e+00, 2.260973215103149e+00, 2.429023265838623e+00, 2.621938467025757e+00, 2.839666366577148e+00, 3.100284814834595e+00, 3.343778848648073e+00, 3.211784839630127e+00, 2.927931547164917e+00, 2.666571855545044e+00, 2.42661714553833e+00, 2.206932306289673e+00, 2.006345272064209e+00, 2.006345272064209e+00, 2.006345272064209e+00, 2.006345272064209e+00, 2.006345272064209e+00, 2.006345272064209e+00, 2.006345272064209e+00, 2.006345272064209e+00, 2.006345272064209e+00, 2.006345272064209e+00, 2.006345272064209e+00, 2.006345272064209e+00, 2.006345272064209e+00, 2.006345272064209e+00, 2.006345272064209e+00, 2.006345272064209e+00, 2.006345272064209e+00, 2.006345272064209e+00, 2.006345272064209e+00, 2.006345272064209e+00, 2.006345272064209e+00, 2.006345272064209e+00, 2.006345272064209e+00, 2.006345272064209e+00, 2.006345272064209e+00, 2.006345272064209e+00, 2.006345272064209e+00, 2.006345272064209e+00, 2.006345272064209e+00, 2.006345272064209e+00, 2.006345272064209e+00, 2.006345272064209e+00, 2.006345272064209e+00, 2.006345272064209e+00, 2.006345272064209e+00, 2.006345272064209e+00, 2.006345272064209e+00, 2.006345272064209e+00, 2.006345272064209e+00, 2.006345272064209e+00, 2.006345272064209e+00, 2.006345272064209e+00, 2.006345272064209e+00, 2.006345272064209e+00, 0e+00, 0e+00, 0e+00, 0e+00, 0e+00, 0e+00, 0e+00, 0e+00, 0e+00, 0e+00, 0e+00, 0e+00, 0e+00, 0e+00, 0e+00, 0e+00, 0e+00]
pump.pumpBus.onSet=[1e+00, 1e+00, 1e+00, 1e+00, 1e+00, 1e+00, 1e+00, 1e+00, 1e+00, 1e+00, 1e+00, 1e+00, 1e+00, 1e+00, 1e+00, 1e+00, 1e+00, 1e+00, 1e+00, 1e+00, 1e+00, 1e+00, 1e+00, 1e+00, 1e+00, 1e+00, 1e+00, 1e+00, 1e+00, 1e+00, 1e+00, 1e+00, 1e+00, 1e+00, 1e+00, 1e+00, 1e+00, 1e+00, 1e+00, 1e+00, 1e+00, 1e+00, 1e+00, 1e+00, 1e+00, 1e+00, 1e+00, 1e+00, 1e+00, 1e+00, 1e+00, 1e+00, 1e+00, 1e+00, 1e+00, 1e+00, 1e+00, 1e+00, 1e+00, 1e+00, 1e+00, 1e+00, 1e+00, 1e+00, 1e+00, 1e+00, 1e+00, 1e+00, 1e+00, 1e+00, 1e+00, 1e+00, 1e+00, 1e+00, 1e+00, 1e+00, 1e+00, 1e+00, 1e+00, 1e+00, 1e+00, 1e+00, 1e+00, 1e+00, 0e+00, 0e+00, 0e+00, 0e+00, 0e+00, 0e+00, 0e+00, 0e+00, 0e+00, 0e+00, 0e+00, 0e+00, 0e+00, 0e+00, 0e+00, 0e+00, 0e+00]
