last-generated=2016-05-24
statistics-simulation=
{
  "numerical Jacobians": "0", 
  "nonlinear": "1, 1", 
  "linear": " "
}
wetBulPhiApp.TWetBul=[283.175872802734375, 283.36437987943259031454, 283.03976439146617849474, 282.97467042320181462856, 283.24728396684258768801, 283.61788937551136768889, 284.0124512251213673153, 284.40786741992178576766, 284.79592902337196846929, 285.17346178069448114911, 285.53952020982990234188, 285.89395143673385746297, 286.23712167231661851474, 286.56948868095025773073, 286.89166257868424736444, 287.20419293115304526509, 287.50772105394912614429, 287.80276484040962259314, 288.089874064470166104, 288.36953741918102878117, 288.64224235115051442335, 288.90835588496668151492, 289.16833499149646513615, 289.42251576396688506065, 289.6712342626448730698, 289.914825439453125, 290.1535951956752796832, 290.38778661574230000042, 290.61764523645985036637, 290.84344501062838617145, 291.06536838968219171875, 291.28366083697630983806, 291.49847427334287885969, 291.7099911795563684791, 291.9184264395664172298, 292.12387097102669031301, 292.3264767624356181841, 292.5264281277779332413, 292.72381601139187523586, 292.91876248380810920935, 293.111389045923942831, 293.30181891532254212507, 293.49014306757402437142, 293.67642198642744233439, 293.86077885228576178633, 294.04330465981865927461, 294.22409042592363448421, 294.40316774583692449596, 294.58062763097814240609, 294.75656111209571008658, 294.930999755859375, 295.10403458797094344845, 295.27569612673863730379, 295.44607592446027410915, 295.61517297805289672397, 295.78311137254394225238, 295.94989009706426941193, 296.11553966886805255854, 296.2801516409407440733, 296.44375653089815614294, 296.60638389063313979932, 296.76806617553330625014, 296.92886344884885829742, 297.08877571079807466958, 297.24786399653726221004, 297.40615882342626719037, 297.56368977337086789703, 297.72048924067792086134, 297.8765562850549599716, 298.0319824588373194274, 298.1867372446254762508, 298.34088167736069863167, 298.49438432732875980946, 298.64733857586310250554, 298.79974350726359944019, 298.95159912109375, 299.10296645265526649382, 299.25381498451554307394, 299.40420575183088658378, 299.55416837965276499745, 299.70367413833020009406, 299.85275265003974709543, 300.0014649499407823896, 300.14978052045205458853, 300.29772987955294638596, 300.44534266579154291321, 300.5925901216141369332, 300.73956291821497188721, 300.88620002101987438436, 301.03253194738874753966, 301.17861973255048724241, 301.32443199088368146477, 301.46997046043952650507, 301.61529530625733741545, 301.76037601112375341472, 301.90524309254107038214, 302.04989655062149722653, 302.19436604210176255947, 302.33865328942658834421, 302.48275743099162582439, 302.626678466796875]
wetBulPhi.TWetBul=[283.41241455078125, 283.68728638306151879078, 283.95962525624145200709, 284.22943117034151327971, 284.49682619564009655733, 284.76174924791030207416, 285.0243225447788972815, 285.28451537313321750844, 285.54238896188132912357, 285.79797354173587109472, 286.05130001122057592511, 286.3023986965289964246, 286.55133063283108185715, 286.79809582012217106239, 287.04272459484133150909, 287.28524765867069845626, 287.52572640392446601254, 287.76412959618949116702, 288.00057966536439835181, 288.23501592472882748552, 288.46749871022086608718, 288.69805923249776924422, 288.92672732204295016345, 289.15353384119606516833, 289.3784791239866081014, 289.60162353515625, 289.8229677392806138414, 290.0425412689842232794, 290.26037595067833763096, 290.47647112679953806946, 290.690887196331971154, 290.90365595529158326826, 291.11474624403462030386, 291.32421847607895415422, 291.5320739005039172298, 291.73834240757400948496, 291.94308442474050480087, 292.1462706553285784139, 292.34793100388179709626, 292.54809598819645088952, 292.74676501866656508355, 292.94400031431706565854, 293.13977076352551875971, 293.3341368242839166669, 293.52709965517703949445, 293.71865867463884569588, 293.90887435344882305799, 294.0977173075843325023, 294.28524800311083708948, 294.47146588735665773129, 294.656402587890625, 294.84002702979773857805, 295.02240024867347756299, 295.20352224451778511138, 295.38339194927465314322, 295.56207254145186880123, 295.73953242850200240355, 295.91583264503941563817, 296.09094267388223897797, 296.26489303231898020385, 296.43768269474787757645, 296.60937475487713754774, 296.77993766301506184391, 296.94937141843411154696, 297.11773705650881538531, 297.28503457694807821099, 297.4512629927486386805, 297.61645480309846334421, 297.78057849617670171938, 297.9436951071043608863, 298.10580463580521382028, 298.26690708239186733408, 298.42700149605707338196, 298.58612030279402915767, 298.74429306242637949254, 298.9014892578125, 299.0577394063850533712, 299.21307402557658861042, 299.36746259824559501794, 299.52096524744968064624, 299.6735227678685760111, 299.8252257939889204863, 299.97604380856319039594, 300.125976811806481237, 300.27502480382895555522, 300.42324793850144715179, 300.5706174653641369332, 300.71713249865689476792, 300.86285407317217277523, 301.00775167133195964198, 301.15182529349988271861, 301.29510460550864081597, 301.43759131539667350808, 301.57931508437638967735, 301.72024539479798477259, 301.86038224669471219386, 301.99981719247665523653, 302.13845785600221915956, 302.27636692498788306693, 302.41354357064341229488, 302.54998779296875]
time=[0., 1.]
