last-generated=2021-05-06
statistics-initialization=
{
  "nonlinear": "5",
  "numerical Jacobians": "0"
}
statistics-simulation=
{
  "linear": "0, 0, 0, 0, 0",
  "nonlinear": "1",
  "number of continuous time states": "10",
  "numerical Jacobians": "0"
}
time=[0e+00, 3.1536e+07]
zone.T=[2.931499938964844e+02, 2.936580810546875e+02, 2.951419677734375e+02, 2.933553466796875e+02, 2.943111572265625e+02, 2.932281494140625e+02, 2.931508178710938e+02, 2.942315979003906e+02, 2.951409606933594e+02, 2.947762756347656e+02, 2.931817321777344e+02, 2.951150207519531e+02, 2.931574401855469e+02, 2.94250244140625e+02, 2.950150756835938e+02, 2.931921691894531e+02, 2.944355773925781e+02, 2.950546569824219e+02, 2.932374572753906e+02, 2.934906005859375e+02, 2.933372802734375e+02, 2.935125122070312e+02, 2.935026245117188e+02, 2.931672058105469e+02, 2.936937866210938e+02, 2.935864868164062e+02, 2.931542663574219e+02, 2.931897888183594e+02, 2.942462463378906e+02, 2.967209167480469e+02, 2.974004516601562e+02, 2.972780151367188e+02, 2.973038330078125e+02, 2.972034912109375e+02, 2.974526977539062e+02, 2.974382629394531e+02, 2.974025573730469e+02, 2.974246215820312e+02, 2.974088134765625e+02, 2.974887084960938e+02, 2.97528076171875e+02, 2.975379638671875e+02, 2.9752392578125e+02, 2.975830078125e+02, 2.975099182128906e+02, 2.974816284179688e+02, 2.975858459472656e+02, 2.975862426757812e+02, 2.97521728515625e+02, 2.975988464355469e+02, 2.974871826171875e+02, 2.975801086425781e+02, 2.975681457519531e+02, 2.975059204101562e+02, 2.975872802734375e+02, 2.97644775390625e+02, 2.975877075195312e+02, 2.975962524414062e+02, 2.976087341308594e+02, 2.975819396972656e+02, 2.975243835449219e+02, 2.975371398925781e+02, 2.974706115722656e+02, 2.975226135253906e+02, 2.975242919921875e+02, 2.97474609375e+02, 2.974830017089844e+02, 2.974789428710938e+02, 2.974937438964844e+02, 2.974887390136719e+02, 2.97445068359375e+02, 2.974119567871094e+02, 2.973482055664062e+02, 2.973294982910156e+02, 2.974190673828125e+02, 2.974137268066406e+02, 2.973048400878906e+02, 2.970636291503906e+02, 2.971882019042969e+02, 2.964529724121094e+02, 2.962090759277344e+02, 2.965518188476562e+02, 2.959500427246094e+02, 2.960562744140625e+02, 2.959081726074219e+02, 2.95578125e+02, 2.951430053710938e+02, 2.94006591796875e+02, 2.933769226074219e+02, 2.931611633300781e+02, 2.933987121582031e+02, 2.933777465820312e+02, 2.934728088378906e+02, 2.932039794921875e+02, 2.9318701171875e+02, 2.931719970703125e+02, 2.944154357910156e+02, 2.950885314941406e+02, 2.931631469726562e+02, 2.943244934082031e+02, 2.950049438476562e+02]
heaWat.u=[1e+00, 0e+00, 1e+00, 1e+00, 0e+00, 0e+00, 0e+00, 0e+00, 1e+00, 0e+00, 0e+00, 0e+00, 0e+00, 0e+00, 1e+00, 0e+00, 0e+00, 1e+00, 0e+00, 0e+00, 0e+00, 0e+00, 0e+00, 0e+00, 0e+00, 0e+00, 0e+00, 0e+00, 0e+00, 0e+00, 0e+00, 0e+00, 0e+00, 0e+00, 0e+00, 0e+00, 0e+00, 0e+00, 0e+00, 0e+00, 0e+00, 0e+00, 0e+00, 0e+00, 0e+00, 0e+00, 0e+00, 0e+00, 0e+00, 0e+00, 0e+00, 0e+00, 0e+00, 0e+00, 0e+00, 0e+00, 0e+00, 0e+00, 0e+00, 0e+00, 0e+00, 0e+00, 0e+00, 0e+00, 0e+00, 0e+00, 0e+00, 0e+00, 0e+00, 0e+00, 0e+00, 0e+00, 0e+00, 0e+00, 0e+00, 0e+00, 0e+00, 0e+00, 0e+00, 0e+00, 0e+00, 0e+00, 0e+00, 0e+00, 0e+00, 0e+00, 0e+00, 0e+00, 0e+00, 0e+00, 0e+00, 0e+00, 0e+00, 0e+00, 0e+00, 0e+00, 1e+00, 1e+00, 0e+00, 0e+00, 1e+00]
vavDam.y=[1.000000014901161e-01, 1.000000014901161e-01, 1.000000014901161e-01, 1.000000014901161e-01, 1.000000014901161e-01, 1.000000014901161e-01, 1.000000014901161e-01, 1.000000014901161e-01, 1.000000014901161e-01, 1.000000014901161e-01, 1.000000014901161e-01, 1.000000014901161e-01, 1.000000014901161e-01, 1.000000014901161e-01, 1.000000014901161e-01, 1.000000014901161e-01, 1.000000014901161e-01, 1.000000014901161e-01, 1.000000014901161e-01, 1.000000014901161e-01, 1.000000014901161e-01, 1.000000014901161e-01, 1.000000014901161e-01, 1.000000014901161e-01, 1.000000014901161e-01, 1.000000014901161e-01, 1.000000014901161e-01, 1.000000014901161e-01, 1.000000014901161e-01, 1.000000014901161e-01, 2.504526972770691e-01, 1.280218660831451e-01, 1.538370996713638e-01, 1.000000014901161e-01, 3.027012944221497e-01, 2.882732450962067e-01, 2.525696158409119e-01, 2.746219336986542e-01, 2.588050067424774e-01, 3.387112021446228e-01, 3.780659437179565e-01, 3.879497349262238e-01, 3.739241659641266e-01, 4.33022528886795e-01, 3.599127233028412e-01, 3.31633448600769e-01, 4.358504414558411e-01, 4.362563490867615e-01, 3.717366755008698e-01, 4.488534331321716e-01, 3.371928632259369e-01, 4.301144182682037e-01, 4.181356132030487e-01, 3.559118211269379e-01, 4.372789859771729e-01, 4.947638213634491e-01, 4.376954734325409e-01, 4.462640583515167e-01, 4.58723396062851e-01, 4.3194380402565e-01, 3.743899464607239e-01, 3.871419131755829e-01, 3.206197619438171e-01, 3.726039230823517e-01, 3.742802143096924e-01, 3.246155083179474e-01, 3.330027461051941e-01, 3.289371430873871e-01, 3.43753308057785e-01, 3.387488424777985e-01, 2.950791716575623e-01, 2.619621157646179e-01, 1.981987804174423e-01, 1.7949278652668e-01, 2.690524458885193e-01, 2.637243866920471e-01, 1.548378318548203e-01, 1.000000014901161e-01, 1.000000014901161e-01, 1.000000014901161e-01, 1.000000014901161e-01, 1.000000014901161e-01, 1.000000014901161e-01, 1.000000014901161e-01, 1.000000014901161e-01, 1.000000014901161e-01, 1.000000014901161e-01, 1.000000014901161e-01, 1.000000014901161e-01, 1.000000014901161e-01, 1.000000014901161e-01, 1.000000014901161e-01, 1.000000014901161e-01, 1.000000014901161e-01, 1.000000014901161e-01, 1.000000014901161e-01, 1.000000014901161e-01, 1.000000014901161e-01, 1.000000014901161e-01, 1.000000014901161e-01, 1.000000014901161e-01]
fan.sta_a.T=[2.883200073242188e+02, 2.904280090332031e+02, 2.885890502929688e+02, 2.905953369140625e+02, 2.914579772949219e+02, 2.90471435546875e+02, 2.893809204101562e+02, 2.894793395996094e+02, 2.892622985839844e+02, 2.911472473144531e+02, 2.883469848632812e+02, 2.915404357910156e+02, 2.900222473144531e+02, 2.909185485839844e+02, 2.903585205078125e+02, 2.90350830078125e+02, 2.909757385253906e+02, 2.917869567871094e+02, 2.910643615722656e+02, 2.915366821289062e+02, 2.902191772460938e+02, 2.915535888671875e+02, 2.905046081542969e+02, 2.902582702636719e+02, 2.924852905273438e+02, 2.910159912109375e+02, 2.901728515625e+02, 2.913694458007812e+02, 2.920591430664062e+02, 2.97022216796875e+02, 2.949328918457031e+02, 2.950688171386719e+02, 2.949390563964844e+02, 2.959174499511719e+02, 2.961604919433594e+02, 2.954600219726562e+02, 2.959786987304688e+02, 2.946870422363281e+02, 2.964678649902344e+02, 2.969415283203125e+02, 2.952813415527344e+02, 2.982254943847656e+02, 2.966038208007812e+02, 2.979476623535156e+02, 2.962223205566406e+02, 2.965768737792969e+02, 2.962604675292969e+02, 2.985108032226562e+02, 2.948569030761719e+02, 2.973911437988281e+02, 2.972566223144531e+02, 2.973014831542969e+02, 2.968691101074219e+02, 2.978995361328125e+02, 2.976356811523438e+02, 2.979755554199219e+02, 2.981031188964844e+02, 2.967643127441406e+02, 2.979931640625e+02, 2.976788330078125e+02, 2.957882385253906e+02, 2.974443054199219e+02, 2.967667846679688e+02, 2.963309326171875e+02, 2.979713745117188e+02, 2.966609191894531e+02, 2.968990478515625e+02, 2.969129638671875e+02, 2.965253295898438e+02, 2.967495727539062e+02, 2.962158203125e+02, 2.966826782226562e+02, 2.955990295410156e+02, 2.966191711425781e+02, 2.959070129394531e+02, 2.96024169921875e+02, 2.960367431640625e+02, 2.94424560546875e+02, 2.953692626953125e+02, 2.939766845703125e+02, 2.936651916503906e+02, 2.944252014160156e+02, 2.932407531738281e+02, 2.937657470703125e+02, 2.955512084960938e+02, 2.942088928222656e+02, 2.920990600585938e+02, 2.925060119628906e+02, 2.906809387207031e+02, 2.897332153320312e+02, 2.892814025878906e+02, 2.886459655761719e+02, 2.902495422363281e+02, 2.908222045898438e+02, 2.890638732910156e+02, 2.900787048339844e+02, 2.9021533203125e+02, 2.909700012207031e+02, 2.896880187988281e+02, 2.904225769042969e+02, 2.908791809082031e+02]
fan.sta_b.T=[2.886552734375e+02, 2.907632751464844e+02, 2.8892431640625e+02, 2.909306030273438e+02, 2.917932434082031e+02, 2.908066711425781e+02, 2.897161865234375e+02, 2.898146057128906e+02, 2.895975646972656e+02, 2.914825134277344e+02, 2.886822509765625e+02, 2.918757019042969e+02, 2.903575134277344e+02, 2.912538146972656e+02, 2.906937866210938e+02, 2.906860961914062e+02, 2.913110046386719e+02, 2.921222229003906e+02, 2.913995971679688e+02, 2.918719482421875e+02, 2.90554443359375e+02, 2.918888549804688e+02, 2.908398742675781e+02, 2.905935363769531e+02, 2.92820556640625e+02, 2.913512573242188e+02, 2.905081176757812e+02, 2.917046813964844e+02, 2.923944091796875e+02, 2.973574829101562e+02, 2.952681579589844e+02, 2.954040832519531e+02, 2.952743225097656e+02, 2.962527160644531e+02, 2.964957580566406e+02, 2.957952880859375e+02, 2.963139343261719e+02, 2.950222778320312e+02, 2.968031311035156e+02, 2.972767944335938e+02, 2.956166076660156e+02, 2.985607604980469e+02, 2.969390869140625e+02, 2.982829284667969e+02, 2.965575866699219e+02, 2.969121398925781e+02, 2.965957336425781e+02, 2.988460693359375e+02, 2.95192138671875e+02, 2.977264099121094e+02, 2.975918884277344e+02, 2.976367492675781e+02, 2.972043762207031e+02, 2.982347717285156e+02, 2.97970947265625e+02, 2.983108215332031e+02, 2.984383544921875e+02, 2.970995788574219e+02, 2.983284301757812e+02, 2.980140686035156e+02, 2.961235046386719e+02, 2.977795715332031e+02, 2.9710205078125e+02, 2.966661987304688e+02, 2.98306640625e+02, 2.969961853027344e+02, 2.972343139648438e+02, 2.972482299804688e+02, 2.96860595703125e+02, 2.970848388671875e+02, 2.965510864257812e+02, 2.970179443359375e+02, 2.959342956542969e+02, 2.969544372558594e+02, 2.962422790527344e+02, 2.963594360351562e+02, 2.963719787597656e+02, 2.947598266601562e+02, 2.957045288085938e+02, 2.943119506835938e+02, 2.940004577636719e+02, 2.947604675292969e+02, 2.935759887695312e+02, 2.941010131835938e+02, 2.958864440917969e+02, 2.945441589355469e+02, 2.92434326171875e+02, 2.928412780761719e+02, 2.910162048339844e+02, 2.900684814453125e+02, 2.896166687011719e+02, 2.889812316894531e+02, 2.905848083496094e+02, 2.91157470703125e+02, 2.893991394042969e+02, 2.904139709472656e+02, 2.905505981445312e+02, 2.913052673339844e+02, 2.900232849121094e+02, 2.907578430175781e+02, 2.912144470214844e+02]
