last-generated=2021-05-11
statistics-initialization=
{
  "nonlinear": "1",
  "numerical Jacobians": "0"
}
statistics-simulation=
{
  "linear": " ",
  "nonlinear": " ",
  "number of continuous time states": "6",
  "numerical Jacobians": "0"
}
time=[0e+00, 1.2e+03]
con1.u_s=[3.031499938964844e+02, 3.031499938964844e+02, 3.031499938964844e+02, 3.031499938964844e+02, 3.031499938964844e+02, 3.031499938964844e+02, 3.031499938964844e+02, 3.031499938964844e+02, 3.031499938964844e+02, 3.031499938964844e+02, 3.031499938964844e+02, 2.981499938964844e+02, 2.981499938964844e+02, 2.981499938964844e+02, 2.981499938964844e+02, 2.981499938964844e+02, 2.981499938964844e+02, 2.981499938964844e+02, 2.981499938964844e+02, 2.981499938964844e+02, 2.981499938964844e+02, 2.981499938964844e+02, 2.981499938964844e+02, 2.981499938964844e+02, 2.981499938964844e+02, 2.981499938964844e+02, 2.981499938964844e+02, 2.981499938964844e+02, 2.981499938964844e+02, 2.981499938964844e+02, 2.981499938964844e+02, 2.981499938964844e+02, 2.981499938964844e+02, 2.981499938964844e+02, 2.981499938964844e+02, 2.981499938964844e+02, 2.981499938964844e+02, 2.981499938964844e+02, 2.981499938964844e+02, 2.981499938964844e+02, 2.981499938964844e+02, 2.981499938964844e+02, 2.981499938964844e+02, 2.981499938964844e+02, 2.981499938964844e+02, 2.981499938964844e+02, 2.981499938964844e+02, 2.981499938964844e+02, 2.981499938964844e+02, 2.981499938964844e+02, 2.981499938964844e+02, 2.981499938964844e+02, 2.981499938964844e+02, 2.981499938964844e+02, 2.981499938964844e+02, 2.981499938964844e+02, 2.981499938964844e+02, 2.981499938964844e+02, 2.981499938964844e+02, 2.981499938964844e+02, 2.981499938964844e+02, 2.981499938964844e+02, 2.981499938964844e+02, 2.981499938964844e+02, 2.981499938964844e+02, 2.981499938964844e+02, 2.981499938964844e+02, 2.981499938964844e+02, 2.981499938964844e+02, 2.981499938964844e+02, 2.981499938964844e+02, 2.981499938964844e+02, 2.981499938964844e+02, 2.981499938964844e+02, 2.981499938964844e+02, 2.981499938964844e+02, 2.981499938964844e+02, 2.981499938964844e+02, 2.981499938964844e+02, 2.981499938964844e+02, 2.981499938964844e+02, 2.981499938964844e+02, 2.981499938964844e+02, 2.981499938964844e+02, 2.981499938964844e+02, 2.981499938964844e+02, 2.981499938964844e+02, 2.981499938964844e+02, 2.981499938964844e+02, 2.981499938964844e+02, 2.981499938964844e+02, 2.981499938964844e+02, 2.981499938964844e+02, 2.981499938964844e+02, 2.981499938964844e+02, 2.981499938964844e+02, 2.981499938964844e+02, 2.981499938964844e+02, 2.981499938964844e+02, 2.981499938964844e+02, 2.981499938964844e+02]
con1.u_m=[2.931499938964844e+02, 3.031156005859375e+02, 3.031387634277344e+02, 3.031463317871094e+02, 3.031488037109375e+02, 3.031495971679688e+02, 3.031498718261719e+02, 3.031499633789062e+02, 3.031499938964844e+02, 3.031499938964844e+02, 3.031499938964844e+02, 2.982659301757812e+02, 2.981878967285156e+02, 2.981623840332031e+02, 2.98154052734375e+02, 2.981513366699219e+02, 2.981504211425781e+02, 2.98150146484375e+02, 2.981500549316406e+02, 2.981500244140625e+02, 2.981499938964844e+02, 2.981499938964844e+02, 2.981499938964844e+02, 2.981499938964844e+02, 2.981499938964844e+02, 2.981499938964844e+02, 2.981499938964844e+02, 2.981499938964844e+02, 2.981499938964844e+02, 2.981499938964844e+02, 2.981499938964844e+02, 2.981499938964844e+02, 2.981499938964844e+02, 2.981499938964844e+02, 2.981499938964844e+02, 2.981499938964844e+02, 2.981499938964844e+02, 2.981499938964844e+02, 2.981499938964844e+02, 2.981499938964844e+02, 2.981499938964844e+02, 2.981499938964844e+02, 2.981499938964844e+02, 2.981499938964844e+02, 2.981499938964844e+02, 2.981499938964844e+02, 2.981499938964844e+02, 2.981499938964844e+02, 2.981499938964844e+02, 2.981499938964844e+02, 2.981499938964844e+02, 2.981499938964844e+02, 2.981499938964844e+02, 2.981499938964844e+02, 2.981499938964844e+02, 2.981499938964844e+02, 2.981499938964844e+02, 2.981499938964844e+02, 2.981499938964844e+02, 2.981499938964844e+02, 2.981499938964844e+02, 2.981499938964844e+02, 2.981499938964844e+02, 2.981499938964844e+02, 2.981499938964844e+02, 2.981499938964844e+02, 2.981499938964844e+02, 2.981499938964844e+02, 2.981499938964844e+02, 2.981499938964844e+02, 2.981499938964844e+02, 2.981499938964844e+02, 2.981499938964844e+02, 2.981499938964844e+02, 2.981499938964844e+02, 2.981499938964844e+02, 2.981499938964844e+02, 2.981499938964844e+02, 2.981499938964844e+02, 2.981499938964844e+02, 2.981499938964844e+02, 2.981499938964844e+02, 2.981499938964844e+02, 2.981499938964844e+02, 2.981499938964844e+02, 2.981499938964844e+02, 2.981499938964844e+02, 2.981499938964844e+02, 2.981499938964844e+02, 2.981499938964844e+02, 2.981499938964844e+02, 2.981499938964844e+02, 2.981499938964844e+02, 2.981499938964844e+02, 2.981499938964844e+02, 2.981499938964844e+02, 2.981499938964844e+02, 2.981499938964844e+02, 2.981499938964844e+02, 2.981499938964844e+02, 2.981499938964844e+02]
con2.u_m=[2.931499938964844e+02, 3.03138671875e+02, 3.031283264160156e+02, 3.031324462890625e+02, 3.031382446289062e+02, 3.031421203613281e+02, 3.031447143554688e+02, 3.031464538574219e+02, 3.031476135253906e+02, 3.031484069824219e+02, 3.0314892578125e+02, 3.006928100585938e+02, 2.985889892578125e+02, 2.975452575683594e+02, 2.97349365234375e+02, 2.975818481445312e+02, 2.979009704589844e+02, 2.981310424804688e+02, 2.982339782714844e+02, 2.982437744140625e+02, 2.982110900878906e+02, 2.98173583984375e+02, 2.981487731933594e+02, 2.981389465332031e+02, 2.981392211914062e+02, 2.981435546875e+02, 2.981478576660156e+02, 2.981504821777344e+02, 2.981513671875e+02, 2.981512145996094e+02, 2.981506652832031e+02, 2.981501770019531e+02, 2.981499328613281e+02, 2.981498413085938e+02, 2.981498718261719e+02, 2.981499328613281e+02, 2.981499938964844e+02, 2.981499938964844e+02, 2.981499938964844e+02, 2.981499938964844e+02, 2.981499938964844e+02, 2.981499938964844e+02, 2.981499938964844e+02, 2.981499938964844e+02, 2.981499938964844e+02, 2.981499938964844e+02, 2.981499938964844e+02, 2.981499938964844e+02, 2.981499938964844e+02, 2.981499938964844e+02, 2.981499938964844e+02, 2.981499938964844e+02, 2.981499938964844e+02, 2.981499938964844e+02, 2.981499938964844e+02, 2.981499938964844e+02, 2.981499938964844e+02, 2.981499938964844e+02, 2.981499938964844e+02, 2.981499938964844e+02, 2.981499938964844e+02, 2.981499938964844e+02, 2.981499938964844e+02, 2.981499938964844e+02, 2.981499938964844e+02, 2.981499938964844e+02, 2.981499938964844e+02, 2.981499938964844e+02, 2.981499938964844e+02, 2.981499938964844e+02, 2.981499938964844e+02, 2.981499938964844e+02, 2.981499938964844e+02, 2.981499938964844e+02, 2.981499938964844e+02, 2.981499938964844e+02, 2.981499938964844e+02, 2.981499938964844e+02, 2.981499938964844e+02, 2.981499938964844e+02, 2.981499938964844e+02, 2.981499938964844e+02, 2.981499938964844e+02, 2.981499938964844e+02, 2.981499938964844e+02, 2.981499938964844e+02, 2.981499938964844e+02, 2.981499938964844e+02, 2.981499938964844e+02, 2.981499938964844e+02, 2.981499938964844e+02, 2.981499938964844e+02, 2.981499938964844e+02, 2.981499938964844e+02, 2.981499938964844e+02, 2.981499938964844e+02, 2.981499938964844e+02, 2.981499938964844e+02, 2.981499938964844e+02, 2.981499938964844e+02, 2.981499938964844e+02]
con1.y=[0e+00, 2.505208132788539e-03, 8.185607148334384e-04, 2.67446885118261e-04, 8.740564226172864e-05, 2.859711639757734e-05, 9.353326277050655e-06, 3.038764134544177e-06, 9.638691835789359e-07, 3.091785174547113e-07, 8.253144301306747e-08, 3.937478363513947e-01, 3.994495272636414e-01, 4.013127684593201e-01, 4.019219875335693e-01, 4.021211266517639e-01, 4.021861851215363e-01, 4.022074341773987e-01, 4.022144377231598e-01, 4.022167325019836e-01, 4.022174775600433e-01, 4.022177159786224e-01, 4.022178053855896e-01, 4.02217835187912e-01, 4.02217835187912e-01, 4.02217835187912e-01, 4.02217835187912e-01, 4.02217835187912e-01, 4.02217835187912e-01, 4.02217835187912e-01, 4.02217835187912e-01, 4.02217835187912e-01, 4.02217835187912e-01, 4.02217835187912e-01, 4.02217835187912e-01, 4.02217835187912e-01, 4.02217835187912e-01, 4.02217835187912e-01, 4.02217835187912e-01, 4.02217835187912e-01, 4.02217835187912e-01, 4.02217835187912e-01, 4.02217835187912e-01, 4.02217835187912e-01, 4.02217835187912e-01, 4.02217835187912e-01, 4.02217835187912e-01, 4.02217835187912e-01, 4.02217835187912e-01, 4.02217835187912e-01, 4.02217835187912e-01, 4.02217835187912e-01, 4.02217835187912e-01, 4.02217835187912e-01, 4.02217835187912e-01, 4.02217835187912e-01, 4.02217835187912e-01, 4.02217835187912e-01, 4.02217835187912e-01, 4.02217835187912e-01, 4.02217835187912e-01, 4.02217835187912e-01, 4.02217835187912e-01, 4.02217835187912e-01, 4.02217835187912e-01, 4.02217835187912e-01, 4.02217835187912e-01, 4.02217835187912e-01, 4.02217835187912e-01, 4.02217835187912e-01, 4.02217835187912e-01, 4.02217835187912e-01, 4.02217835187912e-01, 4.02217835187912e-01, 4.02217835187912e-01, 4.02217835187912e-01, 4.02217835187912e-01, 4.02217835187912e-01, 4.02217835187912e-01, 4.02217835187912e-01, 4.02217835187912e-01, 4.02217835187912e-01, 4.02217835187912e-01, 4.02217835187912e-01, 4.02217835187912e-01, 4.02217835187912e-01, 4.02217835187912e-01, 4.02217835187912e-01, 4.02217835187912e-01, 4.02217835187912e-01, 4.02217835187912e-01, 4.02217835187912e-01, 4.02217835187912e-01, 4.02217835187912e-01, 4.02217835187912e-01, 4.02217835187912e-01, 4.02217835187912e-01, 4.02217835187912e-01, 4.02217835187912e-01, 4.02217835187912e-01, 4.02217835187912e-01]
con2.y=[0e+00, 4.956390708684921e-03, 1.739308820106089e-03, 0e+00, 0e+00, 0e+00, 0e+00, 0e+00, 0e+00, 0e+00, 0e+00, 7.178774476051331e-01, 6.764243841171265e-01, 5.518076419830322e-01, 4.4148513674736e-01, 3.80314826965332e-01, 3.635153472423553e-01, 3.717103302478791e-01, 3.870716691017151e-01, 3.993836045265198e-01, 4.056040644645691e-01, 4.068582952022552e-01, 4.055598974227905e-01, 4.037110805511475e-01, 4.023584723472595e-01, 4.017448127269745e-01, 4.016751646995544e-01, 4.018590450286865e-01, 4.020744264125824e-01, 4.022199213504791e-01, 4.022799432277679e-01, 4.022797644138336e-01, 4.022548496723175e-01, 4.022313058376312e-01, 4.022167026996613e-01, 4.022109508514404e-01, 4.022113978862762e-01, 4.022155702114105e-01, 4.022184610366821e-01, 4.022189378738403e-01, 4.022179543972015e-01, 4.022170603275299e-01, 4.022170901298523e-01, 4.022176861763e-01, 4.022181928157806e-01, 4.022182822227478e-01, 4.022180736064911e-01, 4.022177457809448e-01, 4.022173881530762e-01, 4.022170305252075e-01, 4.022168219089508e-01, 4.022168219089508e-01, 4.022168517112732e-01, 4.022170305252075e-01, 4.022173583507538e-01, 4.022176265716553e-01, 4.022178649902344e-01, 4.022180438041687e-01, 4.022181332111359e-01, 4.02218222618103e-01, 4.02218222618103e-01, 4.022181630134583e-01, 4.022181034088135e-01, 4.022180736064911e-01, 4.022180438041687e-01, 4.022180140018463e-01, 4.022179245948792e-01, 4.022178947925568e-01, 4.022178649902344e-01, 4.022178649902344e-01, 4.02217835187912e-01, 4.02217835187912e-01, 4.02217835187912e-01, 4.022178053855896e-01, 4.022178053855896e-01, 4.022178053855896e-01, 4.022178053855896e-01, 4.022178053855896e-01, 4.022178053855896e-01, 4.02217835187912e-01, 4.02217835187912e-01, 4.02217835187912e-01, 4.02217835187912e-01, 4.02217835187912e-01, 4.02217835187912e-01, 4.02217835187912e-01, 4.02217835187912e-01, 4.02217835187912e-01, 4.02217835187912e-01, 4.02217835187912e-01, 4.02217835187912e-01, 4.02217835187912e-01, 4.02217835187912e-01, 4.02217835187912e-01, 4.02217835187912e-01, 4.02217835187912e-01, 4.02217835187912e-01, 4.02217835187912e-01, 4.02217835187912e-01, 4.02217835187912e-01, 4.02217835187912e-01]
