last-generated=2022-06-07
statistics-initialization=
{
  "linear": "5"
}
statistics-simulation=
{
  "linear": "0, 3, 0",
  "nonlinear": " ",
  "number of continuous time states": "4",
  "numerical Jacobians": "0"
}
time=[0e+00, 3.1536e+07]
thermalZoneTwoElements.TAir=[2.951499938964844e+02, 2.972677856445313e+02, 2.924033630371094e+02, 2.943453918457031e+02, 2.976182800292969e+02, 2.936436157226562e+02, 2.951009765625e+02, 2.972936584472656e+02, 2.949966186523437e+02, 2.970318603515625e+02, 3.010646667480469e+02, 2.965890319824219e+02, 2.977855285644531e+02, 3.04508056640625e+02, 2.994025695800781e+02, 3.020336303710938e+02, 3.058788146972656e+02, 3.029747863769531e+02, 3.091247985839844e+02, 3.065531677246094e+02, 3.079817810058594e+02, 3.110237548828125e+02, 3.069044128417969e+02, 3.038616271972656e+02, 3.115088073730469e+02, 3.110169982910156e+02, 3.105972045898437e+02, 3.120056518554687e+02, 3.090823791503906e+02, 3.106114562988281e+02, 3.190843505859375e+02, 3.110220397949219e+02, 3.145246337890625e+02, 3.238794982910156e+02, 3.173543029785156e+02, 3.187315979003906e+02, 3.245887451171875e+02, 3.134963500976563e+02, 3.16820556640625e+02, 3.2174658203125e+02, 3.163587036132812e+02, 3.20261376953125e+02, 3.249592102050781e+02, 3.2220498046875e+02, 3.273915954589844e+02, 3.210852966308594e+02, 3.147640319824219e+02, 3.185010986328125e+02, 3.1511484375e+02, 3.159424865722656e+02, 3.258025512695312e+02, 3.178561279296875e+02, 3.1871708984375e+02, 3.251629821777344e+02, 3.168858459472656e+02, 3.162510070800781e+02, 3.246411499023437e+02, 3.180206359863281e+02, 3.202921630859375e+02, 3.260332824707031e+02, 3.199411315917969e+02, 3.257612060546875e+02, 3.161273193359375e+02, 3.140262084960938e+02, 3.195508422851562e+02, 3.116179504394531e+02, 3.132737854003906e+02, 3.192492614746094e+02, 3.131430114746094e+02, 3.148551147460938e+02, 3.1737451171875e+02, 3.135885620117188e+02, 3.126882446289063e+02, 3.172900634765625e+02, 3.074327575683594e+02, 3.082057800292969e+02, 3.163147521972656e+02, 3.079767395019531e+02, 3.120680847167969e+02, 3.142459228515625e+02, 3.083329162597656e+02, 3.100114440917969e+02, 3.056687255859375e+02, 3.042964721679688e+02, 3.082012756347656e+02, 3.001041564941406e+02, 2.98824072265625e+02, 3.042542724609375e+02, 2.990355224609375e+02, 3.020824951171875e+02, 3.039261169433594e+02, 2.991497802734375e+02, 2.991109741210938e+02, 2.999095886230469e+02, 2.952786437988281e+02, 2.963663635253906e+02, 2.973047241210937e+02, 2.945040466308594e+02, 2.986432250976562e+02, 2.96837060546875e+02, 2.953804931640625e+02]
