last-generated=2020-04-27
statistics-initialization=
{
  "nonlinear": "6",
  "numerical Jacobians": "0"
}
statistics-simulation=
{
  "linear": "0, 0",
  "nonlinear": "1",
  "number of continuous time states": "8",
  "numerical Jacobians": "0"
}
senTemIn.T=[3.231499938964844e+02, 3.231499938964844e+02, 3.231499938964844e+02, 3.231499938964844e+02, 3.231499938964844e+02, 3.231499938964844e+02, 3.231499938964844e+02, 3.231499938964844e+02, 3.231499938964844e+02, 3.231499938964844e+02, 3.231499938964844e+02, 3.431499938964844e+02, 3.431499938964844e+02, 3.431499938964844e+02, 3.431499938964844e+02, 3.431499938964844e+02, 3.431499938964844e+02, 3.431499938964844e+02, 3.431499938964844e+02, 3.431499938964844e+02, 3.431499938964844e+02, 3.431499938964844e+02, 3.431499938964844e+02, 3.431499938964844e+02, 3.431499938964844e+02, 3.431499938964844e+02, 3.431499938964844e+02, 3.431499938964844e+02, 3.431499938964844e+02, 3.431499938964844e+02, 3.431499938964844e+02, 3.431499938964844e+02, 3.431499938964844e+02, 3.431499938964844e+02, 3.431499938964844e+02, 3.431499938964844e+02, 3.431499938964844e+02, 3.431499938964844e+02, 3.431499938964844e+02, 3.431499938964844e+02, 3.431499938964844e+02, 3.431499938964844e+02, 3.431499938964844e+02, 3.431499938964844e+02, 3.431499938964844e+02, 3.431499938964844e+02, 3.431499938964844e+02, 3.431499938964844e+02, 3.431499938964844e+02, 3.431499938964844e+02, 3.431499938964844e+02, 3.431499938964844e+02, 3.431499938964844e+02, 3.431499938964844e+02, 3.431499938964844e+02, 3.431499938964844e+02, 3.431499938964844e+02, 3.431499938964844e+02, 3.431499938964844e+02, 3.431499938964844e+02, 3.431499938964844e+02, 3.431499938964844e+02, 3.431499938964844e+02, 3.431499938964844e+02, 3.431499938964844e+02, 3.431499938964844e+02, 3.431499938964844e+02, 3.431499938964844e+02, 3.431499938964844e+02, 3.431499938964844e+02, 3.431499938964844e+02, 3.431499938964844e+02, 3.431499938964844e+02, 3.431499938964844e+02, 3.431499938964844e+02, 3.431499938964844e+02, 3.431499938964844e+02, 3.431499938964844e+02, 3.431499938964844e+02, 3.431499938964844e+02, 3.431499938964844e+02, 3.431499938964844e+02, 3.431499938964844e+02, 3.431499938964844e+02, 3.431499938964844e+02, 3.431499938964844e+02, 3.431499938964844e+02, 3.431499938964844e+02, 3.431499938964844e+02, 3.431499938964844e+02, 3.431499938964844e+02, 3.431499938964844e+02, 3.431499938964844e+02, 3.431499938964844e+02, 3.431499938964844e+02, 3.431499938964844e+02, 3.431499938964844e+02, 3.431499938964844e+02, 3.431499938964844e+02, 3.431499938964844e+02, 3.431499938964844e+02]
senTemOut.T=[3.231499938964844e+02, 2.9314990234375e+02, 2.931495971679688e+02, 2.93149169921875e+02, 2.93148681640625e+02, 2.931481323242188e+02, 2.931475219726562e+02, 2.931468811035156e+02, 2.931461791992188e+02, 2.931454772949219e+02, 2.931447448730469e+02, 2.931440124511719e+02, 2.931432800292969e+02, 2.931425170898438e+02, 2.931417541503906e+02, 2.931410217285156e+02, 2.931402587890625e+02, 2.931394958496094e+02, 2.931387329101562e+02, 2.931380004882812e+02, 2.931372375488281e+02, 2.93136474609375e+02, 2.931357116699219e+02, 2.931349792480469e+02, 2.931342163085938e+02, 2.931334533691406e+02, 2.931327209472656e+02, 3.002778625488281e+02, 3.062268981933594e+02, 3.106231994628906e+02, 3.138720397949219e+02, 3.162728881835938e+02, 3.18047119140625e+02, 3.193582763671875e+02, 3.203272094726562e+02, 3.210432434082031e+02, 3.217447509765625e+02, 3.271804504394531e+02, 3.313175048828125e+02, 3.343747863769531e+02, 3.366340637207031e+02, 3.383036499023438e+02, 3.395374755859375e+02, 3.404492797851562e+02, 3.411231079101562e+02, 3.416210632324219e+02, 3.419890441894531e+02, 3.42260986328125e+02, 3.424619445800781e+02, 3.426104736328125e+02, 3.4272021484375e+02, 3.428013000488281e+02, 3.428612060546875e+02, 3.42905517578125e+02, 3.429382629394531e+02, 3.429624633789062e+02, 3.429803161621094e+02, 3.429935607910156e+02, 3.430033264160156e+02, 3.430105285644531e+02, 3.43015869140625e+02, 3.430198364257812e+02, 3.430227355957031e+02, 3.4302490234375e+02, 3.430264892578125e+02, 3.430276489257812e+02, 3.430285339355469e+02, 3.430291748046875e+02, 3.430296325683594e+02, 3.430299987792969e+02, 3.430302429199219e+02, 3.430304565429688e+02, 3.430306091308594e+02, 3.430307006835938e+02, 3.430307922363281e+02, 3.430308532714844e+02, 3.430309143066406e+02, 3.430309448242188e+02, 3.430309753417969e+02, 3.43031005859375e+02, 3.43031005859375e+02, 3.430310363769531e+02, 3.430310363769531e+02, 3.430310363769531e+02, 3.430310668945312e+02, 3.430310668945312e+02, 3.430310668945312e+02, 3.430310668945312e+02, 3.430310668945312e+02, 3.430310668945312e+02, 3.430310668945312e+02, 3.430310974121094e+02, 3.430310974121094e+02, 3.430310974121094e+02, 3.430310974121094e+02, 3.430310974121094e+02, 3.430310974121094e+02, 3.430310974121094e+02, 3.430310974121094e+02, 3.430310974121094e+02, 3.430310974121094e+02]
time=[0e+00, 1e+03]
