last-generated=2025-02-06
statistics-initialization=
{
  "nonlinear": "1",
  "numerical Jacobians": "0"
}
statistics-simulation=
{
  "linear": " ",
  "nonlinear": "5, 1, 1, 0",
  "number of continuous time states": "2",
  "numerical Jacobians": "0"
}
time=[0e+00, 8.64e+04]
ahu.QflowH=[1.000000047497451e-03, 2.4802666015625e+04, 1.39693095703125e+04, 1.71655322265625e+03, 0e+00, 0e+00, 0e+00, 0e+00, 0e+00, 0e+00, 0e+00, 0e+00, 0e+00, 0e+00, 0e+00, 0e+00, 0e+00, 0e+00, 0e+00, 0e+00, 0e+00, 0e+00, 0e+00, 0e+00, 0e+00, 0e+00, 0e+00, 0e+00, 0e+00, 0e+00, 0e+00, 0e+00, 0e+00, 0e+00, 0e+00, 0e+00, 0e+00, 0e+00, 0e+00, 0e+00, 0e+00, 0e+00, 0e+00, 0e+00, 0e+00, 0e+00, 0e+00, 0e+00, 0e+00, 0e+00, 0e+00, 0e+00, 0e+00, 0e+00, 0e+00, 0e+00, 0e+00, 0e+00, 0e+00, 0e+00, 0e+00, 0e+00, 0e+00, 0e+00, 0e+00, 0e+00, 0e+00, 0e+00, 0e+00, 0e+00, 0e+00, 0e+00, 0e+00, 0e+00, 0e+00, 0e+00, 0e+00, 0e+00, 0e+00, 0e+00, 0e+00, 0e+00, 0e+00, 0e+00, 0e+00, 0e+00, 1.871160766601562e+03, 1.41032734375e+04, 2.4918390625e+04, 3.427351171875e+04, 4.21312734375e+04, 4.846009765625e+04, 5.32343203125e+04, 5.643432421875e+04, 5.80466015625e+04, 5.806383984375e+04, 5.642269140625e+04, 5.319629296875e+04, 4.839944140625e+04, 4.2050875e+04, 3.4175171875e+04]
modularAHU.QHea_flow=[3.39081953125e+04, 2.45417421875e+04, 1.37085146484375e+04, 1.450830444335938e+03, 0e+00, 0e+00, 0e+00, 0e+00, 0e+00, 0e+00, 0e+00, 0e+00, 0e+00, 0e+00, 0e+00, 0e+00, 0e+00, 0e+00, 0e+00, 0e+00, 0e+00, 0e+00, 0e+00, 0e+00, 0e+00, 0e+00, 0e+00, 0e+00, 0e+00, 0e+00, 0e+00, 0e+00, 0e+00, 0e+00, 0e+00, 0e+00, 0e+00, 0e+00, 0e+00, 0e+00, 0e+00, 0e+00, 0e+00, 0e+00, 0e+00, 0e+00, 0e+00, 0e+00, 0e+00, 0e+00, 0e+00, 0e+00, 0e+00, 0e+00, 0e+00, 0e+00, 0e+00, 0e+00, 0e+00, 0e+00, 0e+00, 0e+00, 0e+00, 0e+00, 0e+00, 0e+00, 0e+00, 0e+00, 0e+00, 0e+00, 0e+00, 0e+00, 0e+00, 0e+00, 0e+00, 0e+00, 4.19857931137085e+00, 2.898457050323486e+00, 2.098093748092651e+00, 1.571536183357239e+00, 1.206833362579346e+00, 9.438280463218689e-01, 7.478532791137695e-01, 5.977899432182312e-01, 4.801754951477051e-01, 3.860979676246643e-01, 1.71647998046875e+03, 1.39284931640625e+04, 2.4721076171875e+04, 3.40514921875e+04, 4.188271484375e+04, 4.818358203125e+04, 5.29289140625e+04, 5.609962890625e+04, 5.76828203125e+04, 5.767180078125e+04, 5.606616796875e+04, 5.287176953125e+04, 4.81007265625e+04, 4.1771375e+04, 3.39081953125e+04]
ahu.QflowC=[1.000000047497451e-03, 0e+00, 0e+00, 0e+00, 0e+00, 0e+00, 0e+00, 0e+00, 0e+00, 0e+00, 0e+00, 0e+00, 0e+00, 0e+00, 0e+00, 0e+00, 0e+00, 0e+00, 0e+00, 0e+00, 0e+00, 0e+00, 0e+00, 0e+00, 4.6143109375e+05, 4.8573571875e+05, 5.094906875e+05, 5.326011875e+05, 5.549750625e+05, 5.76523125e+05, 5.971595625e+05, 6.168020625e+05, 6.353726875e+05, 6.527975625e+05, 6.690075625e+05, 6.839384999999999e+05, 6.975313125e+05, 7.097325e+05, 7.204940625e+05, 7.2977375e+05, 7.375355e+05, 7.437491875e+05, 7.48391e+05, 7.514434375e+05, 7.528951875e+05, 7.52741625e+05, 7.5098425e+05, 7.47631125e+05, 7.426965625e+05, 7.36201125e+05, 7.281715e+05, 7.186404375e+05, 7.07646625e+05, 6.952344375e+05, 6.814536875e+05, 6.66359625e+05, 6.500125e+05, 6.324775000000003e+05, 6.1382425e+05, 5.9412675e+05, 5.734629375e+05, 5.519145e+05, 5.295664375e+05, 5.0650671875e+05, 4.8282603125e+05, 4.586174375e+05, 4.3397590625e+05, 4.089979375e+05, 3.8378140625e+05, 3.584249062500004e+05, 3.330275937500004e+05, 3.0768865625e+05, 2.825070625e+05, 2.57581125e+05, 2.33008078125e+05, 2.0888384375e+05, 0e+00, 0e+00, 0e+00, 0e+00, 0e+00, 0e+00, 0e+00, 0e+00, 0e+00, 0e+00, 0e+00, 0e+00, 0e+00, 0e+00, 0e+00, 0e+00, 0e+00, 0e+00, 0e+00, 0e+00, 0e+00, 0e+00, 0e+00, 0e+00, 0e+00]
abs1.y=[0e+00, 0e+00, 0e+00, 0e+00, 2.244086265563965e-01, 2.480723410844803e-01, 2.733157575130463e-01, 3.004998862743378e-01, 3.300374150276184e-01, 3.624081313610077e-01, 3.981782793998718e-01, 4.380252659320831e-01, 4.827699661254883e-01, 5.334193110466003e-01, 5.912237763404847e-01, 6.577551960945129e-01, 7.350155711174011e-01, 8.255894184112551e-01, 9.328632950782776e-01, 1.061347007751465e+00, 1.217155575752258e+00, 1.408749103546143e+00, 1.648104310035706e+00, 1.9526287317276e+00, 5.22380234375e+04, 1.1561646875e+05, 1.78859609375e+05, 2.41716640625e+05, 3.039382500000002e+05, 3.6527771875e+05, 4.2549184375e+05, 4.84341875e+05, 5.415946875e+05, 5.97023375e+05, 6.504084375000002e+05, 6.822200624999999e+05, 6.957998125e+05, 7.07997875e+05, 7.187663125e+05, 7.280626875e+05, 7.358505625e+05, 7.420994375e+05, 7.467849375e+05, 7.49889e+05, 7.513996875e+05, 7.513115e+05, 7.496251875e+05, 7.463479375e+05, 7.414931875e+05, 7.350805e+05, 7.271358125e+05, 7.176908125e+05, 7.06783375e+05, 6.94456875e+05, 6.807604375e+05, 6.657484999999999e+05, 6.494805624999999e+05, 6.320211250000001e+05, 6.134393125e+05, 5.938086875e+05, 5.7320675e+05, 5.51714875e+05, 5.29417875e+05, 5.064036875e+05, 4.827629375e+05, 4.5858878125e+05, 4.339763125e+05, 4.09022375e+05, 3.838251562499998e+05, 3.584836250000002e+05, 3.330973750000002e+05, 2.979309375e+05, 2.35839765625e+05, 1.7314246875e+05, 1.10085328125e+05, 4.691595703125e+04, 0e+00, 0e+00, 0e+00, 0e+00, 0e+00, 0e+00, 0e+00, 0e+00, 0e+00, 0e+00, 0e+00, 0e+00, 0e+00, 0e+00, 0e+00, 0e+00, 0e+00, 0e+00, 0e+00, 0e+00, 0e+00, 0e+00, 0e+00, 0e+00, 0e+00]
ahu.Pel=[2.28571421875e+05, 2.28571421875e+05, 2.28571421875e+05, 2.28571421875e+05, 2.28571421875e+05, 2.28571421875e+05, 2.28571421875e+05, 2.28571421875e+05, 2.28571421875e+05, 2.28571421875e+05, 2.28571421875e+05, 2.28571421875e+05, 2.28571421875e+05, 2.28571421875e+05, 2.28571421875e+05, 2.28571421875e+05, 2.28571421875e+05, 2.28571421875e+05, 2.28571421875e+05, 2.28571421875e+05, 2.28571421875e+05, 2.28571421875e+05, 2.28571421875e+05, 2.28571421875e+05, 2.28571421875e+05, 2.28571421875e+05, 2.28571421875e+05, 2.28571421875e+05, 2.28571421875e+05, 2.28571421875e+05, 2.28571421875e+05, 2.28571421875e+05, 2.28571421875e+05, 2.28571421875e+05, 2.28571421875e+05, 2.28571421875e+05, 2.28571421875e+05, 2.28571421875e+05, 2.28571421875e+05, 2.28571421875e+05, 2.28571421875e+05, 2.28571421875e+05, 2.28571421875e+05, 2.28571421875e+05, 2.28571421875e+05, 2.28571421875e+05, 2.28571421875e+05, 2.28571421875e+05, 2.28571421875e+05, 2.28571421875e+05, 2.28571421875e+05, 2.28571421875e+05, 2.28571421875e+05, 2.28571421875e+05, 2.28571421875e+05, 2.28571421875e+05, 2.28571421875e+05, 2.28571421875e+05, 2.28571421875e+05, 2.28571421875e+05, 2.28571421875e+05, 2.28571421875e+05, 2.28571421875e+05, 2.28571421875e+05, 2.28571421875e+05, 2.28571421875e+05, 2.28571421875e+05, 2.28571421875e+05, 2.28571421875e+05, 2.28571421875e+05, 2.28571421875e+05, 2.28571421875e+05, 2.28571421875e+05, 2.28571421875e+05, 2.28571421875e+05, 2.28571421875e+05, 2.28571421875e+05, 2.28571421875e+05, 2.28571421875e+05, 2.28571421875e+05, 2.28571421875e+05, 2.28571421875e+05, 2.28571421875e+05, 2.28571421875e+05, 2.28571421875e+05, 2.28571421875e+05, 2.28571421875e+05, 2.28571421875e+05, 2.28571421875e+05, 2.28571421875e+05, 2.28571421875e+05, 2.28571421875e+05, 2.28571421875e+05, 2.28571421875e+05, 2.28571421875e+05, 2.28571421875e+05, 2.28571421875e+05, 2.28571421875e+05, 2.28571421875e+05, 2.28571421875e+05, 2.28571421875e+05]
modularAHU.Pel=[2.28571421875e+05, 2.28571421875e+05, 2.28571421875e+05, 2.28571421875e+05, 2.28571421875e+05, 2.28571421875e+05, 2.28571421875e+05, 2.28571421875e+05, 2.28571421875e+05, 2.28571421875e+05, 2.28571421875e+05, 2.28571421875e+05, 2.28571421875e+05, 2.28571421875e+05, 2.28571421875e+05, 2.28571421875e+05, 2.28571421875e+05, 2.28571421875e+05, 2.28571421875e+05, 2.28571421875e+05, 2.28571421875e+05, 2.28571421875e+05, 2.28571421875e+05, 2.28571421875e+05, 2.28571421875e+05, 2.28571421875e+05, 2.28571421875e+05, 2.28571421875e+05, 2.28571421875e+05, 2.28571421875e+05, 2.28571421875e+05, 2.28571421875e+05, 2.28571421875e+05, 2.28571421875e+05, 2.28571421875e+05, 2.28571421875e+05, 2.28571421875e+05, 2.28571421875e+05, 2.28571421875e+05, 2.28571421875e+05, 2.28571421875e+05, 2.28571421875e+05, 2.28571421875e+05, 2.28571421875e+05, 2.28571421875e+05, 2.28571421875e+05, 2.28571421875e+05, 2.28571421875e+05, 2.28571421875e+05, 2.28571421875e+05, 2.28571421875e+05, 2.28571421875e+05, 2.28571421875e+05, 2.28571421875e+05, 2.28571421875e+05, 2.28571421875e+05, 2.28571421875e+05, 2.28571421875e+05, 2.28571421875e+05, 2.28571421875e+05, 2.28571421875e+05, 2.28571421875e+05, 2.28571421875e+05, 2.28571421875e+05, 2.28571421875e+05, 2.28571421875e+05, 2.28571421875e+05, 2.28571421875e+05, 2.28571421875e+05, 2.28571421875e+05, 2.28571421875e+05, 2.28571421875e+05, 2.28571421875e+05, 2.28571421875e+05, 2.28571421875e+05, 2.28571421875e+05, 2.28571421875e+05, 2.28571421875e+05, 2.28571421875e+05, 2.28571421875e+05, 2.28571421875e+05, 2.28571421875e+05, 2.28571421875e+05, 2.28571421875e+05, 2.28571421875e+05, 2.28571421875e+05, 2.28571421875e+05, 2.28571421875e+05, 2.28571421875e+05, 2.28571421875e+05, 2.28571421875e+05, 2.28571421875e+05, 2.28571421875e+05, 2.28571421875e+05, 2.28571421875e+05, 2.28571421875e+05, 2.28571421875e+05, 2.28571421875e+05, 2.28571421875e+05, 2.28571421875e+05, 2.28571421875e+05]
