last-generated=2021-05-09
statistics-initialization=
{
  "nonlinear": "1, 1, 1",
  "numerical Jacobians": "0"
}
statistics-simulation=
{
  "linear": " ",
  "nonlinear": "0, 0, 0",
  "number of continuous time states": "1",
  "numerical Jacobians": "0"
}
time=[0e+00, 6e+02]
valLin.phi=[5.249999761581421e-01, 4.300000071525574e-01, 3.350000083446503e-01, 2.39999994635582e-01, 1.449999958276749e-01, 5.000000074505806e-02, 5.000000074505806e-02, 5.000000074505806e-02, 5.000000074505806e-02, 5.000000074505806e-02, 5.000000074505806e-02, 1.449999958276749e-01, 2.39999994635582e-01, 3.350000083446503e-01, 4.300000071525576e-01, 5.249999761581421e-01, 6.200000047683716e-01, 7.149999737739565e-01, 8.100000023841858e-01, 9.049999713897705e-01, 1e+00, 1e+00, 9.049999713897705e-01, 9.049999713897705e-01, 8.100000023841858e-01, 8.100000023841858e-01, 7.149999737739563e-01, 7.149999737739563e-01, 6.200000047683716e-01, 6.200000047683716e-01, 5.249999761581421e-01, 5.249999761581421e-01, 5.249999761581421e-01, 5.249999761581421e-01, 5.249999761581421e-01, 5.249999761581421e-01, 5.249999761581421e-01, 5.249999761581421e-01, 5.249999761581421e-01, 5.249999761581421e-01, 5.249999761581421e-01, 5.249999761581421e-01, 4.300000071525574e-01, 4.300000071525574e-01, 3.350000083446503e-01, 3.350000083446503e-01, 2.39999994635582e-01, 2.39999994635582e-01, 1.449999958276749e-01, 1.449999958276749e-01, 5.000000074505806e-02, 5.000000074505806e-02, 5.000000074505806e-02, 5.000000074505806e-02, 5.000000074505806e-02, 5.000000074505806e-02, 5.000000074505806e-02, 5.000000074505806e-02, 5.000000074505806e-02, 5.000000074505806e-02, 5.000000074505806e-02, 1.449999958276749e-01, 2.39999994635582e-01, 2.874999940395355e-01, 2.874999940395355e-01, 2.874999940395355e-01, 2.874999940395355e-01, 2.874999940395355e-01, 2.874999940395355e-01, 2.874999940395355e-01, 2.874999940395355e-01, 3.191666603088379e-01, 4.14166659116745e-01, 4.774999916553497e-01, 5.408333539962769e-01, 6.358333230018616e-01, 6.675000190734863e-01, 7.62499988079071e-01, 8.575000166893005e-01, 8.891666531562805e-01, 9.8416668176651e-01, 1e+00, 1e+00, 1e+00, 1e+00, 1e+00, 1e+00, 1e+00, 1e+00, 1e+00, 1e+00, 1e+00, 1e+00, 1e+00, 9.18571412563324e-01, 8.235714435577393e-01, 7.285714149475098e-01, 6.33571445941925e-01, 5.385714173316956e-01, 4.435714185237885e-01, 3.485714197158813e-01]
valQui.phi=[7.216842770576477e-01, 6.507388949394226e-01, 5.701919794082642e-01, 4.745877981185913e-01, 3.496699929237366e-01, 5.000000074505806e-02, 5.000000074505806e-02, 5.000000074505806e-02, 5.000000074505806e-02, 5.000000074505806e-02, 5.000000074505806e-02, 3.496699929237366e-01, 4.745877981185913e-01, 5.701919794082642e-01, 6.507388949394228e-01, 7.216842770576477e-01, 7.858157157897949e-01, 8.447864651679994e-01, 8.996726274490356e-01, 9.512213468551636e-01, 9.999762773513794e-01, 9.999762773513794e-01, 9.512213468551636e-01, 9.512213468551636e-01, 8.996726274490356e-01, 8.996726274490356e-01, 8.447864651679993e-01, 8.447864651679993e-01, 7.858157157897949e-01, 7.858157157897949e-01, 7.216842770576477e-01, 7.216842770576477e-01, 7.216842770576477e-01, 7.216842770576477e-01, 7.216842770576477e-01, 7.216842770576477e-01, 7.216842770576477e-01, 7.216842770576477e-01, 7.216842770576477e-01, 7.216842770576477e-01, 7.216842770576477e-01, 7.216842770576477e-01, 6.507388949394226e-01, 6.507388949394226e-01, 5.701919794082642e-01, 5.701919794082642e-01, 4.745877981185913e-01, 4.745877981185913e-01, 3.496699929237366e-01, 3.496699929237366e-01, 5.000000074505806e-02, 5.000000074505806e-02, 5.000000074505806e-02, 5.000000074505806e-02, 5.000000074505806e-02, 5.000000074505806e-02, 5.000000074505806e-02, 5.000000074505806e-02, 5.000000074505806e-02, 5.000000074505806e-02, 5.000000074505806e-02, 3.496699929237366e-01, 4.745877981185913e-01, 5.248101949691772e-01, 5.248101949691772e-01, 5.248101949691772e-01, 5.248101949691772e-01, 5.248101949691772e-01, 5.248101949691772e-01, 5.248101949691772e-01, 5.248101949691772e-01, 5.555187463760376e-01, 6.380822062492371e-01, 6.872007250785828e-01, 7.327916026115417e-01, 7.959681749343872e-01, 8.15869152545929e-01, 8.726875782012939e-01, 9.258264303207397e-01, 9.428366422653198e-01, 9.920257329940796e-01, 9.999762773513794e-01, 9.999762773513794e-01, 9.999762773513794e-01, 9.999762773513794e-01, 9.999762773513794e-01, 9.999762773513794e-01, 9.999762773513794e-01, 9.999762773513794e-01, 9.999762773513794e-01, 9.999762773513794e-01, 9.999762773513794e-01, 9.999762773513794e-01, 9.999762773513794e-01, 9.583466053009033e-01, 9.072266221046448e-01, 8.52857232093811e-01, 7.945262789726257e-01, 7.312159538269043e-01, 6.613787412643433e-01, 5.824465751647949e-01]
valEqu.phi=[3.162277638912201e-01, 2.511886358261108e-01, 1.99526235461235e-01, 1.58489316701889e-01, 1.200209707021713e-01, 5.000000074505806e-02, 5.000000074505806e-02, 5.000000074505806e-02, 5.000000074505806e-02, 5.000000074505806e-02, 5.000000074505806e-02, 1.200209707021713e-01, 1.58489316701889e-01, 1.99526235461235e-01, 2.51188635826111e-01, 3.162277638912201e-01, 3.981071710586548e-01, 5.011872053146366e-01, 6.309573650360107e-01, 7.943282127380371e-01, 1e+00, 1e+00, 7.943282127380371e-01, 7.943282127380371e-01, 6.309573650360107e-01, 6.309573650360107e-01, 5.011872053146362e-01, 5.011872053146362e-01, 3.981071710586548e-01, 3.981071710586548e-01, 3.162277638912201e-01, 3.162277638912201e-01, 3.162277638912201e-01, 3.162277638912201e-01, 3.162277638912201e-01, 3.162277638912201e-01, 3.162277638912201e-01, 3.162277638912201e-01, 3.162277638912201e-01, 3.162277638912201e-01, 3.162277638912201e-01, 3.162277638912201e-01, 2.511886358261108e-01, 2.511886358261108e-01, 1.99526235461235e-01, 1.99526235461235e-01, 1.58489316701889e-01, 1.58489316701889e-01, 1.200209707021713e-01, 1.200209707021713e-01, 5.000000074505806e-02, 5.000000074505806e-02, 5.000000074505806e-02, 5.000000074505806e-02, 5.000000074505806e-02, 5.000000074505806e-02, 5.000000074505806e-02, 5.000000074505806e-02, 5.000000074505806e-02, 5.000000074505806e-02, 5.000000074505806e-02, 1.200209707021713e-01, 1.58489316701889e-01, 1.778279393911362e-01, 1.778279393911362e-01, 1.778279393911362e-01, 1.778279393911362e-01, 1.778279393911362e-01, 1.778279393911362e-01, 1.778279393911362e-01, 1.778279393911362e-01, 1.920141875743866e-01, 2.417315542697906e-01, 2.818382978439331e-01, 3.285993337631226e-01, 4.136820435523987e-01, 4.466835856437683e-01, 5.623413324356079e-01, 7.079457640647888e-01, 7.644222974777222e-01, 9.62350606918335e-01, 1e+00, 1e+00, 1e+00, 1e+00, 1e+00, 1e+00, 1e+00, 1e+00, 1e+00, 1e+00, 1e+00, 1e+00, 1e+00, 8.208914399147034e-01, 6.520572304725647e-01, 5.179474949836731e-01, 4.114202857017517e-01, 3.268027603626251e-01, 2.595886588096619e-01, 2.061986029148102e-01]
valInd.phi=[5.249999761581421e-01, 4.300000071525574e-01, 3.350000083446503e-01, 2.39999994635582e-01, 1.449999958276749e-01, 5.000000074505806e-02, 5.000000074505806e-02, 5.000000074505806e-02, 5.000000074505806e-02, 5.000000074505806e-02, 5.000000074505806e-02, 1.449999958276749e-01, 2.39999994635582e-01, 3.350000083446503e-01, 4.300000071525576e-01, 5.249999761581421e-01, 6.200000047683716e-01, 7.149999737739565e-01, 8.100000023841858e-01, 9.049999713897705e-01, 1e+00, 1e+00, 9.049999713897705e-01, 9.049999713897705e-01, 8.100000023841858e-01, 8.100000023841858e-01, 7.149999737739563e-01, 7.149999737739563e-01, 6.200000047683716e-01, 6.200000047683716e-01, 5.249999761581421e-01, 5.249999761581421e-01, 5.249999761581421e-01, 5.249999761581421e-01, 5.249999761581421e-01, 5.249999761581421e-01, 5.249999761581421e-01, 5.249999761581421e-01, 5.249999761581421e-01, 5.249999761581421e-01, 5.249999761581421e-01, 5.249999761581421e-01, 4.300000071525574e-01, 4.300000071525574e-01, 3.350000083446503e-01, 3.350000083446503e-01, 2.39999994635582e-01, 2.39999994635582e-01, 1.449999958276749e-01, 1.449999958276749e-01, 5.000000074505806e-02, 5.000000074505806e-02, 5.000000074505806e-02, 5.000000074505806e-02, 5.000000074505806e-02, 5.000000074505806e-02, 5.000000074505806e-02, 5.000000074505806e-02, 5.000000074505806e-02, 5.000000074505806e-02, 5.000000074505806e-02, 1.449999958276749e-01, 2.39999994635582e-01, 2.874999940395355e-01, 2.874999940395355e-01, 2.874999940395355e-01, 2.874999940395355e-01, 2.874999940395355e-01, 2.874999940395355e-01, 2.874999940395355e-01, 2.874999940395355e-01, 3.191666603088379e-01, 4.14166659116745e-01, 4.774999916553497e-01, 5.408333539962769e-01, 6.358333230018616e-01, 6.675000190734863e-01, 7.62499988079071e-01, 8.575000166893005e-01, 8.891666531562805e-01, 9.8416668176651e-01, 1e+00, 1e+00, 1e+00, 1e+00, 1e+00, 1e+00, 1e+00, 1e+00, 1e+00, 1e+00, 1e+00, 1e+00, 1e+00, 9.18571412563324e-01, 8.235714435577393e-01, 7.285714149475098e-01, 6.33571445941925e-01, 5.385714173316956e-01, 4.435714185237885e-01, 3.485714197158813e-01]
