last-generated=2024-09-25
statistics-initialization=
{
  "nonlinear": "5, 1, 1, 1",
  "numerical Jacobians": "0"
}
statistics-simulation=
{
  "linear": "0, 0, 0, 0, 0, 0",
  "nonlinear": "1",
  "number of continuous time states": "14",
  "numerical Jacobians": "0"
}
time=[0e+00, 8.64e+04]
vol.T_start=[2.931499938964844e+02, 2.931499938964844e+02]
vol.T=[2.931499938964844e+02, 2.924588928222656e+02, 2.893785705566406e+02, 2.900963134765625e+02, 2.922873229980469e+02, 2.940203247070312e+02, 2.944832763671875e+02, 2.938621826171875e+02, 2.930948181152344e+02, 2.928108825683594e+02, 2.929444885253906e+02, 2.931810913085938e+02, 2.933038635253906e+02, 2.932818298339844e+02, 2.931822204589844e+02, 2.930994262695312e+02, 2.930843811035156e+02, 2.931292114257812e+02, 2.931941833496094e+02, 2.9323193359375e+02, 2.932218322753906e+02, 2.931737670898438e+02, 2.931287536621094e+02, 2.931227111816406e+02, 2.931400756835938e+02, 2.931555480957031e+02, 2.931587219238281e+02, 2.931536254882812e+02, 2.931485595703125e+02, 2.931473083496094e+02, 2.93153564453125e+02, 2.931789245605469e+02, 2.932062377929688e+02, 2.932168579101562e+02, 2.950509948730469e+02, 2.943645324707031e+02, 2.929566345214844e+02, 2.925148620605469e+02, 2.929112854003906e+02, 2.933990783691406e+02, 2.935404663085938e+02, 2.933928527832031e+02, 2.932083740234375e+02, 2.931455383300781e+02, 2.931965637207031e+02, 2.932599487304688e+02, 2.932769165039062e+02, 2.932582397460938e+02, 2.932383422851562e+02, 2.932344970703125e+02, 2.932415466308594e+02, 2.93448486328125e+02, 2.934580993652344e+02, 2.93245361328125e+02, 2.931086120605469e+02, 2.931421203613281e+02, 2.932367858886719e+02, 2.932666015625e+02, 2.932334899902344e+02, 2.931828308105469e+02, 2.931337890625e+02, 2.929522094726562e+02, 2.929164428710938e+02, 2.930707702636719e+02, 2.932046203613281e+02, 2.932225036621094e+02, 2.931718444824219e+02, 2.931302490234375e+02, 2.931267700195312e+02, 2.9314404296875e+02, 2.931570129394531e+02, 2.931573486328125e+02, 2.931384582519531e+02, 2.931030883789062e+02, 2.930824584960938e+02, 2.93091796875e+02, 2.911745300292969e+02, 2.924848327636719e+02, 2.937312927246094e+02, 2.938548889160156e+02, 2.933426208496094e+02, 2.930209655761719e+02, 2.930719909667969e+02, 2.932234497070312e+02, 2.932325134277344e+02, 2.931221923828125e+02, 2.930414123535156e+02, 2.930565185546875e+02, 2.931428527832031e+02, 2.932306213378906e+02, 2.932565002441406e+02, 2.932158508300781e+02, 2.931416931152344e+02, 2.930824584960938e+02, 2.930716552734375e+02, 2.930938110351562e+02, 2.93125244140625e+02, 2.931567993164062e+02, 2.931775512695312e+02, 2.93175048828125e+02, 2.931498107910156e+02]
temSup.T=[3.231499938964844e+02, 3.11499267578125e+02, 3.113892211914062e+02, 3.159451599121094e+02, 3.1945654296875e+02, 3.207864379882812e+02, 3.197272644042969e+02, 3.179560546875e+02, 3.171096496582031e+02, 3.172369689941406e+02, 3.176407165527344e+02, 3.178431091308594e+02, 3.177445068359375e+02, 3.175057678222656e+02, 3.173251647949219e+02, 3.172981872558594e+02, 3.173785095214844e+02, 3.174599609375e+02, 3.174555053710938e+02, 3.17351318359375e+02, 3.171933288574219e+02, 3.170733032226562e+02, 3.170471801757812e+02, 3.170819091796875e+02, 3.171173400878906e+02, 3.171279907226562e+02, 3.171182556152344e+02, 3.171065063476562e+02, 3.171027221679688e+02, 3.171054382324219e+02, 3.171055908203125e+02, 3.170718078613281e+02, 3.169794311523438e+02, 3.1683984375e+02, 3.1465087890625e+02, 3.109131469726562e+02, 3.09348388671875e+02, 3.098767395019531e+02, 3.107241821289062e+02, 3.107801513671875e+02, 3.100890502929688e+02, 3.092881774902344e+02, 3.087967834472656e+02, 3.086032104492188e+02, 3.084669799804688e+02, 3.082283935546875e+02, 3.078967590332031e+02, 3.075525512695312e+02, 3.072432556152344e+02, 3.069614562988281e+02, 3.066800231933594e+02, 3.069908752441406e+02, 3.063489990234375e+02, 3.058022766113281e+02, 3.056539001464844e+02, 3.056510314941406e+02, 3.055041809082031e+02, 3.05203369140625e+02, 3.050162963867188e+02, 3.049106140136719e+02, 3.048639526367188e+02, 3.043875732421875e+02, 3.047073364257812e+02, 3.050465698242188e+02, 3.051151428222656e+02, 3.050003051757812e+02, 3.048926086425781e+02, 3.048758239746094e+02, 3.049154663085938e+02, 3.049493713378906e+02, 3.049530029296875e+02, 3.04939453125e+02, 3.049427490234375e+02, 3.050155944824219e+02, 3.051645812988281e+02, 3.053389892578125e+02, 3.090927429199219e+02, 3.123607177734375e+02, 3.130803833007812e+02, 3.120379638671875e+02, 3.110670471191406e+02, 3.108599243164062e+02, 3.109713439941406e+02, 3.109338989257812e+02, 3.107423706054688e+02, 3.1066650390625e+02, 3.108109130859375e+02, 3.110523071289062e+02, 3.112029113769531e+02, 3.11152099609375e+02, 3.109431762695312e+02, 3.107156982421875e+02, 3.106071166992188e+02, 3.106685485839844e+02, 3.108329467773438e+02, 3.110086364746094e+02, 3.111356201171875e+02, 3.111878662109375e+02, 3.111667785644531e+02, 3.111100769042969e+02, 3.110745544433594e+02]
temRet.T=[3.231499938964844e+02, 3.088985595703125e+02, 3.052872924804688e+02, 3.081362915039062e+02, 3.115548706054688e+02, 3.1361474609375e+02, 3.135634155273438e+02, 3.122044982910156e+02, 3.11114013671875e+02, 3.109127197265625e+02, 3.111966552734375e+02, 3.114731140136719e+02, 3.115118103027344e+02, 3.113631591796875e+02, 3.111851806640625e+02, 3.111044921875e+02, 3.111341857910156e+02, 3.112088317871094e+02, 3.112481994628906e+02, 3.11209716796875e+02, 3.111066284179688e+02, 3.109954528808594e+02, 3.109410705566406e+02, 3.109519348144531e+02, 3.109840087890625e+02, 3.110026550292969e+02, 3.110008850097656e+02, 3.109908142089844e+02, 3.109845581054688e+02, 3.109847412109375e+02, 3.109879455566406e+02, 3.109813842773438e+02, 3.109392395019531e+02, 3.108550109863281e+02, 3.105493469238281e+02, 3.078249816894531e+02, 3.056927490234375e+02, 3.055119018554688e+02, 3.062410278320312e+02, 3.066412048339844e+02, 3.063429565429688e+02, 3.057206115722656e+02, 3.052298889160156e+02, 3.050105285644531e+02, 3.049260559082031e+02, 3.048009643554688e+02, 3.045856628417969e+02, 3.043306884765625e+02, 3.040918273925781e+02, 3.03881103515625e+02, 3.036800537109375e+02, 3.039403381347656e+02, 3.036054382324219e+02, 3.030872497558594e+02, 3.0284619140625e+02, 3.028373718261719e+02, 3.028003540039062e+02, 3.026177062988281e+02, 3.024346008300781e+02, 3.023305358886719e+02, 3.02262939453125e+02, 3.018791809082031e+02, 3.019868774414062e+02, 3.023022155761719e+02, 3.024597778320312e+02, 3.024153442382812e+02, 3.023121643066406e+02, 3.022653503417969e+02, 3.022831115722656e+02, 3.023167724609375e+02, 3.023305358886719e+02, 3.0232373046875e+02, 3.023145141601562e+02, 3.023395385742188e+02, 3.024261169433594e+02, 3.025536804199219e+02, 3.038142395019531e+02, 3.0678564453125e+02, 3.083053283691406e+02, 3.079336242675781e+02, 3.069954223632812e+02, 3.065703735351562e+02, 3.066181945800781e+02, 3.066858520507812e+02, 3.065805969238281e+02, 3.064555358886719e+02, 3.064843139648438e+02, 3.066460266113281e+02, 3.068080444335938e+02, 3.068466796875e+02, 3.067379150390625e+02, 3.06560302734375e+02, 3.064281005859375e+02, 3.064154968261719e+02, 3.065101623535156e+02, 3.066432800292969e+02, 3.067563171386719e+02, 3.0682080078125e+02, 3.068279418945312e+02, 3.067926635742188e+02, 3.067523193359375e+02]
heaPum.refCyc.sigBus.yMea=[3.00000011920929e-01, 3.00000011920929e-01, 7.308725118637085e-01, 9.901979565620422e-01, 9.799096584320068e-01, 8.337528109550476e-01, 6.914741992950439e-01, 6.480550765991211e-01, 6.832655072212219e-01, 7.26967990398407e-01, 7.416942715644836e-01, 7.300139665603638e-01, 7.110506892204285e-01, 6.996252536773682e-01, 7.002857327461243e-01, 7.080980539321899e-01, 7.14838981628418e-01, 7.153037786483765e-01, 7.090489268302917e-01, 7.002682089805603e-01, 6.940788626670837e-01, 6.936203837394714e-01, 6.973467469215393e-01, 7.001948356628418e-01, 7.004767060279846e-01, 6.993535161018372e-01, 6.983963847160339e-01, 6.982447504997253e-01, 6.98578953742981e-01, 6.988840699195862e-01, 6.984686255455017e-01, 6.951397657394409e-01, 6.892039775848389e-01, 6.828859448432922e-01, 4.634384214878074e-01, 3.67358386516571e-01, 4.396887123584747e-01, 5.190610885620117e-01, 5.283985733985901e-01, 4.873173832893372e-01, 4.455451667308807e-01, 4.288424849510193e-01, 4.31067019701004e-01, 4.348526000976562e-01, 4.294130802154541e-01, 4.173525869846344e-01, 4.053969979286194e-01, 3.966064453125e-01, 3.897935450077057e-01, 3.827537000179291e-01, 3.746176958084106e-01, 3.423703610897064e-01, 3.128432631492615e-01, 3.120080530643463e-01, 3.218744993209839e-01, 3.223192393779754e-01, 3.112119436264037e-01, 3.00000011920929e-01, 3.00000011920929e-01, 3.00000011920929e-01, 3.023175001144409e-01, 3.252085745334625e-01, 3.486649394035339e-01, 3.504205346107483e-01, 3.400449454784393e-01, 3.323370516300201e-01, 3.321348428726196e-01, 3.356219232082367e-01, 3.38006854057312e-01, 3.379325568675995e-01, 3.367626070976257e-01, 3.360353112220764e-01, 3.375265300273895e-01, 3.428775370121002e-01, 3.4966841340065e-01, 3.545656800270081e-01, 6.366472244262695e-01, 6.540345549583435e-01, 5.510704517364502e-01, 4.779455959796906e-01, 4.790703654289246e-01, 5.050464272499084e-01, 5.11836051940918e-01, 4.995017945766449e-01, 4.90712583065033e-01, 4.968861937522888e-01, 5.098468065261841e-01, 5.180513858795166e-01, 5.158007144927979e-01, 5.053173899650574e-01, 4.946250319480896e-01, 4.900544583797455e-01, 4.933944642543793e-01, 5.017205476760864e-01, 5.092179179191589e-01, 5.133972764015198e-01, 5.143897533416748e-01, 5.12623131275177e-01, 5.093430280685425e-01, 5.070877075195312e-01, 5.078926086425781e-01]
