last-generated=2021-05-19
statistics-initialization=
{
  "nonlinear": "1, 1, 1, 0, 1, 0",
  "numerical Jacobians": "0"
}
statistics-simulation=
{
  "linear": "0, 0, 0, 0",
  "nonlinear": " ",
  "number of continuous time states": "12",
  "numerical Jacobians": "0"
}
time=[0e+00, 1e+05]
realExpression.y=[8e+00, 4.472953081130981e-02, 4.45263497531414e-02, 4.452547430992126e-02, 4.452544078230858e-02, 4.452540352940559e-02, 4.452542215585709e-02, 4.452544823288918e-02, 4.452546685934067e-02, 4.452547058463097e-02, 4.452544450759888e-02, 4.452543705701828e-02, 4.452542588114738e-02, 4.452542215585709e-02, 4.452542215585709e-02, 4.452541843056679e-02, 4.452541470527649e-02, 4.452541470527649e-02, 4.452541843056679e-02, 4.452542215585709e-02, 4.452542215585709e-02, 4.452542215585709e-02, 4.452541843056679e-02, 4.452541843056679e-02, 4.452541843056679e-02, 4.452542215585709e-02, 4.452542215585709e-02, 4.452542215585709e-02, 4.452542588114738e-02, 4.452542588114738e-02, 4.452542588114738e-02, 4.452542588114738e-02, 4.452542588114738e-02, 4.452542588114738e-02, 4.452542588114738e-02, 4.452542588114738e-02, 4.452542588114738e-02, 4.452542588114738e-02, 4.452542588114738e-02, 4.452542588114738e-02, 4.452542588114738e-02, 4.452542588114738e-02, 4.452542588114738e-02, 4.452542588114738e-02, 4.452542588114738e-02, 4.452542588114738e-02, 4.452542588114738e-02, 4.452542588114738e-02, 4.452542588114738e-02, 4.452542588114738e-02, 4.452542588114738e-02, 4.452542588114738e-02, 4.452542588114738e-02, 4.452542588114738e-02, 4.452542588114738e-02, 4.452542588114738e-02, 4.452542588114738e-02, 4.452542588114738e-02, 4.452542588114738e-02, 4.452542588114738e-02, 4.452542588114738e-02, 4.452542588114738e-02, 4.452542588114738e-02, 4.452542588114738e-02, 4.452542588114738e-02, 4.452542588114738e-02, 4.452542588114738e-02, 4.452542588114738e-02, 4.452542588114738e-02, 4.452542588114738e-02, 4.452542588114738e-02, 4.452542588114738e-02, 4.452542588114738e-02, 4.452542588114738e-02, 4.452542588114738e-02, 4.452542588114738e-02, 4.452542588114738e-02, 4.452542588114738e-02, 4.452542588114738e-02, 4.452542588114738e-02, 4.452542588114738e-02, 4.452542588114738e-02, 4.452542588114738e-02, 4.452542588114738e-02, 4.452542588114738e-02, 4.452542588114738e-02, 4.452542588114738e-02, 4.452542588114738e-02, 4.452542588114738e-02, 4.452542588114738e-02, 4.452542588114738e-02, 4.452542588114738e-02, 4.452542588114738e-02, 4.452542588114738e-02, 4.452542588114738e-02, 4.452542588114738e-02, 4.452542588114738e-02, 4.452542588114738e-02, 4.452542588114738e-02, 4.452542588114738e-02, 4.452542588114738e-02]
Rb_ref.y=[4.438019916415215e-02, 4.438019916415215e-02]
