last-generated=2025-12-09
statistics-initialization=
{
  "linear": "4, 4, 4, 4, 4"
}
statistics-simulation=
{
  "linear": "4, 0, 4, 0, 4, 0, 4, 0, 4, 0",
  "nonlinear": "0, 1, 0, 1, 0, 1, 0, 1, 0, 1, 0, 1, 0, 1, 0, 1, 0, 1, 0, 1, 0, 1, 0, 1, 0, 1, 0,   1, 0, 1",
  "number of continuous time states": "60",
  "numerical Jacobians": "0"
}
time=[0e+00, 3.1536e+07]
multizone.TAir[1]=[2.931499938964844e+02, 2.770236318872493e+02, 2.661733044015822e+02, 2.627064025878906e+02, 2.642586208841075e+02, 2.633814392089844e+02, 2.639138061523437e+02, 2.610296264648438e+02, 2.588423767089844e+02, 2.591909301757813e+02, 2.605523071289062e+02, 2.610246887207031e+02, 2.633709716796875e+02, 2.689166381835938e+02, 2.651024291992188e+02, 2.639650268554688e+02, 2.661395626526927e+02, 2.664792663574219e+02, 2.70276171875e+02, 2.666881582001109e+02, 2.701193237304688e+02, 2.717341122347195e+02, 2.653769271193139e+02, 2.630745422363281e+02, 2.697512120524729e+02, 2.700195007324219e+02, 2.700708190917969e+02, 2.684387451171875e+02, 2.692347839355469e+02, 2.699420776367188e+02, 2.707411499023438e+02, 2.679588989257812e+02, 2.697218872070313e+02, 2.746182495117188e+02, 2.706663879394531e+02, 2.699397583007812e+02, 2.750950561523438e+02, 2.738235961914062e+02, 2.748628236800027e+02, 2.7217313734136e+02, 2.727223815917969e+02, 2.73080859375e+02, 2.731797723964049e+02, 2.745631042480469e+02, 2.765170288085938e+02, 2.710141906738281e+02, 2.693898193359375e+02, 2.707172912597656e+02, 2.702951721191406e+02, 2.725742614746094e+02, 2.75710693359375e+02, 2.726708984375e+02, 2.744572125156147e+02, 2.774471618652344e+02, 2.748045654296875e+02, 2.741059265136719e+02, 2.76383154296875e+02, 2.739575744628906e+02, 2.763699120273109e+02, 2.767440571563923e+02, 2.753688354492188e+02, 2.802272494113404e+02, 2.747133239746094e+02, 2.752762023925781e+02, 2.781046264648438e+02, 2.734001770019531e+02, 2.730547241210937e+02, 2.759980895996094e+02, 2.744628356933594e+02, 2.757598693847656e+02, 2.763888244628906e+02, 2.753931884765625e+02, 2.755009155273438e+02, 2.788669006347656e+02, 2.750666748046875e+02, 2.746419982910156e+02, 2.765503526016051e+02, 2.745985900878906e+02, 2.745538696289062e+02, 2.734097961425781e+02, 2.735723876953125e+02, 2.751724152367962e+02, 2.712818421863374e+02, 2.699930419921875e+02, 2.727426104107275e+02, 2.666040344238281e+02, 2.679595520019531e+02, 2.699019409179688e+02, 2.675218811035156e+02, 2.691057495117187e+02, 2.670524597167969e+02, 2.658391845703125e+02, 2.631832641601562e+02, 2.681303247658603e+02, 2.629349792480469e+02, 2.61698974609375e+02, 2.638580284407844e+02, 2.612305786132812e+02, 2.621397437612852e+02, 2.598072509765625e+02, 2.604065246582031e+02]
multizone.CO2Con[1]=[0e+00, 6.315548960330265e+02, 4.033234336394788e+02, 4.224219665527344e+02, 5.667094706659732e+02, 4.026673889160156e+02, 4.081455627441406e+02, 5.279512451171875e+02, 4.043352172851563e+02, 4.481243774414062e+02, 5.41246826171875e+02, 4.0277197265625e+02, 4.272569763183594e+02, 5.572439331054687e+02, 4.038499206542969e+02, 5.023764038085938e+02, 5.442820993534888e+02, 4.026782165527344e+02, 4.847603271484375e+02, 4.2966672280394e+02, 4.026781005859375e+02, 5.788277191926946e+02, 4.026879786300981e+02, 4.13422265625e+02, 5.170154541496216e+02, 4.026660461425781e+02, 4.041552795410156e+02, 4.796029602050781e+02, 4.026661254882812e+02, 4.052328918457031e+02, 4.923489379882812e+02, 4.026814880371094e+02, 4.097372192382812e+02, 5.336781005859375e+02, 4.026707397460938e+02, 4.445056457519531e+02, 5.065988525390625e+02, 4.026666137695312e+02, 4.749373633764272e+02, 4.2821013448214e+02, 4.0267431640625e+02, 5.685781005859375e+02, 4.026660461425781e+02, 4.026834533691406e+02, 5.043119567871094e+02, 4.026664428710938e+02, 4.046955505371094e+02, 4.489520690917969e+02, 4.026661926269531e+02, 4.033053588867188e+02, 4.546262512207031e+02, 4.026664916992187e+02, 4.055480863038709e+02, 5.195271118164062e+02, 4.026661804199219e+02, 4.2363134765625e+02, 5.106784301757813e+02, 4.02666748046875e+02, 4.648812443068048e+02, 4.171463467427437e+02, 4.026698608398438e+02, 5.204376529068898e+02, 4.026660461425781e+02, 4.026833923339844e+02, 4.989618103027344e+02, 4.026660766601562e+02, 4.031327087402344e+02, 4.2797880859375e+02, 4.026660522460937e+02, 4.031750427246094e+02, 4.595146789550781e+02, 4.026660888671875e+02, 4.060764953613281e+02, 5.15683837890625e+02, 4.02666455078125e+02, 4.223065795898438e+02, 5.182834000080773e+02, 4.026666198730469e+02, 4.845592407226562e+02, 4.302073852539062e+02, 4.026730346679688e+02, 5.615756504394164e+02, 4.026660461425781e+02, 4.031684936523437e+02, 5.096790938098451e+02, 4.026818237304688e+02, 4.034826782226563e+02, 4.448274353027344e+02, 4.026703125e+02, 4.059445068359375e+02, 5.230134887695312e+02, 4.02711962890625e+02, 4.70697119140625e+02, 5.506734052910862e+02, 4.059541870117188e+02, 5.232780151367188e+02, 5.50142212418833e+02, 4.037572631835938e+02, 5.763778887646149e+02, 4.368689697265625e+02, 4.050151672363281e+02]
