last-generated=2024-07-19
statistics-initialization=
{
  "nonlinear": "1, 0, 2, 0, 1, 0, 1, 0, 1, 0",
  "numerical Jacobians": "0"
}
statistics-simulation=
{
  "linear": "0, 0, 0, 0, 0, 0, 8, 0, 0, 0, 0, 0, 0, 0, 0, 0, 0, 0, 0, 0, 8, 0, 0, 0, 0, 0, 0,   0, 0, 0",
  "nonlinear": "1, 1, 1, 1, 1, 1, 1, 0, 0, 1, 1, 1, 1, 1, 1, 1",
  "number of continuous time states": "113",
  "numerical Jacobians": "0"
}
time=[0e+00, 8.64e+04]
heatPumpPower=[1.4345e+03, 3.89639892578125e+03, 3.948078125e+03, 3.9812880859375e+03, 4.002904296875e+03, 4.01704248046875e+03, 4.026294921875e+03, 4.01835546875e+03, 4.0629736328125e+03, 6.257630615234375e+02, 8.745105590820312e+02, 3.966285400390625e+03, 3.98855126953125e+03, 3.992771728515625e+03, 4.05040869140625e+03, 4.044894287109375e+03, 8.7462060546875e+02, 6.602725219726561e+02, 3.916829833984375e+03, 3.947133056640625e+03, 4.019561767578125e+03, 4.02409814453125e+03, 4.0166376953125e+03, 4.05678662109375e+03, 6.26610595703125e+02, 8.745106201171875e+02, 3.9615556640625e+03, 3.984916015625e+03, 3.990204833984375e+03, 4.047916748046875e+03, 4.0440927734375e+03, 9.505265502929688e+02, 6.598528442382812e+02, 3.874893310546875e+03, 3.9423525390625e+03, 4.016291503906249e+03, 4.022036865234375e+03, 4.015279541015625e+03, 4.054961181640625e+03, 6.268521728515625e+02, 8.745106201171875e+02, 3.95721337890625e+03, 3.982145263671875e+03, 3.988339111328125e+03, 4.046170166015625e+03, 4.04337841796875e+03, 1.43042138671875e+03, 6.606467895507812e+02, 3.837215087890625e+03, 3.938777587890625e+03, 4.01391650390625e+03, 4.02047509765625e+03, 4.014255615234375e+03, 4.0546767578125e+03, 6.269443359375e+02, 8.745106201171875e+02, 3.95388818359375e+03, 3.980099853515625e+03, 3.9869853515625e+03, 4.045064208984375e+03, 4.0428369140625e+03, 2.791333984375e+03, 6.612157592773438e+02, 3.78397119140625e+03, 3.93609814453125e+03, 4.01229736328125e+03, 4.019234130859375e+03, 4.013447998046875e+03, 4.05665283203125e+03, 6.268167114257815e+02, 8.745106811523439e+02, 3.95143896484375e+03, 3.978579833984375e+03, 3.986020751953125e+03, 4.044828125e+03, 4.042387451171875e+03, 4.0292373046875e+03, 6.598110961914062e+02, 3.420028076171875e+03, 3.93418408203125e+03, 4.011099365234375e+03, 4.0182587890625e+03, 4.012835693359375e+03, 4.059861572265625e+03, 6.264718627929688e+02, 8.745106811523438e+02, 3.9496533203125e+03, 3.977517578125e+03, 3.98539501953125e+03, 4.0450908203125e+03, 4.042008056640625e+03, 4.02898828125e+03, 6.6185546875e+02, 2.889271240234375e+03, 3.932922119140625e+03, 4.0098583984375e+03, 4.01750732421875e+03, 4.0124248046875e+03, 4.062475341796875e+03, 6.25945068359375e+02, 8.745106811523438e+02]
heatStorage.layer[1].T=[2.981499938964844e+02, 3.016968078613281e+02, 3.029641723632812e+02, 3.035884094238281e+02, 3.039617614746094e+02, 3.042005004882812e+02, 3.043561706542969e+02, 3.044581604003906e+02, 3.045218200683594e+02, 3.037593383789062e+02, 3.033174743652344e+02, 3.037634887695312e+02, 3.040765991210938e+02, 3.042713317871094e+02, 3.043957824707031e+02, 3.044883422851562e+02, 3.042911071777344e+02, 3.03468994140625e+02, 3.035165710449219e+02, 3.03926513671875e+02, 3.041685180664062e+02, 3.043354797363281e+02, 3.044450073242188e+02, 3.045134887695312e+02, 3.038668212890625e+02, 3.033488464355469e+02, 3.037123413085938e+02, 3.040466003417969e+02, 3.042525024414062e+02, 3.043836364746094e+02, 3.0448046875e+02, 3.044660339355469e+02, 3.035201416015625e+02, 3.034595031738281e+02, 3.038892517089844e+02, 3.041453247070312e+02, 3.043204956054688e+02, 3.044353942871094e+02, 3.045074768066406e+02, 3.039521179199219e+02, 3.033738098144531e+02, 3.036744995117188e+02, 3.040249633789062e+02, 3.042389831542969e+02, 3.043750305175781e+02, 3.044750671386719e+02, 3.045368347167969e+02, 3.035635375976562e+02, 3.034566955566406e+02, 3.038611755371094e+02, 3.041280822753906e+02, 3.043094787597656e+02, 3.044284057617188e+02, 3.04503173828125e+02, 3.040182495117188e+02, 3.03393310546875e+02, 3.036465759277344e+02, 3.0400927734375e+02, 3.042292785644531e+02, 3.043689880371094e+02, 3.044713439941406e+02, 3.045382995605469e+02, 3.03597900390625e+02, 3.034754028320312e+02, 3.038401184082031e+02, 3.041153564453125e+02, 3.043014831542969e+02, 3.044233703613281e+02, 3.045001220703125e+02, 3.040671081542969e+02, 3.034078063964844e+02, 3.036266784667969e+02, 3.039983520507812e+02, 3.042225952148438e+02, 3.043648986816406e+02, 3.04468994140625e+02, 3.04537109375e+02, 3.036234436035156e+02, 3.034817504882812e+02, 3.038251342773438e+02, 3.041064147949219e+02, 3.042960205078125e+02, 3.04419921875e+02, 3.044981384277344e+02, 3.040994873046875e+02, 3.034175415039062e+02, 3.036139831542969e+02, 3.039915466308594e+02, 3.042184753417969e+02, 3.043624572753906e+02, 3.044677734375e+02, 3.045365600585938e+02, 3.036405944824219e+02, 3.034771423339844e+02, 3.038154296875e+02, 3.041007995605469e+02, 3.042926940917969e+02, 3.044178466796875e+02, 3.044970092773438e+02, 3.04116943359375e+02, 3.034230041503906e+02]
heatStorage.layer[5].T=[2.981499938964844e+02, 3.027098388671875e+02, 3.061162414550781e+02, 3.085168762207031e+02, 3.102352905273438e+02, 3.114214172363281e+02, 3.122184143066406e+02, 3.127379455566406e+02, 3.13066162109375e+02, 3.106395263671875e+02, 3.081670532226562e+02, 3.091755981445312e+02, 3.107593078613281e+02, 3.117456970214844e+02, 3.124007873535156e+02, 3.129136352539062e+02, 3.1198681640625e+02, 3.093455200195312e+02, 3.078640441894531e+02, 3.09953857421875e+02, 3.112007751464844e+02, 3.120986633300781e+02, 3.12664306640625e+02, 3.130162353515625e+02, 3.109747924804688e+02, 3.084586791992188e+02, 3.089168090820312e+02, 3.106036987304688e+02, 3.116450500488281e+02, 3.123285522460938e+02, 3.128681640625e+02, 3.124371948242188e+02, 3.096863708496094e+02, 3.075172119140625e+02, 3.097572937011719e+02, 3.110756530761719e+02, 3.120159912109375e+02, 3.126097412109375e+02, 3.129804077148438e+02, 3.11209228515625e+02, 3.086658020019531e+02, 3.08727294921875e+02, 3.104909362792969e+02, 3.1157177734375e+02, 3.122786560058594e+02, 3.128360290527344e+02, 3.129558410644531e+02, 3.099103393554688e+02, 3.072784118652344e+02, 3.096098022460938e+02, 3.109829406738281e+02, 3.119548034667969e+02, 3.125693054199219e+02, 3.129543151855469e+02, 3.11375244140625e+02, 3.088142700195312e+02, 3.085875549316406e+02, 3.104088439941406e+02, 3.115185852050781e+02, 3.122431945800781e+02, 3.128132629394531e+02, 3.131569213867188e+02, 3.100728454589844e+02, 3.071260986328125e+02, 3.094984130859375e+02, 3.109149475097656e+02, 3.119096984863281e+02, 3.125390625e+02, 3.129356689453125e+02, 3.114902038574219e+02, 3.089179992675781e+02, 3.084887084960938e+02, 3.103511047363281e+02, 3.1148095703125e+02, 3.122195129394531e+02, 3.127979125976562e+02, 3.13147216796875e+02, 3.101864013671875e+02, 3.071105041503906e+02, 3.094182434082031e+02, 3.108681945800781e+02, 3.118782043457031e+02, 3.125173950195312e+02, 3.129236755371094e+02, 3.115628662109375e+02, 3.089841918945312e+02, 3.084260864257812e+02, 3.103144836425781e+02, 3.114566650390625e+02, 3.122060241699219e+02, 3.12788818359375e+02, 3.131408996582031e+02, 3.102592468261719e+02, 3.071831665039062e+02, 3.093651428222656e+02, 3.10839599609375e+02, 3.118583068847656e+02, 3.125030212402344e+02, 3.129178771972656e+02, 3.116007080078125e+02, 3.090191040039062e+02]
coldStorage.layer[5].T=[2.981499938964844e+02, 2.907706604003906e+02, 2.886040344238281e+02, 2.876393127441406e+02, 2.870843811035156e+02, 2.867330322265625e+02, 2.865040893554688e+02, 2.865081176757812e+02, 2.868319091796875e+02, 2.865348205566406e+02, 2.866264038085938e+02, 2.868022155761719e+02, 2.865130004882812e+02, 2.865710144042969e+02, 2.868178100585938e+02, 2.865289611816406e+02, 2.864920654296875e+02, 2.868438415527344e+02, 2.865306701660156e+02, 2.86563232421875e+02, 2.868200378417969e+02, 2.865307312011719e+02, 2.864916381835938e+02, 2.868388977050781e+02, 2.865431213378906e+02, 2.865992431640625e+02, 2.868109130859375e+02, 2.865205078125e+02, 2.865438842773438e+02, 2.868242492675781e+02, 2.865361328125e+02, 2.864632263183594e+02, 2.868497619628906e+02, 2.865343933105469e+02, 2.865588073730469e+02, 2.868207702636719e+02, 2.865313720703125e+02, 2.864888000488281e+02, 2.868394470214844e+02, 2.865451354980469e+02, 2.8658984375e+02, 2.868131408691406e+02, 2.865226135253906e+02, 2.865361022949219e+02, 2.868258056640625e+02, 2.865377502441406e+02, 2.864561157226562e+02, 2.868522033691406e+02, 2.865364074707031e+02, 2.865581970214844e+02, 2.868204956054688e+02, 2.865309753417969e+02, 2.86489990234375e+02, 2.86838623046875e+02, 2.865455627441406e+02, 2.865854797363281e+02, 2.868138732910156e+02, 2.865232849121094e+02, 2.865334167480469e+02, 2.868261108398438e+02, 2.865379943847656e+02, 2.864545593261719e+02, 2.868527526855469e+02, 2.865364074707031e+02, 2.865645141601562e+02, 2.868185424804688e+02, 2.865286254882812e+02, 2.8649853515625e+02, 2.868355407714844e+02, 2.865436096191406e+02, 2.865882568359375e+02, 2.868127136230469e+02, 2.865218811035156e+02, 2.865382690429688e+02, 2.868245544433594e+02, 2.865361328125e+02, 2.864612731933594e+02, 2.868489990234375e+02, 2.865340881347656e+02, 2.865771179199219e+02, 2.868149108886719e+02, 2.865244445800781e+02, 2.865138549804688e+02, 2.868307189941406e+02, 2.865395202636719e+02, 2.865975646972656e+02, 2.868096923828125e+02, 2.865185241699219e+02, 2.865499877929688e+02, 2.868211975097656e+02, 2.865323791503906e+02, 2.864754943847656e+02, 2.868428649902344e+02, 2.865296630859375e+02, 2.865948791503906e+02, 2.868094177246094e+02, 2.865187377929688e+02, 2.8653466796875e+02, 2.86824951171875e+02, 2.865335693359375e+02, 2.866122131347656e+02]
coldStorage.layer[1].T=[2.981499938964844e+02, 2.937608032226562e+02, 2.901885681152344e+02, 2.870996398925781e+02, 2.846739807128906e+02, 2.829359130859375e+02, 2.81749755859375e+02, 2.816031799316406e+02, 2.832652587890625e+02, 2.817347717285156e+02, 2.818528137207031e+02, 2.830202941894531e+02, 2.816944274902344e+02, 2.817558288574219e+02, 2.8315283203125e+02, 2.817824096679688e+02, 2.81499755859375e+02, 2.831900024414062e+02, 2.817117004394531e+02, 2.817257690429688e+02, 2.831713562011719e+02, 2.817879333496094e+02, 2.815473022460938e+02, 2.832826843261719e+02, 2.81781982421875e+02, 2.817705688476562e+02, 2.830879821777344e+02, 2.817309875488281e+02, 2.81681884765625e+02, 2.832126770019531e+02, 2.818176879882812e+02, 2.814732360839844e+02, 2.832059631347656e+02, 2.8172021484375e+02, 2.817132568359375e+02, 2.831812133789062e+02, 2.817924194335938e+02, 2.81540771484375e+02, 2.832836608886719e+02, 2.817991333007812e+02, 2.817437438964844e+02, 2.83110595703125e+02, 2.817420349121094e+02, 2.816615905761719e+02, 2.83227783203125e+02, 2.818268432617188e+02, 2.814615478515625e+02, 2.832249450683594e+02, 2.817248229980469e+02, 2.817117919921875e+02, 2.831822204589844e+02, 2.817918090820312e+02, 2.815444641113281e+02, 2.832830810546875e+02, 2.818074035644531e+02, 2.817320861816406e+02, 2.831206970214844e+02, 2.817463073730469e+02, 2.816550598144531e+02, 2.832325744628906e+02, 2.81829345703125e+02, 2.814583740234375e+02, 2.832267761230469e+02, 2.81720947265625e+02, 2.817294921875e+02, 2.831675109863281e+02, 2.817820129394531e+02, 2.815667419433594e+02, 2.832783203125e+02, 2.818034057617188e+02, 2.817415161132812e+02, 2.831133117675781e+02, 2.817406921386719e+02, 2.81668701171875e+02, 2.832232360839844e+02, 2.818218994140625e+02, 2.814754333496094e+02, 2.832245483398438e+02, 2.817085876464844e+02, 2.817652893066406e+02, 2.831373596191406e+02, 2.817634887695312e+02, 2.816068420410156e+02, 2.832630920410156e+02, 2.817879028320312e+02, 2.817705688476562e+02, 2.830895080566406e+02, 2.817259216308594e+02, 2.817010192871094e+02, 2.831990661621094e+02, 2.818053588867188e+02, 2.81510986328125e+02, 2.832163696289062e+02, 2.816879577636719e+02, 2.8181689453125e+02, 2.830935363769531e+02, 2.81737548828125e+02, 2.816622314453125e+02, 2.832301330566406e+02, 2.817626647949219e+02, 2.818163757324219e+02]
