last-generated=2019-05-28
statistics-simulation=
{
  "linear": " ",
  "nonlinear": " ",
  "number of continuous time states": "1",
  "numerical Jacobians": "0"
}
dotm_pump=[5.000000074505806e-02, 2.000000029802322e-01, 2.000000029802322e-01, 2.000000029802322e-01, 2.000000029802322e-01, 2.000000029802322e-01, 2.000000029802322e-01, 2.000000029802322e-01, 2.000000029802322e-01, 2.000000029802322e-01, 2.000000029802322e-01, 2.000000029802322e-01, 2.000000029802322e-01, 2.000000029802322e-01, 2.000000029802322e-01, 2.000000029802322e-01, 2.000000029802322e-01, 2.000000029802322e-01, 2.000000029802322e-01, 2.000000029802322e-01, 2.000000029802322e-01, 1.947570443153381e-01, 1.947570443153381e-01, 1.947570443153381e-01, 1.947570443153381e-01, 1.947570443153381e-01, 1.947570443153381e-01, 1.947570443153381e-01, 1.947570443153381e-01, 1.947570443153381e-01, 1.947570443153381e-01, 1.947570443153381e-01, 1.947570443153381e-01, 1.947570443153381e-01, 1.947570443153381e-01, 1.947570443153381e-01, 1.947570443153381e-01, 1.947570443153381e-01, 1.947570443153381e-01, 1.947570443153381e-01, 1.947570443153381e-01, 1.947570443153381e-01, 1.947570443153381e-01, 1.947570443153381e-01, 1.947570443153381e-01, 1.947570443153381e-01, 1.947570443153381e-01, 1.947570443153381e-01, 1.947570443153381e-01, 1.947570443153381e-01, 1.947570443153381e-01, 1.947570443153381e-01, 1.947570443153381e-01, 1.947570443153381e-01, 1.947570443153381e-01, 1.947570443153381e-01, 1.947570443153381e-01, 1.947570443153381e-01, 1.947570443153381e-01, 1.947570443153381e-01, 1.947570443153381e-01, 1.947570443153381e-01, 1.947570443153381e-01, 1.947570443153381e-01, 1.947570443153381e-01, 1.947570443153381e-01, 1.947570443153381e-01, 1.947570443153381e-01, 1.947570443153381e-01, 1.947570443153381e-01, 1.947570443153381e-01, 1.947570443153381e-01, 1.947570443153381e-01, 1.947570443153381e-01, 1.947570443153381e-01, 1.947570443153381e-01, 1.947570443153381e-01, 1.947570443153381e-01, 1.947570443153381e-01, 1.947570443153381e-01, 1.947570443153381e-01, 1.947570443153381e-01, 1.947570443153381e-01, 1.947570443153381e-01, 1.947570443153381e-01, 1.947570443153381e-01, 1.947570443153381e-01, 1.947570443153381e-01, 1.947570443153381e-01, 1.947570443153381e-01, 1.947570443153381e-01, 1.947570443153381e-01, 1.947570443153381e-01, 1.947570443153381e-01, 1.947570443153381e-01, 1.947570443153381e-01, 1.947570443153381e-01, 1.947570443153381e-01, 1.947570443153381e-01, 1.947570443153381e-01, 1.947570443153381e-01]
time=[0e+00, 1.728e+05]
setTemperature=[2.931499938964844e+02, 2.931499938964844e+02]
T_actually=[2.881499938964844e+02, 2.883900146484375e+02, 2.886300048828125e+02, 2.888699951171875e+02, 2.891099853515625e+02, 2.893500061035156e+02, 2.895899963378906e+02, 2.898299865722656e+02, 2.900700073242188e+02, 2.903099975585938e+02, 2.905499877929688e+02, 2.907900085449219e+02, 2.910299987792969e+02, 2.912699890136719e+02, 2.91510009765625e+02, 2.9175e+02, 2.91989990234375e+02, 2.922300109863281e+02, 2.924700012207031e+02, 2.927099914550781e+02, 2.929500122070312e+02, 2.931499938964844e+02, 2.931499938964844e+02, 2.931499938964844e+02, 2.931499938964844e+02, 2.931499938964844e+02, 2.931499938964844e+02, 2.931499938964844e+02, 2.931499938964844e+02, 2.931499938964844e+02, 2.931499938964844e+02, 2.931499938964844e+02, 2.931499938964844e+02, 2.931499938964844e+02, 2.931499938964844e+02, 2.931499938964844e+02, 2.931499938964844e+02, 2.931499938964844e+02, 2.931499938964844e+02, 2.931499938964844e+02, 2.931499938964844e+02, 2.931499938964844e+02, 2.931499938964844e+02, 2.931499938964844e+02, 2.931499938964844e+02, 2.931499938964844e+02, 2.931499938964844e+02, 2.931499938964844e+02, 2.931499938964844e+02, 2.931499938964844e+02, 2.931499938964844e+02, 2.931499938964844e+02, 2.931499938964844e+02, 2.931499938964844e+02, 2.931499938964844e+02, 2.931499938964844e+02, 2.931499938964844e+02, 2.931499938964844e+02, 2.931499938964844e+02, 2.931499938964844e+02, 2.931499938964844e+02, 2.931499938964844e+02, 2.931499938964844e+02, 2.931499938964844e+02, 2.931499938964844e+02, 2.931499938964844e+02, 2.931499938964844e+02, 2.931499938964844e+02, 2.931499938964844e+02, 2.931499938964844e+02, 2.931499938964844e+02, 2.931499938964844e+02, 2.931499938964844e+02, 2.931499938964844e+02, 2.931499938964844e+02, 2.931499938964844e+02, 2.931499938964844e+02, 2.931499938964844e+02, 2.931499938964844e+02, 2.931499938964844e+02, 2.931499938964844e+02, 2.931499938964844e+02, 2.931499938964844e+02, 2.931499938964844e+02, 2.931499938964844e+02, 2.931499938964844e+02, 2.931499938964844e+02, 2.931499938964844e+02, 2.931499938964844e+02, 2.931499938964844e+02, 2.931499938964844e+02, 2.931499938964844e+02, 2.931499938964844e+02, 2.931499938964844e+02, 2.931499938964844e+02, 2.931499938964844e+02, 2.931499938964844e+02, 2.931499938964844e+02, 2.931499938964844e+02, 2.931499938964844e+02, 2.931499938964844e+02]
