last-generated=2019-05-23
statistics-simulation=
{
  "linear": " ",
  "nonlinear": " ",
  "number of continuous time states": "1",
  "numerical Jacobians": "0"
}
airCurtainSimplyfied.Power=[0e+00, 0e+00, 0e+00, 0e+00, 0e+00, 0e+00, 0e+00, 0e+00, 0e+00, 0e+00, 0e+00, 0e+00, 0e+00, 0e+00, 0e+00, 0e+00, 0e+00, 0e+00, 0e+00, 0e+00, 0e+00, 0e+00, 0e+00, 0e+00, 0e+00, 0e+00, 0e+00, 0e+00, 0e+00, 0e+00, 5e+04, 5e+04, 5e+04, 5e+04, 5e+04, 5e+04, 5e+04, 5e+04, 5e+04, 5e+04, 5e+04, 5e+04, 5e+04, 5e+04, 5e+04, 5e+04, 5e+04, 5e+04, 5e+04, 5e+04, 5e+04, 5e+04, 5e+04, 5e+04, 5e+04, 5e+04, 5e+04, 5e+04, 5e+04, 5e+04, 5e+04, 5e+04, 5e+04, 0e+00, 0e+00, 0e+00, 0e+00, 5e+04, 5e+04, 5e+04, 5e+04, 5e+04, 5e+04, 5e+04, 5e+04, 5e+04, 5e+04, 5e+04, 5e+04, 5e+04, 0e+00, 0e+00, 0e+00, 0e+00, 0e+00, 0e+00, 0e+00, 0e+00, 0e+00, 0e+00, 0e+00, 0e+00, 0e+00, 0e+00, 0e+00, 0e+00, 0e+00, 0e+00, 0e+00, 0e+00, 0e+00]
time=[0e+00, 8.64e+04]
airload.T=[2.931499938964844e+02, 2.931499938964844e+02, 2.931499938964844e+02, 2.931499938964844e+02, 2.931499938964844e+02, 2.931499938964844e+02, 2.931499938964844e+02, 2.931499938964844e+02, 2.931499938964844e+02, 2.931499938964844e+02, 2.931499938964844e+02, 2.931499938964844e+02, 2.931499938964844e+02, 2.931499938964844e+02, 2.931499938964844e+02, 2.931499938964844e+02, 2.931499938964844e+02, 2.931499938964844e+02, 2.931499938964844e+02, 2.931499938964844e+02, 2.931499938964844e+02, 2.931499938964844e+02, 2.931499938964844e+02, 2.931499938964844e+02, 2.931499938964844e+02, 2.931499938964844e+02, 2.931499938964844e+02, 2.931499938964844e+02, 2.931499938964844e+02, 2.931499938964844e+02, 2.927341613769531e+02, 2.923184814453125e+02, 2.918198852539062e+02, 2.916014404296875e+02, 2.919503173828125e+02, 2.926734008789062e+02, 2.935115661621094e+02, 2.942203674316406e+02, 2.946114196777344e+02, 2.949280700683594e+02, 2.9521728515625e+02, 2.954507446289062e+02, 2.956036682128906e+02, 2.95720458984375e+02, 2.958323059082031e+02, 2.959502563476562e+02, 2.960848083496094e+02, 2.962287292480469e+02, 2.963727416992188e+02, 2.965167236328125e+02, 2.966607360839844e+02, 2.968047485351562e+02, 2.9694873046875e+02, 2.970927429199219e+02, 2.972367248535156e+02, 2.973721008300781e+02, 2.974877624511719e+02, 2.975976867675781e+02, 2.97716796875e+02, 2.97966552734375e+02, 2.986455078125e+02, 2.995155334472656e+02, 3.00287841796875e+02, 3.006508483886719e+02, 3.006508483886719e+02, 3.006508483886719e+02, 3.006508483886719e+02, 3.004518737792969e+02, 2.99759765625e+02, 2.988721008300781e+02, 2.981020202636719e+02, 2.977583312988281e+02, 2.977299194335938e+02, 2.9777001953125e+02, 2.978080139160156e+02, 2.977737731933594e+02, 2.976607971191406e+02, 2.975319213867188e+02, 2.974031982421875e+02, 2.972900390625e+02, 2.972737121582031e+02, 2.972737121582031e+02, 2.972737121582031e+02, 2.972737121582031e+02, 2.972737121582031e+02, 2.972737121582031e+02, 2.972737121582031e+02, 2.972737121582031e+02, 2.972737121582031e+02, 2.972737121582031e+02, 2.972737121582031e+02, 2.972737121582031e+02, 2.972737121582031e+02, 2.972737121582031e+02, 2.972737121582031e+02, 2.972737121582031e+02, 2.972737121582031e+02, 2.972737121582031e+02, 2.972737121582031e+02, 2.972737121582031e+02, 2.972737121582031e+02]
