last-generated=2019-05-28
statistics-simulation=
{
  "linear": "0, 0, 0, 0, 0, 0, 0, 0, 0, 0, 0, 0, 0, 0, 0, 0, 0, 0, 0, 0, 0, 0, 0, 0, 0, 0, 0,   0, 0, 0, 0, 0, 0, 0, 0, 0, 0, 0, 0, 0, 0, 0, 0, 0, 0, 0, 0, 0, 0, 0",
  "nonlinear": " ",
  "number of continuous time states": "53",
  "numerical Jacobians": "0"
}
T_layers1[4]=[2.931499938964844e+02, 2.925521850585938e+02, 2.922128601074219e+02, 2.919811401367188e+02, 2.918296203613281e+02, 2.91739990234375e+02, 2.916992797851562e+02, 2.916978759765625e+02, 2.917286376953125e+02, 2.917859191894531e+02, 2.918651733398438e+02, 2.919627075195312e+02, 2.920753784179688e+02, 2.92200439453125e+02, 2.923356018066406e+02, 2.924788208007812e+02, 2.926282653808594e+02, 2.927824096679688e+02, 2.929398193359375e+02, 2.930992736816406e+02, 2.93259765625e+02, 2.934203186035156e+02, 2.935801391601562e+02, 2.937385559082031e+02, 2.938949584960938e+02, 2.940488891601562e+02, 2.941999206542969e+02, 2.943476867675781e+02, 2.94491943359375e+02, 2.946324768066406e+02, 2.947691040039062e+02, 2.949017028808594e+02, 2.950302124023438e+02, 2.951545715332031e+02, 2.952747497558594e+02, 2.953907470703125e+02, 2.955025634765625e+02, 2.956102905273438e+02, 2.957139587402344e+02, 2.958136596679688e+02, 2.959094543457031e+02, 2.960014343261719e+02, 2.960897216796875e+02, 2.961744079589844e+02, 2.962555847167969e+02, 2.963334045410156e+02, 2.964079284667969e+02, 2.964792785644531e+02, 2.965475769042969e+02, 2.966129150390625e+02, 2.966754150390625e+02, 2.967351989746094e+02, 2.967923583984375e+02, 2.968469848632812e+02, 2.968992004394531e+02, 2.969490661621094e+02, 2.969967346191406e+02, 2.970422668457031e+02, 2.970857238769531e+02, 2.971272583007812e+02, 2.971669311523438e+02, 2.972047729492188e+02, 2.972409362792969e+02, 2.972754516601562e+02, 2.973084106445312e+02, 2.973398742675781e+02, 2.973699035644531e+02, 2.973985595703125e+02, 2.974259338378906e+02, 2.974520568847656e+02, 2.974769897460938e+02, 2.975007934570312e+02, 2.975235290527344e+02, 2.975452270507812e+02, 2.975659484863281e+02, 2.975857238769531e+02, 2.976046142578125e+02, 2.976226501464844e+02, 2.976398620605469e+02, 2.976563110351562e+02, 2.976720275878906e+02, 2.976870422363281e+02, 2.977013854980469e+02, 2.977150573730469e+02, 2.977281494140625e+02, 2.977406616210938e+02, 2.977526245117188e+02, 2.977640380859375e+02, 2.977749633789062e+02, 2.97785400390625e+02, 2.977953796386719e+02, 2.97804931640625e+02, 2.978140563964844e+02, 2.978228149414062e+02, 2.978311767578125e+02, 2.978391723632812e+02, 2.978468322753906e+02, 2.978541870117188e+02, 2.978612060546875e+02, 2.97867919921875e+02, 2.978743896484375e+02]
T_layers1[7]=[2.931499938964844e+02, 2.932830505371094e+02, 2.936256103515625e+02, 2.941127319335938e+02, 2.94673828125e+02, 2.95251220703125e+02, 2.958098449707031e+02, 2.96332275390625e+02, 2.968118286132812e+02, 2.972477722167969e+02, 2.976423034667969e+02, 2.979991149902344e+02, 2.983224487304688e+02, 2.986166076660156e+02, 2.988857727050781e+02, 2.991336364746094e+02, 2.993635559082031e+02, 2.995784912109375e+02, 2.997809448242188e+02, 2.999730224609375e+02, 3.001565856933594e+02, 3.003330078125e+02, 3.005035705566406e+02, 3.006691589355469e+02, 3.0083056640625e+02, 3.009884338378906e+02, 3.011431579589844e+02, 3.012951354980469e+02, 3.01444580078125e+02, 3.015916442871094e+02, 3.017364807128906e+02, 3.018790588378906e+02, 3.020194396972656e+02, 3.021575927734375e+02, 3.022935180664062e+02, 3.0242724609375e+02, 3.025586547851562e+02, 3.026876220703125e+02, 3.028141479492188e+02, 3.029381408691406e+02, 3.030595092773438e+02, 3.031782531738281e+02, 3.032942810058594e+02, 3.034075622558594e+02, 3.035180358886719e+02, 3.036256713867188e+02, 3.0373046875e+02, 3.038323974609375e+02, 3.039314880371094e+02, 3.040277404785156e+02, 3.041211242675781e+02, 3.042117309570312e+02, 3.042995300292969e+02, 3.043845520019531e+02, 3.044668579101562e+02, 3.045464782714844e+02, 3.046234436035156e+02, 3.046977844238281e+02, 3.047695922851562e+02, 3.048388977050781e+02, 3.0490576171875e+02, 3.049702453613281e+02, 3.050323791503906e+02, 3.050922546386719e+02, 3.0514990234375e+02, 3.052054443359375e+02, 3.052588500976562e+02, 3.053102722167969e+02, 3.053597106933594e+02, 3.054072570800781e+02, 3.054529724121094e+02, 3.054969177246094e+02, 3.055391235351562e+02, 3.055796813964844e+02, 3.056186218261719e+02, 3.056560363769531e+02, 3.056919250488281e+02, 3.057264099121094e+02, 3.057594604492188e+02, 3.057911987304688e+02, 3.058216247558594e+02, 3.05850830078125e+02, 3.058788146972656e+02, 3.059056701660156e+02, 3.059314270019531e+02, 3.059561157226562e+02, 3.059797973632812e+02, 3.060025024414062e+02, 3.060242614746094e+02, 3.060451354980469e+02, 3.060651245117188e+02, 3.060842895507812e+02, 3.061026611328125e+02, 3.061203002929688e+02, 3.0613720703125e+02, 3.061533813476562e+02, 3.061689147949219e+02, 3.061838073730469e+02, 3.061980895996094e+02, 3.062117919921875e+02, 3.062249145507812e+02]
T_layers1[1]=[2.931499938964844e+02, 2.951544494628906e+02, 2.969148864746094e+02, 2.984390869140625e+02, 2.997583923339844e+02, 3.009058532714844e+02, 3.019089050292969e+02, 3.027901000976562e+02, 3.035679626464844e+02, 3.042578430175781e+02, 3.048724060058594e+02, 3.054223022460938e+02, 3.059163513183594e+02, 3.063619689941406e+02, 3.067654113769531e+02, 3.071319580078125e+02, 3.074661254882812e+02, 3.07771728515625e+02, 3.080520629882812e+02, 3.083099060058594e+02, 3.085476379394531e+02, 3.087673645019531e+02, 3.089708862304688e+02, 3.091597900390625e+02, 3.093354797363281e+02, 3.094991455078125e+02, 3.096518859863281e+02, 3.097946472167969e+02, 3.099282836914062e+02, 3.100534973144531e+02, 3.101710205078125e+02, 3.102813720703125e+02, 3.103851318359375e+02, 3.104827575683594e+02, 3.105747375488281e+02, 3.106615295410156e+02, 3.107434387207031e+02, 3.1082080078125e+02, 3.108939208984375e+02, 3.109630432128906e+02, 3.110284729003906e+02, 3.110903930664062e+02, 3.111490173339844e+02, 3.112045288085938e+02, 3.112571716308594e+02, 3.113070373535156e+02, 3.113543395996094e+02, 3.113992309570312e+02, 3.114418334960938e+02, 3.114822998046875e+02, 3.115207214355469e+02, 3.115572204589844e+02, 3.115918884277344e+02, 3.116248474121094e+02, 3.116562194824219e+02, 3.116860046386719e+02, 3.1171435546875e+02, 3.117413330078125e+02, 3.117669982910156e+02, 3.117914123535156e+02, 3.118146667480469e+02, 3.118367919921875e+02, 3.118578796386719e+02, 3.118779602050781e+02, 3.118970947265625e+02, 3.119153137207031e+02, 3.119327087402344e+02, 3.119492797851562e+02, 3.119650573730469e+02, 3.119801330566406e+02, 3.119945068359375e+02, 3.120082397460938e+02, 3.120213012695312e+02, 3.120338134765625e+02, 3.120457153320312e+02, 3.120570983886719e+02, 3.120679626464844e+02, 3.12078369140625e+02, 3.120882568359375e+02, 3.120977478027344e+02, 3.121067810058594e+02, 3.121154479980469e+02, 3.121237182617188e+02, 3.121316223144531e+02, 3.121391906738281e+02, 3.121464538574219e+02, 3.121533813476562e+02, 3.121600341796875e+02, 3.121663818359375e+02, 3.121724853515625e+02, 3.121783142089844e+02, 3.121839294433594e+02, 3.121893005371094e+02, 3.121944580078125e+02, 3.121994018554688e+02, 3.122041625976562e+02, 3.122087097167969e+02, 3.122130737304688e+02, 3.1221728515625e+02, 3.122213134765625e+02, 3.122251892089844e+02]
T_layers1[10]=[2.931499938964844e+02, 2.96507080078125e+02, 2.995155639648438e+02, 3.020274047851562e+02, 3.041106262207031e+02, 3.058535766601562e+02, 3.073310241699219e+02, 3.086015014648438e+02, 3.097098388671875e+02, 3.106900939941406e+02, 3.115679931640625e+02, 3.123628540039062e+02, 3.130892028808594e+02, 3.137579040527344e+02, 3.143770141601562e+02, 3.149527587890625e+02, 3.154898071289062e+02, 3.159920043945312e+02, 3.164623413085938e+02, 3.169031982421875e+02, 3.173166198730469e+02, 3.177044677734375e+02, 3.180685729980469e+02, 3.184104614257812e+02, 3.187317504882812e+02, 3.19033935546875e+02, 3.193184204101562e+02, 3.195865173339844e+02, 3.198394775390625e+02, 3.200785217285156e+02, 3.203047790527344e+02, 3.20519287109375e+02, 3.207230224609375e+02, 3.209169311523438e+02, 3.211018676757812e+02, 3.21278564453125e+02, 3.2144775390625e+02, 3.216100769042969e+02, 3.217660827636719e+02, 3.219162902832031e+02, 3.220611572265625e+02, 3.222010498046875e+02, 3.223363952636719e+02, 3.224674682617188e+02, 3.225945739746094e+02, 3.227179565429688e+02, 3.228378295898438e+02, 3.22954345703125e+02, 3.230677185058594e+02, 3.231780700683594e+02, 3.232854919433594e+02, 3.2339013671875e+02, 3.234920043945312e+02, 3.235912475585938e+02, 3.236878967285156e+02, 3.237820129394531e+02, 3.238736267089844e+02, 3.239628295898438e+02, 3.240496215820312e+02, 3.241340637207031e+02, 3.242161865234375e+02, 3.242960510253906e+02, 3.243736572265625e+02, 3.244490356445312e+02, 3.245222778320312e+02, 3.245933532714844e+02, 3.246623229980469e+02, 3.247292175292969e+02, 3.247940673828125e+02, 3.248569030761719e+02, 3.249177856445312e+02, 3.249767150878906e+02, 3.250337524414062e+02, 3.250889282226562e+02, 3.251423034667969e+02, 3.251939086914062e+02, 3.252437438964844e+02, 3.252919006347656e+02, 3.253384399414062e+02, 3.253833618164062e+02, 3.254267272949219e+02, 3.254685668945312e+02, 3.255089111328125e+02, 3.255478515625e+02, 3.255854187011719e+02, 3.256216125488281e+02, 3.256565246582031e+02, 3.256901550292969e+02, 3.257225646972656e+02, 3.257537841796875e+02, 3.257838439941406e+02, 3.258127746582031e+02, 3.258406372070312e+02, 3.25867431640625e+02, 3.258932495117188e+02, 3.259180603027344e+02, 3.259419250488281e+02, 3.259648742675781e+02, 3.259869689941406e+02, 3.260081787109375e+02, 3.26028564453125e+02]
time=[0e+00, 7.2e+04]
