last-generated=2021-05-09
statistics-simulation=
{
  "linear": " ",
  "nonlinear": " ",
  "number of continuous time states": "1",
  "numerical Jacobians": "0"
}
time=[0e+00, 6e+01]
senStr.port_a.m_flow=[1e+00, 9.800000198682163e-01, 9.599999801317882e-01, 9.399999960263539e-01, 9.200000198682181e-01, 8.999999761581421e-01, 8.799999920527108e-01, 8.600000079472923e-01, 8.399999801317788e-01, 8.199999960263665e-01, 8.00000011920929e-01, 7.79999968210894e-01, 7.599999841054343e-01, 7.400000158945657e-01, 7.200000158946351e-01, 6.99999988079071e-01, 6.800000198681517e-01, 6.600000198681959e-01, 6.399999920527331e-01, 6.199999920527772e-01, 6.000000238418579e-01, 5.799999960262938e-01, 5.599999960263381e-01, 5.400000278155198e-01, 5.199999682109193e-01, 5e-01, 4.800000019867583e-01, 4.600000337756495e-01, 4.399999721846254e-01, 4.199999741714786e-01, 4.000000059604645e-01, 3.800000079472228e-01, 3.600000397361141e-01, 3.399999781450899e-01, 3.199999801319429e-01, 3.00000011920929e-01, 2.800000139076874e-01, 2.600000158944457e-01, 2.399999692044879e-01, 2.1999998609236e-01, 2.000000029802322e-01, 1.800000198681045e-01, 1.600000218549101e-01, 1.399999751649524e-01, 1.199999846022203e-01, 1.000000014901161e-01, 8.000001092743132e-02, 6.000002409006062e-02, 3.9999973674789e-02, 1.999998683740042e-02, -2.442490654175344e-15, -1.999998683740042e-02, -3.9999973674789e-02, -6.000002409006062e-02, -7.999994735038643e-02, -1.000000014901161e-01, -1.200000481792654e-01, -1.39999975164548e-01, -1.600000218553142e-01, -1.799999562909882e-01, -2.000000029802322e-01, -2.200000496694763e-01, -2.399999692040838e-01, -2.600000158948497e-01, -2.799999503305237e-01, -3.00000011920929e-01, -3.200000437090118e-01, -3.399999781446858e-01, -3.600000397365184e-01, -3.799999443700592e-01, -4.000000059604645e-01, -4.200000377485471e-01, -4.39999972184221e-01, -4.600000337760537e-01, -4.799999384099737e-01, -5e-01, -5.200000317880829e-01, -5.399999960260792e-01, -5.60000027815779e-01, -5.799999324491305e-01, -6.000000238418579e-01, -6.200000556299408e-01, -6.399999602632921e-01, -6.600000516572576e-01, -6.799999562909882e-01, -6.99999988079071e-01, -7.200000794710408e-01, -7.399999841051502e-01, -7.600000158948498e-01, -7.799999205289592e-01, -8.00000011920929e-01, -8.200000437090118e-01, -8.399999483427424e-01, -8.600000397367079e-01, -8.799999443700592e-01, -8.999999761581421e-01, -9.200000675508695e-01, -9.39999972184221e-01, -9.600000039739208e-01, -9.799999682119171e-01, -1e+00]
senStr.s=[9.535915374755859e+01, 9.535915374755859e+01, 9.535915374755859e+01, 9.535915374755859e+01, 9.535915374755859e+01, 9.535915374755859e+01, 9.535915374755859e+01, 9.535915374755859e+01, 9.535915374755859e+01, 9.535915374755859e+01, 9.535915374755859e+01, 9.535915374755859e+01, 9.535915374755859e+01, 9.535915374755859e+01, 9.535915374755859e+01, 9.535915374755859e+01, 9.535915374755859e+01, 9.535915374755859e+01, 9.535915374755859e+01, 9.535915374755859e+01, 9.535915374755859e+01, 9.535915374755859e+01, 9.535915374755859e+01, 9.535915374755859e+01, 9.535915374755859e+01, 9.535915374755859e+01, 9.535915374755859e+01, 9.535915374755859e+01, 9.535915374755859e+01, 9.535915374755859e+01, 9.535915374755859e+01, 9.535915374755859e+01, 9.535915374755859e+01, 9.535915374755859e+01, 9.535915374755859e+01, 9.535915374755859e+01, 9.535915374755859e+01, 9.535915374755859e+01, 9.535915374755859e+01, 9.535915374755859e+01, 9.535915374755859e+01, 9.535915374755859e+01, 9.535915374755859e+01, 9.535915374755859e+01, 9.535915374755859e+01, 9.535915374755859e+01, 9.535915374755859e+01, 9.535915374755859e+01, 9.535915374755859e+01, 9.535915374755859e+01, 9.535914611816406e+01, 9.485720882568262e+01, 9.3360750693326e+01, 9.0896068537528e+01, 8.750667761735308e+01, 8.325208282470703e+01, 7.82056440099347e+01, 7.245230867263571e+01, 6.608666904598746e+01, 5.921029168550419e+01, 5.192861557006836e+01, 4.434893745098832e+01, 3.657752841096103e+01, 2.871680212526865e+01, 2.086396109877908e+01, 1.310863208770752e+01, 5.53163735011791e+00, -1.796193368508382e+00, -8.814887123994421e+00, -1.547538723694298e+01, -2.173990631103516e+01, -2.758131873859403e+01, -3.298271277995472e+01, -3.79366972418353e+01, -4.244418759576104e+01, -4.651356887817383e+01, -5.015934473615297e+01, -5.34010809764043e+01, -5.626228668756654e+01, -5.876918952491283e+01, -6.094990158081055e+01, -6.283327158029903e+01, -6.444834707296329e+01, -6.582372442087168e+01, -6.698689757109491e+01, -6.796391296386719e+01, -6.877886384998791e+01, -6.945400158660556e+01, -7.000959077456669e+01, -7.046376694329962e+01, -7.083258819580078e+01, -7.11300894679583e+01, -7.136847659128395e+01, -7.155824300720698e+01, -7.170831264214762e+01, -7.182623291015625e+01, -7.19182817558906e+01, -7.198968497695678e+01, -7.204470068207645e+01, -7.208680715522715e+01, -7.211882019042969e+01]
senFloSou.s=[9.535915374755859e+01, 9.535915374755859e+01]
