last-generated=2021-05-06
statistics-initialization=
{
  "nonlinear": "1",
  "numerical Jacobians": "0"
}
statistics-simulation=
{
  "linear": "0, 0",
  "nonlinear": "1",
  "number of continuous time states": "9",
  "numerical Jacobians": "0"
}
time=[0e+00, 1e+05]
demand.senT_supply.T=[3.331499938964844e+02, 3.476392822265625e+02, 3.47713134765625e+02, 3.477219543457031e+02, 3.4767333984375e+02, 3.475538330078125e+02, 3.473417663574219e+02, 3.470574951171875e+02, 3.468970642089844e+02, 3.471374206542969e+02, 3.474627685546875e+02, 3.476391296386719e+02, 3.477131958007812e+02, 3.47721923828125e+02, 3.476731567382812e+02, 3.475552062988281e+02, 3.473419799804688e+02, 3.470575866699219e+02, 3.468971862792969e+02, 3.471382141113281e+02, 3.474624633789062e+02, 3.476391296386719e+02, 3.477130737304688e+02, 3.477218933105469e+02, 3.47673095703125e+02, 3.475539245605469e+02, 3.473424072265625e+02, 3.470574645996094e+02, 3.468970031738281e+02, 3.47137939453125e+02, 3.474626159667969e+02, 3.476391296386719e+02, 3.477131958007812e+02, 3.477219543457031e+02, 3.476732177734375e+02, 3.475538635253906e+02, 3.473418273925781e+02, 3.470575256347656e+02, 3.468970336914062e+02, 3.471379699707031e+02, 3.474625854492188e+02, 3.476390686035156e+02, 3.477132263183594e+02, 3.477219848632812e+02, 3.476731872558594e+02, 3.475538940429688e+02, 3.47341796875e+02, 3.470576782226562e+02, 3.468970947265625e+02, 3.471380310058594e+02, 3.474626770019531e+02, 3.476391906738281e+02, 3.47713134765625e+02, 3.47721923828125e+02, 3.4767333984375e+02, 3.475539245605469e+02, 3.473419189453125e+02, 3.470576171875e+02, 3.468970642089844e+02, 3.471377258300781e+02, 3.474624633789062e+02, 3.4763916015625e+02, 3.477130737304688e+02, 3.477220458984375e+02, 3.4767333984375e+02, 3.475538940429688e+02, 3.473419189453125e+02, 3.470579528808594e+02, 3.468974609375e+02, 3.471381530761719e+02, 3.47462646484375e+02, 3.4763916015625e+02, 3.477130432128906e+02, 3.477218933105469e+02, 3.476731872558594e+02, 3.475538330078125e+02, 3.473418884277344e+02, 3.470578002929688e+02, 3.468970947265625e+02, 3.471384582519531e+02, 3.474626770019531e+02, 3.4763916015625e+02, 3.477131042480469e+02, 3.477219543457031e+02, 3.476737976074219e+02, 3.475537719726562e+02, 3.4734228515625e+02, 3.470575256347656e+02, 3.468970336914062e+02, 3.471379089355469e+02, 3.474625244140625e+02, 3.476391906738281e+02, 3.477130737304688e+02, 3.477218627929688e+02, 3.476731262207031e+02, 3.475538940429688e+02, 3.473420715332031e+02, 3.470575866699219e+02, 3.468972778320312e+02, 3.471380920410156e+02, 3.474625854492188e+02]
demand.senT_return.T=[3.331499938964844e+02, 3.276388854980469e+02, 3.277130126953125e+02, 3.277220153808594e+02, 3.276736145019531e+02, 3.275545349121094e+02, 3.273433532714844e+02, 3.270597839355469e+02, 3.268968505859375e+02, 3.271351928710938e+02, 3.27461669921875e+02, 3.276387634277344e+02, 3.277130737304688e+02, 3.277219543457031e+02, 3.276734313964844e+02, 3.27555908203125e+02, 3.273435363769531e+02, 3.270599060058594e+02, 3.2689697265625e+02, 3.271359252929688e+02, 3.274614868164062e+02, 3.276387329101562e+02, 3.277129516601562e+02, 3.277219543457031e+02, 3.276733703613281e+02, 3.275546264648438e+02, 3.27343994140625e+02, 3.270597839355469e+02, 3.268968200683594e+02, 3.271356506347656e+02, 3.274615478515625e+02, 3.276387329101562e+02, 3.277130737304688e+02, 3.277220153808594e+02, 3.276734924316406e+02, 3.275545654296875e+02, 3.273434448242188e+02, 3.270598449707031e+02, 3.268968505859375e+02, 3.271356811523438e+02, 3.274614868164062e+02, 3.276387023925781e+02, 3.277131042480469e+02, 3.277220458984375e+02, 3.276734619140625e+02, 3.275545959472656e+02, 3.273433837890625e+02, 3.270599975585938e+02, 3.268969116210938e+02, 3.271357421875e+02, 3.274615783691406e+02, 3.276387939453125e+02, 3.277130126953125e+02, 3.277219848632812e+02, 3.276736145019531e+02, 3.275546264648438e+02, 3.273435363769531e+02, 3.270599365234375e+02, 3.268968505859375e+02, 3.271354064941406e+02, 3.274613952636719e+02, 3.276387939453125e+02, 3.277129516601562e+02, 3.277221069335938e+02, 3.276736145019531e+02, 3.275545959472656e+02, 3.27343505859375e+02, 3.270602416992188e+02, 3.268972778320312e+02, 3.271358642578125e+02, 3.274615478515625e+02, 3.276387329101562e+02, 3.277129516601562e+02, 3.277219543457031e+02, 3.276734619140625e+02, 3.275545349121094e+02, 3.273434448242188e+02, 3.270596618652344e+02, 3.268968811035156e+02, 3.271361694335938e+02, 3.274616394042969e+02, 3.276387634277344e+02, 3.277129821777344e+02, 3.277220153808594e+02, 3.27674072265625e+02, 3.275544738769531e+02, 3.273438720703125e+02, 3.270598449707031e+02, 3.268968200683594e+02, 3.271356506347656e+02, 3.274614562988281e+02, 3.276387939453125e+02, 3.277129821777344e+02, 3.27721923828125e+02, 3.276734008789062e+02, 3.275545959472656e+02, 3.273436889648438e+02, 3.270599060058594e+02, 3.268970947265625e+02, 3.271358337402344e+02, 3.274615173339844e+02]
demand.port_a.m_flow=[2.869678437709808e-01, 3.713055551052094e-01, 4.234291315078735e-01, 4.234291315078735e-01, 3.713055551052094e-01, 2.869678437709808e-01, 2.026301026344299e-01, 1.505065113306045e-01, 1.505065113306046e-01, 2.026301026344299e-01, 2.869678437709808e-01, 3.713055551052094e-01, 4.234291315078735e-01, 4.234291315078735e-01, 3.713055551052092e-01, 2.869678437709808e-01, 2.026301026344299e-01, 1.505065113306046e-01, 1.505065113306046e-01, 2.026301026344299e-01, 2.869678437709808e-01, 3.713055551052094e-01, 4.234291315078735e-01, 4.234291315078735e-01, 3.713055551052094e-01, 2.869678437709808e-01, 2.026301026344299e-01, 1.505065113306046e-01, 1.505065113306047e-01, 2.026301026344297e-01, 2.869678437709808e-01, 3.713055551052094e-01, 4.234291315078735e-01, 4.234291315078735e-01, 3.713055551052094e-01, 2.869678437709808e-01, 2.026301026344299e-01, 1.505065113306046e-01, 1.505065113306046e-01, 2.026301026344299e-01, 2.869678437709808e-01, 3.713055551052094e-01, 4.234291315078735e-01, 4.234291315078735e-01, 3.713055551052094e-01, 2.869678437709808e-01, 2.026301026344299e-01, 1.505065113306046e-01, 1.505065113306046e-01, 2.026301026344299e-01, 2.869678437709808e-01, 3.713055551052094e-01, 4.234291315078735e-01, 4.234291315078735e-01, 3.713055551052094e-01, 2.869678437709802e-01, 2.026301026344294e-01, 1.505065113306048e-01, 1.505065113306044e-01, 2.026301026344299e-01, 2.869678437709808e-01, 3.713055551052094e-01, 4.234291315078735e-01, 4.234291315078735e-01, 3.713055551052094e-01, 2.869678437709808e-01, 2.026301026344299e-01, 1.505065113306046e-01, 1.505065113306046e-01, 2.026301026344299e-01, 2.869678437709808e-01, 3.713055551052094e-01, 4.234291315078735e-01, 4.234291315078735e-01, 3.713055551052094e-01, 2.869678437709808e-01, 2.026301026344299e-01, 1.505065113306046e-01, 1.505065113306046e-01, 2.026301026344299e-01, 2.869678437709808e-01, 3.713055551052094e-01, 4.234291315078735e-01, 4.234291315078735e-01, 3.713055551052094e-01, 2.869678437709808e-01, 2.026301026344299e-01, 1.505065113306046e-01, 1.505065113306046e-01, 2.026301026344299e-01, 2.869678437709808e-01, 3.713055551052094e-01, 4.234291315078735e-01, 4.234291315078735e-01, 3.713055551052094e-01, 2.869678437709808e-01, 2.026301026344299e-01, 1.505065113306046e-01, 1.505065113306046e-01, 2.026301026344299e-01, 2.869678437709808e-01]
