last-generated=2022-10-24
statistics-initialization=
{
  "nonlinear": "1, 1",
  "numerical Jacobians": "0"
}
statistics-simulation=
{
  "linear": "0",
  "nonlinear": "1, 1",
  "number of continuous time states": "17",
  "numerical Jacobians": "0"
}
time=[0e+00, 8.64e+04]
storageSimple.layer[1].T=[3.081499938964844e+02, 3.022697448730469e+02, 3.046280212402344e+02, 3.067361145019531e+02, 3.087852478027344e+02, 3.108199768066406e+02, 3.119888305664062e+02, 3.11837890625e+02, 3.1098486328125e+02, 3.101068420410156e+02, 3.105144958496094e+02, 3.118084411621094e+02, 3.116736145019531e+02, 3.107412109375e+02, 3.097090759277344e+02, 3.107855834960938e+02, 3.116216125488281e+02, 3.111678466796875e+02, 3.100040588378906e+02, 3.099985961914062e+02, 3.114984436035156e+02, 3.111942749023438e+02, 3.101079406738281e+02, 3.096569213867188e+02, 3.109228515625e+02, 3.110477905273438e+02, 3.100591735839844e+02, 3.0944140625e+02, 3.105311889648438e+02, 3.10985595703125e+02, 3.099925537109375e+02, 3.092148742675781e+02, 3.1011865234375e+02, 3.111806335449219e+02, 3.101135559082031e+02, 3.089927673339844e+02, 3.095726623535156e+02, 3.104942932128906e+02, 3.106304931640625e+02, 3.092623596191406e+02, 3.089097595214844e+02, 3.096466979980469e+02, 3.104277648925781e+02, 3.106222229003906e+02, 3.090945129394531e+02, 3.087437744140625e+02, 3.093860473632812e+02, 3.100889892578125e+02, 3.107940979003906e+02, 3.097206115722656e+02, 3.085895080566406e+02, 3.089643859863281e+02, 3.096546020507812e+02, 3.103473815917969e+02, 3.108468017578125e+02, 3.091841735839844e+02, 3.086719665527344e+02, 3.093155517578125e+02, 3.100687561035156e+02, 3.108574829101562e+02, 3.098515930175781e+02, 3.087649230957031e+02, 3.092718200683594e+02, 3.101507568359375e+02, 3.110658264160156e+02, 3.099185180664062e+02, 3.089581604003906e+02, 3.096614685058594e+02, 3.107187805175781e+02, 3.106014099121094e+02, 3.094576721191406e+02, 3.094491577148438e+02, 3.106017761230469e+02, 3.1096142578125e+02, 3.100810241699219e+02, 3.09440673828125e+02, 3.105977172851562e+02, 3.111839294433594e+02, 3.105029296875e+02, 3.0952978515625e+02, 3.105718688964844e+02, 3.114043884277344e+02, 3.109302673339844e+02, 3.09806884765625e+02, 3.103096618652344e+02, 3.116650390625e+02, 3.114271240234375e+02, 3.105155944824219e+02, 3.098608093261719e+02, 3.112745666503906e+02, 3.118282165527344e+02, 3.113635864257812e+02, 3.10464599609375e+02, 3.100440063476562e+02, 3.116521606445312e+02, 3.120131225585938e+02, 3.114912414550781e+02, 3.106716613769531e+02, 3.099546508789062e+02, 3.113136596679688e+02, 3.120778503417969e+02]
storageSimple.layer[2].T=[3.081499938964844e+02, 3.048873596191406e+02, 3.0605615234375e+02, 3.080680236816406e+02, 3.101126708984375e+02, 3.121558532714844e+02, 3.125886535644531e+02, 3.120420837402344e+02, 3.11380126953125e+02, 3.105272827148438e+02, 3.118522644042969e+02, 3.128035888671875e+02, 3.119123229980469e+02, 3.111880493164062e+02, 3.102076416015625e+02, 3.122686767578125e+02, 3.124151916503906e+02, 3.115319519042969e+02, 3.105635681152344e+02, 3.114581298828125e+02, 3.130874633789062e+02, 3.116729431152344e+02, 3.106854553222656e+02, 3.111051025390625e+02, 3.12611328125e+02, 3.11895263671875e+02, 3.106649475097656e+02, 3.109512023925781e+02, 3.123197937011719e+02, 3.123512878417969e+02, 3.106573791503906e+02, 3.107569885253906e+02, 3.12000732421875e+02, 3.13075927734375e+02, 3.109385375976562e+02, 3.102932739257812e+02, 3.115303344726562e+02, 3.124756774902344e+02, 3.122869567871094e+02, 3.101194458007812e+02, 3.108082885742188e+02, 3.116969909667969e+02, 3.124870910644531e+02, 3.124841003417969e+02, 3.100253295898438e+02, 3.106995239257812e+02, 3.114891357421875e+02, 3.121961975097656e+02, 3.129075012207031e+02, 3.109251403808594e+02, 3.100827331542969e+02, 3.110696716308594e+02, 3.117736511230469e+02, 3.124614868164062e+02, 3.129043273925781e+02, 3.101559143066406e+02, 3.105740051269531e+02, 3.114049072265625e+02, 3.121458435058594e+02, 3.129244384765625e+02, 3.109480895996094e+02, 3.101451416015625e+02, 3.112839660644531e+02, 3.121581115722656e+02, 3.130536193847656e+02, 3.108085021972656e+02, 3.103641357421875e+02, 3.115864868164062e+02, 3.126275329589844e+02, 3.1177587890625e+02, 3.101695861816406e+02, 3.111997375488281e+02, 3.124200439453125e+02, 3.122171936035156e+02, 3.106794128417969e+02, 3.108635559082031e+02, 3.123196105957031e+02, 3.12333740234375e+02, 3.109995727539062e+02, 3.104748840332031e+02, 3.121968078613281e+02, 3.124781799316406e+02, 3.113263854980469e+02, 3.103544616699219e+02, 3.118062744140625e+02, 3.129537963867188e+02, 3.117223815917969e+02, 3.109645385742188e+02, 3.107383422851562e+02, 3.127184448242188e+02, 3.122093505859375e+02, 3.116626892089844e+02, 3.108828430175781e+02, 3.109609985351562e+02, 3.130299377441406e+02, 3.122177124023438e+02, 3.117779846191406e+02, 3.110504760742188e+02, 3.103965148925781e+02, 3.126615600585938e+02, 3.123690490722656e+02]
storageSimple.layer[3].T=[3.081499938964844e+02, 3.075680847167969e+02, 3.084135437011719e+02, 3.103973999023438e+02, 3.124368896484375e+02, 3.14484130859375e+02, 3.141254577636719e+02, 3.124254150390625e+02, 3.117082214355469e+02, 3.109109802246094e+02, 3.141529846191406e+02, 3.147303161621094e+02, 3.124603576660156e+02, 3.115712280273438e+02, 3.106608276367188e+02, 3.146336059570312e+02, 3.1407568359375e+02, 3.1207861328125e+02, 3.110531616210938e+02, 3.137781982421875e+02, 3.154818420410156e+02, 3.127224731445312e+02, 3.112499389648438e+02, 3.133712768554688e+02, 3.150333862304688e+02, 3.134827575683594e+02, 3.11378173828125e+02, 3.13225830078125e+02, 3.147704467773438e+02, 3.144181823730469e+02, 3.115891723632812e+02, 3.130216979980469e+02, 3.144766235351562e+02, 3.155520935058594e+02, 3.122846984863281e+02, 3.122234497070312e+02, 3.140252380371094e+02, 3.149766540527344e+02, 3.145173034667969e+02, 3.112711791992188e+02, 3.132694396972656e+02, 3.142174987792969e+02, 3.150077209472656e+02, 3.148377075195312e+02, 3.112991638183594e+02, 3.131803283691406e+02, 3.140234680175781e+02, 3.147300720214844e+02, 3.154441223144531e+02, 3.127172546386719e+02, 3.122049560546875e+02, 3.136039123535156e+02, 3.143121948242188e+02, 3.1499755859375e+02, 3.153837280273438e+02, 3.115504150390625e+02, 3.130307006835938e+02, 3.139363708496094e+02, 3.146718444824219e+02, 3.154490661621094e+02, 3.126419067382812e+02, 3.121666564941406e+02, 3.137937927246094e+02, 3.146665649414062e+02, 3.155563354492188e+02, 3.122413330078125e+02, 3.124656677246094e+02, 3.140728149414062e+02, 3.151103515625e+02, 3.136429138183594e+02, 3.110654602050781e+02, 3.136243591308594e+02, 3.148785095214844e+02, 3.141983642578125e+02, 3.115328979492188e+02, 3.130783081054688e+02, 3.147515258789062e+02, 3.142608947753906e+02, 3.117532958984375e+02, 3.119986877441406e+02, 3.146025085449219e+02, 3.143806762695312e+02, 3.119939880371094e+02, 3.108595275878906e+02, 3.141663818359375e+02, 3.151055297851562e+02, 3.124201049804688e+02, 3.11379150390625e+02, 3.1235986328125e+02, 3.150754089355469e+02, 3.133685913085938e+02, 3.120274353027344e+02, 3.112512817382812e+02, 3.127639465332031e+02, 3.153695373535156e+02, 3.130743408203125e+02, 3.120686950683594e+02, 3.113812561035156e+02, 3.110894165039062e+02, 3.1499365234375e+02, 3.134677429199219e+02]
