last-generated=2021-05-06
statistics-simulation=
{
  "linear": " ",
  "nonlinear": " ",
  "number of continuous time states": "8",
  "numerical Jacobians": "0"
}
time=[0e+00, 7.2e+03]
volA.T=[2.911499938964844e+02, 2.912300109863281e+02, 2.913079833984375e+02, 2.913840942382812e+02, 2.914584045410156e+02, 2.91531005859375e+02, 2.916019592285156e+02, 2.9167138671875e+02, 2.917392883300781e+02, 2.918057556152344e+02, 2.91870849609375e+02, 2.919345703125e+02, 2.919970092773438e+02, 2.920582275390625e+02, 2.921181945800781e+02, 2.921770324707031e+02, 2.922347717285156e+02, 2.922913818359375e+02, 2.923470153808594e+02, 2.924017333984375e+02, 2.924555358886719e+02, 2.925084838867188e+02, 2.925606384277344e+02, 2.92612060546875e+02, 2.926628112792969e+02, 2.927129516601562e+02, 2.927625427246094e+02, 2.928116149902344e+02, 2.928602600097656e+02, 2.929085388183594e+02, 2.929564819335938e+02, 2.930042114257812e+02, 2.930517272949219e+02, 2.930990905761719e+02, 2.931464233398438e+02, 2.931937255859375e+02, 2.93240966796875e+02, 2.932881164550781e+02, 2.933350830078125e+02, 2.933818054199219e+02, 2.9342822265625e+02, 2.934742736816406e+02, 2.935199584960938e+02, 2.93565185546875e+02, 2.936099548339844e+02, 2.936542358398438e+02, 2.936979370117188e+02, 2.937410583496094e+02, 2.937835693359375e+02, 2.938254699707031e+02, 2.938667297363281e+02, 2.938604125976562e+02, 2.938541564941406e+02, 2.938480224609375e+02, 2.938419799804688e+02, 2.938360290527344e+02, 2.938301696777344e+02, 2.938244018554688e+02, 2.938187255859375e+02, 2.938131408691406e+02, 2.938076171875e+02, 2.938022155761719e+02, 2.93796875e+02, 2.937916259765625e+02, 2.937864379882812e+02, 2.937813415527344e+02, 2.937763061523438e+02, 2.937713317871094e+02, 2.937664489746094e+02, 2.937616577148438e+02, 2.937568969726562e+02, 2.937522277832031e+02, 2.937476196289062e+02, 2.937430725097656e+02, 2.937385864257812e+02, 2.937341918945312e+02, 2.937298278808594e+02, 2.937255249023438e+02, 2.937212829589844e+02, 2.937171020507812e+02, 2.937129821777344e+02, 2.937089233398438e+02, 2.937049255371094e+02, 2.937009582519531e+02, 2.936970520019531e+02, 2.936932067871094e+02, 2.936893920898438e+02, 2.936856689453125e+02, 2.936819458007812e+02, 2.936782836914062e+02, 2.936746826171875e+02, 2.93671142578125e+02, 2.936676025390625e+02, 2.936641540527344e+02, 2.936607055664062e+02, 2.936573486328125e+02, 2.936539916992188e+02, 2.936506958007812e+02, 2.936474304199219e+02, 2.936442260742188e+02, 2.936410522460938e+02]
volOut.T=[2.931499938964844e+02, 2.931499938964844e+02, 2.931499938964844e+02, 2.931499938964844e+02, 2.931499938964844e+02, 2.931499938964844e+02, 2.931499938964844e+02, 2.931499938964844e+02, 2.931499938964844e+02, 2.931499938964844e+02, 2.931499938964844e+02, 2.931499938964844e+02, 2.931499938964844e+02, 2.931499938964844e+02, 2.931499938964844e+02, 2.931499938964844e+02, 2.931499938964844e+02, 2.931499938964844e+02, 2.931499938964844e+02, 2.931499938964844e+02, 2.931499938964844e+02, 2.931499938964844e+02, 2.931499938964844e+02, 2.931499938964844e+02, 2.931499938964844e+02, 2.931499938964844e+02, 2.931499938964844e+02, 2.931499938964844e+02, 2.931499938964844e+02, 2.931499938964844e+02, 2.931499938964844e+02, 2.931499938964844e+02, 2.931499938964844e+02, 2.931499938964844e+02, 2.931499938964844e+02, 2.931499938964844e+02, 2.931499938964844e+02, 2.931499938964844e+02, 2.931499938964844e+02, 2.931499938964844e+02, 2.931499938964844e+02, 2.931499938964844e+02, 2.931499938964844e+02, 2.931499938964844e+02, 2.931499938964844e+02, 2.931499938964844e+02, 2.931499938964844e+02, 2.931499938964844e+02, 2.931499938964844e+02, 2.931499938964844e+02, 2.931499938964844e+02, 2.931499938964844e+02, 2.931499938964844e+02, 2.931499938964844e+02, 2.931499938964844e+02, 2.931499938964844e+02, 2.931499938964844e+02, 2.931499938964844e+02, 2.931499938964844e+02, 2.931499938964844e+02, 2.931499938964844e+02, 2.931499938964844e+02, 2.931499938964844e+02, 2.931499938964844e+02, 2.931499938964844e+02, 2.931499938964844e+02, 2.931499938964844e+02, 2.931499938964844e+02, 2.931499938964844e+02, 2.931499938964844e+02, 2.931499938964844e+02, 2.931499938964844e+02, 2.931499938964844e+02, 2.931499938964844e+02, 2.931499938964844e+02, 2.931499938964844e+02, 2.931499938964844e+02, 2.931499938964844e+02, 2.931499938964844e+02, 2.931499938964844e+02, 2.931499938964844e+02, 2.931499938964844e+02, 2.931499938964844e+02, 2.931499938964844e+02, 2.931499938964844e+02, 2.931499938964844e+02, 2.931499938964844e+02, 2.931499938964844e+02, 2.931499938964844e+02, 2.931499938964844e+02, 2.931499938964844e+02, 2.931499938964844e+02, 2.931499938964844e+02, 2.931499938964844e+02, 2.931499938964844e+02, 2.931499938964844e+02, 2.931499938964844e+02, 2.931499938964844e+02, 2.931499938964844e+02, 2.931499938964844e+02, 2.931499938964844e+02]
oriOutBot.v=[0e+00, 2.858858406543732e-01, 2.799836695194244e-01, 2.741035521030426e-01, 2.68240213394165e-01, 2.623873651027679e-01, 2.565225660800934e-01, 2.506003975868225e-01, 2.445686161518097e-01, 2.383752018213272e-01, 2.319725453853607e-01, 2.253199964761734e-01, 2.18385174870491e-01, 2.111437171697617e-01, 2.035859227180481e-01, 1.956561505794525e-01, 1.876640319824219e-01, 1.765180677175522e-01, 1.711335331201553e-01, 1.604239344596863e-01, 1.515703499317169e-01, 1.417663842439651e-01, 1.318146139383316e-01, 1.216445118188858e-01, 1.112514510750771e-01, 1.00749745965004e-01, 9.001591801643372e-02, 7.925038784742351e-02, 6.80989325046539e-02, 5.713957920670509e-02, 4.590671882033348e-02, 3.472096100449562e-02, 2.34482865780592e-02, 1.215326972305775e-02, 8.647742797620595e-04, -1.0451290756464e-02, -2.169967070221901e-02, -3.287212550640106e-02, -4.392880573868752e-02, -5.477097630500793e-02, -6.540506333112717e-02, -7.576888054609299e-02, -8.590924739837646e-02, -9.577345848083496e-02, -1.053116768598557e-01, -1.144507229328156e-01, -1.231745257973671e-01, -1.315783858299255e-01, -1.397199034690857e-01, -1.476446241140366e-01, -1.551136523485184e-01, -1.53706818819046e-01, -1.526061147451401e-01, -1.515172272920609e-01, -1.50440126657486e-01, -1.493746936321259e-01, -1.483208239078522e-01, -1.472785025835037e-01, -1.46247610449791e-01, -1.452279984951019e-01, -1.442195475101471e-01, -1.432221829891205e-01, -1.42235741019249e-01, -1.412600576877594e-01, -1.402951627969742e-01, -1.393408179283142e-01, -1.383968740701675e-01, -1.374633461236954e-01, -1.365400403738022e-01, -1.35626807808876e-01, -1.347235888242722e-01, -1.338302791118622e-01, -1.329466998577118e-01, -1.320728063583374e-01, -1.312084496021271e-01, -1.303535103797913e-01, -1.295078843832016e-01, -1.286714673042297e-01, -1.278441250324249e-01, -1.270257532596588e-01, -1.262162327766418e-01, -1.254154592752457e-01, -1.246233358979225e-01, -1.238397508859634e-01, -1.230645999312401e-01, -1.222977638244629e-01, -1.215391457080841e-01, -1.207886412739754e-01, -1.200461462140083e-01, -1.193115636706352e-01, -1.185847818851471e-01, -1.178656965494156e-01, -1.171542182564735e-01, -1.16450235247612e-01, -1.157536581158638e-01, -1.150643900036812e-01, -1.143823266029358e-01, -1.137073859572411e-01, -1.130394637584686e-01, -1.123784780502319e-01, -1.117243319749832e-01]
oriOutTop.v=[-4.126987159252167e-01, -2.858850359916687e-01, -2.7998286485672e-01, -2.741027772426605e-01, -2.68239438533783e-01, -2.623865902423859e-01, -2.565218508243561e-01, -2.505996823310852e-01, -2.445679157972336e-01, -2.383745163679123e-01, -2.319718897342682e-01, -2.253193557262421e-01, -2.183844596147537e-01, -2.111439853906631e-01, -2.03576847910881e-01, -1.957238018512726e-01, -1.872717887163162e-01, -1.813089996576309e-01, -1.690153181552887e-01, -1.61412239074707e-01, -1.513782739639282e-01, -1.417657732963562e-01, -1.318143755197525e-01, -1.21635802090168e-01, -1.11277312040329e-01, -1.006665378808975e-01, -8.996916562318802e-02, -7.902443408966062e-02, -6.822995841503139e-02, -5.704424902796745e-02, -4.59701269865036e-02, -3.472049534320831e-02, -2.34656035900116e-02, -1.217306964099407e-02, -8.451768080703914e-04, 1.043907832354307e-02, 2.170442789793015e-02, 3.287156298756599e-02, 4.388971626758575e-02, 5.477188155055046e-02, 6.543369591236115e-02, 7.586807757616043e-02, 8.597411960363388e-02, 9.575560688972473e-02, 1.052235290408134e-01, 1.144111528992653e-01, 1.23304970562458e-01, 1.317887157201767e-01, 1.398005038499832e-01, 1.472975611686707e-01, 1.54524490237236e-01, 1.537067592144012e-01, 1.526060402393341e-01, 1.515171676874161e-01, 1.5044005215168e-01, 1.493746340274811e-01, 1.483207643032074e-01, 1.472784429788589e-01, 1.462475508451462e-01, 1.452279388904572e-01, 1.442194879055023e-01, 1.432221233844757e-01, 1.422356814146042e-01, 1.412600129842758e-01, 1.402951031923294e-01, 1.393407583236694e-01, 1.38396829366684e-01, 1.374633014202118e-01, 1.365399807691574e-01, 1.356267482042313e-01, 1.347235441207886e-01, 1.338302344083786e-01, 1.329466551542282e-01, 1.320727616548538e-01, 1.312084048986435e-01, 1.303534656763077e-01, 1.29507839679718e-01, 1.286714226007462e-01, 1.278440952301025e-01, 1.270257085561752e-01, 1.262161880731583e-01, 1.254154145717621e-01, 1.246232986450195e-01, 1.238397136330605e-01, 1.230645552277565e-01, 1.222977265715599e-01, 1.215391084551811e-01, 1.207886040210724e-01, 1.200461089611053e-01, 1.193115264177322e-01, 1.185847446322441e-01, 1.178656592965126e-01, 1.171541810035706e-01, 1.164502054452896e-01, 1.157536283135414e-01, 1.150643527507782e-01, 1.143822968006134e-01, 1.137073487043381e-01, 1.130394339561462e-01, 1.123784482479095e-01, 1.117243021726608e-01]
