last-generated=2021-06-09
statistics-initialization=
{
  "nonlinear": "1",
  "numerical Jacobians": "1"
}
statistics-simulation=
{
  "linear": " ",
  "nonlinear": "1",
  "number of continuous time states": "2",
  "numerical Jacobians": "1"
}
time=[0e+00, 6e+02]
rampValvePosition.y=[5e-01, 5e-01, 5e-01, 5e-01, 5e-01, 5e-01, 5e-01, 5e-01, 5e-01, 5e-01, 5e-01, 5e-01, 5e-01, 5e-01, 5e-01, 5e-01, 5e-01, 5e-01, 5e-01, 5e-01, 5e-01, 5.50000011920929e-01, 6.000000238418579e-01, 6.499999761581421e-01, 6.99999988079071e-01, 7.5e-01, 8.00000011920929e-01, 8.500000238418579e-01, 8.999999761581423e-01, 9.49999988079071e-01, 1e+00, 1.049999952316284e+00, 1.100000023841858e+00, 1.149999976158142e+00, 1.200000047683716e+00, 1.25e+00, 1.299999952316284e+00, 1.350000023841858e+00, 1.399999976158142e+00, 1.450000047683716e+00, 1.5e+00, 1.5e+00, 1.5e+00, 1.5e+00, 1.5e+00, 1.5e+00, 1.5e+00, 1.5e+00, 1.5e+00, 1.5e+00, 1.5e+00, 1.5e+00, 1.5e+00, 1.5e+00, 1.5e+00, 1.5e+00, 1.5e+00, 1.5e+00, 1.5e+00, 1.5e+00, 1.5e+00, 1.5e+00, 1.5e+00, 1.5e+00, 1.5e+00, 1.5e+00, 1.5e+00, 1.5e+00, 1.5e+00, 1.5e+00, 1.5e+00, 1.5e+00, 1.5e+00, 1.5e+00, 1.5e+00, 1.5e+00, 1.5e+00, 1.5e+00, 1.5e+00, 1.5e+00, 1.5e+00, 1.5e+00, 1.5e+00, 1.5e+00, 1.5e+00, 1.5e+00, 1.5e+00, 1.5e+00, 1.5e+00, 1.5e+00, 1.5e+00, 1.5e+00, 1.5e+00, 1.5e+00, 1.5e+00, 1.5e+00, 1.5e+00, 1.5e+00, 1.5e+00, 1.5e+00, 1.5e+00]
pump.pumpBus.dpMea=[1.448984742164612e-01, 2.017112374305725e-01, 2.608688771724701e-01, 3.16460132598877e-01, 3.644108772277832e-01, 4.030717611312866e-01, 4.326918423175812e-01, 4.545639753341675e-01, 4.702904224395752e-01, 4.813895523548126e-01, 4.891213774681091e-01, 4.944605827331543e-01, 4.981267750263214e-01, 5.006327629089355e-01, 5.023409128189087e-01, 5.035032629966736e-01, 5.042930245399475e-01, 5.048293471336365e-01, 5.051941871643066e-01, 5.054405331611633e-01, 5.056064128875732e-01, 5.039607882499695e-01, 4.942443668842316e-01, 4.74094420671463e-01, 4.450521469116211e-01, 4.103782474994659e-01, 3.734484314918518e-01, 3.369125425815582e-01, 3.024793267250059e-01, 2.710468173027039e-01, 2.429322451353073e-01, 2.180948406457901e-01, 1.963033825159073e-01, 1.772438436746597e-01, 1.605828553438186e-01, 1.460010856389999e-01, 1.33209764957428e-01, 1.21955543756485e-01, 1.120198369026184e-01, 1.032164543867111e-01, 9.538761526346207e-02, 8.85383486747742e-02, 8.29721987247467e-02, 7.866057008504868e-02, 7.539872080087662e-02, 7.296213507652283e-02, 7.115580141544342e-02, 6.982371956110001e-02, 6.88454881310463e-02, 6.812973320484161e-02, 6.760787218809128e-02, 6.722868978977203e-02, 6.695406138896942e-02, 6.67557567358017e-02, 6.661298871040344e-02, 6.651049852371216e-02, 6.643711775541306e-02, 6.63847029209137e-02, 6.634735316038132e-02, 6.632080674171448e-02, 6.630196422338486e-02, 6.628862023353577e-02, 6.627918779850006e-02, 6.62725567817688e-02, 6.626789271831512e-02, 6.626460701227188e-02, 6.626228988170624e-02, 6.626065820455551e-02, 6.625950336456299e-02, 6.625869125127792e-02, 6.625812500715256e-02, 6.625773012638092e-02, 6.625745445489883e-02, 6.625726073980331e-02, 6.625711917877197e-02, 6.625702232122421e-02, 6.625695526599884e-02, 6.625691801309586e-02, 6.625688821077347e-02, 6.625687330961227e-02, 6.625686585903168e-02, 6.625685840845108e-02, 6.625685095787048e-02, 6.625684350728989e-02, 0e+00, 0e+00, 0e+00, 0e+00, 0e+00, 0e+00, 0e+00, 0e+00, 0e+00, 0e+00, 0e+00, 0e+00, 0e+00, 0e+00, 0e+00, 0e+00, 0e+00]
pump.pumpBus.dpSet=[5e+00, 5e+00, 5e+00, 5e+00, 5e+00, 5e+00, 5e+00, 5e+00, 5e+00, 5e+00, 5e+00, 5e+00, 5e+00, 5e+00, 5e+00, 5e+00, 5e+00, 5.079999923706056e+00, 5.320000171661377e+00, 5.559999942779541e+00, 5.800000190734863e+00, 6.039999961853027e+00, 6.28000020980835e+00, 6.519999980926514e+00, 6.760000228881836e+00, 7e+00, 7.239999771118164e+00, 7.480000019073486e+00, 7.719999790191651e+00, 7.960000038146973e+00, 8.199999809265137e+00, 8.439999580383301e+00, 8.680000305175781e+00, 8.920000076293945e+00, 9e+00, 9e+00, 9e+00, 9e+00, 9e+00, 9e+00, 9e+00, 9e+00, 9e+00, 9e+00, 9e+00, 9e+00, 9e+00, 9e+00, 9e+00, 9e+00, 9e+00, 9e+00, 9e+00, 9e+00, 9e+00, 9e+00, 9e+00, 9e+00, 9e+00, 9e+00, 9e+00, 9e+00, 9e+00, 9e+00, 9e+00, 9e+00, 9e+00, 9e+00, 9e+00, 9e+00, 9e+00, 9e+00, 9e+00, 9e+00, 9e+00, 9e+00, 9e+00, 9e+00, 9e+00, 9e+00, 9e+00, 9e+00, 9e+00, 9e+00, 9e+00, 9e+00, 9e+00, 9e+00, 9e+00, 9e+00, 9e+00, 9e+00, 9e+00, 9e+00, 9e+00, 9e+00, 9e+00, 9e+00, 9e+00, 9e+00, 9e+00]
pump.pumpBus.onSet=[1e+00, 1e+00, 1e+00, 1e+00, 1e+00, 1e+00, 1e+00, 1e+00, 1e+00, 1e+00, 1e+00, 1e+00, 1e+00, 1e+00, 1e+00, 1e+00, 1e+00, 1e+00, 1e+00, 1e+00, 1e+00, 1e+00, 1e+00, 1e+00, 1e+00, 1e+00, 1e+00, 1e+00, 1e+00, 1e+00, 1e+00, 1e+00, 1e+00, 1e+00, 1e+00, 1e+00, 1e+00, 1e+00, 1e+00, 1e+00, 1e+00, 1e+00, 1e+00, 1e+00, 1e+00, 1e+00, 1e+00, 1e+00, 1e+00, 1e+00, 1e+00, 1e+00, 1e+00, 1e+00, 1e+00, 1e+00, 1e+00, 1e+00, 1e+00, 1e+00, 1e+00, 1e+00, 1e+00, 1e+00, 1e+00, 1e+00, 1e+00, 1e+00, 1e+00, 1e+00, 1e+00, 1e+00, 1e+00, 1e+00, 1e+00, 1e+00, 1e+00, 1e+00, 1e+00, 1e+00, 1e+00, 1e+00, 1e+00, 1e+00, 0e+00, 0e+00, 0e+00, 0e+00, 0e+00, 0e+00, 0e+00, 0e+00, 0e+00, 0e+00, 0e+00, 0e+00, 0e+00, 0e+00, 0e+00, 0e+00, 0e+00]
