last-generated=2021-05-11
statistics-simulation=
{
  "linear": " ",
  "nonlinear": " ",
  "number of continuous time states": "1",
  "numerical Jacobians": "0"
}
time=[0e+00, 6e+02]
relHum.port_a.m_flow=[1e+00, 9.760000109672546e-01, 9.520000219345093e-01, 9.279999732971191e-01, 9.039999842643738e-01, 8.799999952316284e-01, 8.560000061988831e-01, 8.320000171661377e-01, 8.080000281333923e-01, 7.839999794960022e-01, 7.599999904632568e-01, 7.360000014305115e-01, 7.120000123977661e-01, 6.880000233650208e-01, 6.639999747276305e-01, 6.399999856948853e-01, 6.159999966621399e-01, 5.920000076293944e-01, 5.680000185966492e-01, 5.440000295639038e-01, 5.199999809265137e-01, 4.959999918937683e-01, 4.720000028610229e-01, 4.480000138282776e-01, 4.239999949932098e-01, 4.000000059604645e-01, 3.759999871253967e-01, 3.519999980926514e-01, 3.280000090599059e-01, 3.039999902248383e-01, 2.800000011920929e-01, 2.560000121593475e-01, 2.319999933242798e-01, 2.080000042915344e-01, 1.840000003576278e-01, 1.599999964237213e-01, 1.36000007390976e-01, 1.120000034570694e-01, 8.799999952316284e-02, 6.400000303983688e-02, 3.999999910593033e-02, 1.600000075995934e-02, -8.00000037997961e-03, -3.200000151991844e-02, -5.60000017285347e-02, -7.999999821186066e-02, -1.040000021457672e-01, -1.280000060796738e-01, -1.519999951124191e-01, -1.759999990463257e-01, -2.000000029802322e-01, -2.240000069141388e-01, -2.479999959468842e-01, -2.720000147819519e-01, -2.960000038146973e-01, -3.199999928474426e-01, -3.440000116825106e-01, -3.680000007152555e-01, -3.919999897480011e-01, -4.160000085830688e-01, -4.399999976158142e-01, -4.639999866485596e-01, -4.880000054836273e-01, -5.120000243186951e-01, -5.360000133514404e-01, -5.600000023841858e-01, -5.839999914169312e-01, -6.079999804496765e-01, -6.320000290870669e-01, -6.560000181198118e-01, -6.800000071525574e-01, -7.039999961853027e-01, -7.279999852180481e-01, -7.519999742507935e-01, -7.760000228881836e-01, -8.00000011920929e-01, -8.240000009536743e-01, -8.479999899864197e-01, -8.71999979019165e-01, -8.960000276565552e-01, -9.200000166893005e-01, -9.440000057220461e-01, -9.67999994754791e-01, -9.919999837875366e-01, -1e+00, -1e+00, -1e+00, -1e+00, -1e+00, -1e+00, -1e+00, -1e+00, -1e+00, -1e+00, -1e+00, -1e+00, -1e+00, -1e+00, -1e+00, -1e+00, -1e+00]
relHum.phi=[5e-01, 4.945489168167114e-01, 4.80421245098114e-01, 4.670113921165466e-01, 4.540263712406158e-01, 4.414514303207397e-01, 4.292727708816528e-01, 4.174764752388e-01, 4.060497879981995e-01, 3.949796557426453e-01, 3.842535018920898e-01, 3.738608956336975e-01, 3.637904226779938e-01, 3.540312349796295e-01, 3.445729911327362e-01, 3.354058265686035e-01, 3.265205025672913e-01, 3.17907989025116e-01, 3.095595836639404e-01, 3.014669120311737e-01, 2.936219573020935e-01, 2.912653386592865e-01, 2.911529242992401e-01, 2.911445498466492e-01, 2.911469340324402e-01, 2.911474406719208e-01, 2.911469638347626e-01, 2.911467552185059e-01, 2.911469340324402e-01, 2.911474108695984e-01, 2.911475598812103e-01, 2.911475300788879e-01, 2.911474108695984e-01, 2.911471724510193e-01, 2.911469638347626e-01, 2.911466360092163e-01, 2.911462187767029e-01, 2.911457121372223e-01, 2.911451160907745e-01, 2.911444306373596e-01, 2.91143923997879e-01, 2.911441624164581e-01, 2.943379878997803e-01, 3.393023312091827e-01, 4.211456477642059e-01, 5.11900782585144e-01, 5.883104801177979e-01, 6.403166651725769e-01, 6.697056889533997e-01, 6.836878061294556e-01, 6.893287897109985e-01, 6.912738084793091e-01, 6.918469071388245e-01, 6.9199138879776e-01, 6.920220851898193e-01, 6.920274496078491e-01, 6.920284628868103e-01, 6.920284032821655e-01, 6.920284032821655e-01, 6.920285820960999e-01, 6.920281052589417e-01, 6.920279264450073e-01, 6.920316815376282e-01, 6.920246481895447e-01, 6.920279860496521e-01, 6.920281648635864e-01, 6.920279860496521e-01, 6.920283436775208e-01, 6.920278668403625e-01, 6.920270919799805e-01, 6.920276880264282e-01, 6.920279860496521e-01, 6.920270919799805e-01, 6.920286417007446e-01, 6.920263767242432e-01, 6.920276284217834e-01, 6.920267939567566e-01, 6.920297145843506e-01, 6.920263171195984e-01, 6.920307874679565e-01, 6.920269131660461e-01, 6.920300722122192e-01, 6.920260787010193e-01, 6.920294165611267e-01, 6.920282244682312e-01, 6.920282244682312e-01, 6.920281648635864e-01, 6.920281648635864e-01, 6.920281648635864e-01, 6.920281648635864e-01, 6.920281648635864e-01, 6.920281648635864e-01, 6.920281648635864e-01, 6.920281648635864e-01, 6.920281648635864e-01, 6.920281648635864e-01, 6.920281648635864e-01, 6.920281648635864e-01, 6.920281648635864e-01, 6.920281648635864e-01, 6.920281648635864e-01]
senRelHum.phi=[6.643086671829224e-01, 4.918669462203979e-01, 4.780350029468536e-01, 4.646413028240204e-01, 4.516705274581909e-01, 4.391078948974609e-01, 4.269391894340515e-01, 4.151507616043091e-01, 4.037294983863831e-01, 3.926627039909363e-01, 3.81938248872757e-01, 3.715443909168243e-01, 3.614698648452759e-01, 3.517037928104401e-01, 3.422357439994812e-01, 3.330556154251099e-01, 3.241537511348724e-01, 3.155207931995392e-01, 3.07147741317749e-01, 2.990259230136871e-01, 2.91146993637085e-01, 2.91146993637085e-01, 2.91146993637085e-01, 2.91146993637085e-01, 2.91146993637085e-01, 2.91146993637085e-01, 2.91146993637085e-01, 2.91146993637085e-01, 2.91146993637085e-01, 2.91146993637085e-01, 2.91146993637085e-01, 2.91146993637085e-01, 2.91146993637085e-01, 2.91146993637085e-01, 2.91146993637085e-01, 2.91146993637085e-01, 2.91146993637085e-01, 2.91146993637085e-01, 2.91146993637085e-01, 2.91146993637085e-01, 2.91146993637085e-01, 2.91146993637085e-01, 2.91146993637085e-01, 2.91146993637085e-01, 2.91146993637085e-01, 2.91146993637085e-01, 2.91146993637085e-01, 2.91146993637085e-01, 2.91146993637085e-01, 2.91146993637085e-01, 2.91146993637085e-01, 2.91146993637085e-01, 2.91146993637085e-01, 2.91146993637085e-01, 2.91146993637085e-01, 2.91146993637085e-01, 2.91146993637085e-01, 2.91146993637085e-01, 2.91146993637085e-01, 2.91146993637085e-01, 2.91146993637085e-01, 2.91146993637085e-01, 2.91146993637085e-01, 2.91146993637085e-01, 2.91146993637085e-01, 2.91146993637085e-01, 2.91146993637085e-01, 2.91146993637085e-01, 2.91146993637085e-01, 2.91146993637085e-01, 2.91146993637085e-01, 2.91146993637085e-01, 2.91146993637085e-01, 2.91146993637085e-01, 2.91146993637085e-01, 2.91146993637085e-01, 2.91146993637085e-01, 2.91146993637085e-01, 2.91146993637085e-01, 2.91146993637085e-01, 2.91146993637085e-01, 2.91146993637085e-01, 2.91146993637085e-01, 2.91146993637085e-01, 2.91146993637085e-01, 2.91146993637085e-01, 2.91146993637085e-01, 2.91146993637085e-01, 2.91146993637085e-01, 2.91146993637085e-01, 2.91146993637085e-01, 2.91146993637085e-01, 2.91146993637085e-01, 2.91146993637085e-01, 2.91146993637085e-01, 2.91146993637085e-01, 2.91146993637085e-01, 2.91146993637085e-01, 2.91146993637085e-01, 2.91146993637085e-01, 2.91146993637085e-01]
