last-generated=2021-05-09
statistics-simulation=
{
  "linear": " ",
  "nonlinear": " ",
  "numerical Jacobians": "0"
}
time=[0e+00, 5e+01]
a=[8.414709568023682e-01, 9.974949955940247e-01, 9.092974066734314e-01, 5.984721183776855e-01, 1.411200016736984e-01, -3.507832288742065e-01, -7.56802499294281e-01, -9.775301218032838e-01, -9.589242935180664e-01, -7.055402994155884e-01, -2.79415488243103e-01, 2.151199877262115e-01, 6.569865942001343e-01, 9.37999963760376e-01, 9.893582463264463e-01, 7.9848712682724e-01, 4.121184945106506e-01, -7.515112310647964e-02, -5.440211296081543e-01, -8.796957731246948e-01, -9.999902248382568e-01, -8.754521608352661e-01, -5.365729331970215e-01, -6.632189452648163e-02, 4.201670289039612e-01, 8.037844300270081e-01, 9.906073808670044e-01, 9.348950386047363e-01, 6.502878665924058e-01, 2.064674794673937e-01, -2.879033088684082e-01, -7.117853164672852e-01, -9.613974690437317e-01, -9.756259918212891e-01, -7.509872317314148e-01, -3.424806296825409e-01, 1.49877205491066e-01, 6.05539858341217e-01, 9.129452705383301e-01, 9.968298077583313e-01, 8.366556167602539e-01, 4.716390073299408e-01, -8.851309306919575e-03, -4.871745109558105e-01, -8.462204337120056e-01, -9.980820417404175e-01, -9.055783748626709e-01, -5.913575291633606e-01, -1.323517560958862e-01, 3.590583503246307e-01, 7.625584602355957e-01, 9.793576598167419e-01, 9.563759565353394e-01, 6.992400288581848e-01, 2.709057927131653e-01, -2.237556427717243e-01, -6.636338829994227e-01, -9.410313963890062e-01, -9.88031625747681e-01, -7.931272387504578e-01, -4.040376543998718e-01, 8.397445827722549e-02, 5.514267086982727e-01, 8.838704228401184e-01, 9.999118447303772e-01, 8.711400032043457e-01, 5.29082715511322e-01, 5.748747661709785e-02, -4.281826615333557e-01, -8.090187907218933e-01, -9.917788505554199e-01, -9.317168593406677e-01, -6.435381174087524e-01, -1.977988034486771e-01, 2.963685691356659e-01, 7.179746031761169e-01, 9.637953639030457e-01, 9.736454486846924e-01, 7.451131343841553e-01, 3.341511785984039e-01, -1.586226671934128e-01, -6.125601530075073e-01, -9.165215492248535e-01, -9.960864782333374e-01, -8.317747712135315e-01, -4.638155102729797e-01, 1.770192570984364e-02, 4.948853254318237e-01, 8.509035110473633e-01, 9.98590886592865e-01, 9.017883539199829e-01, 5.841965675354004e-01, 1.235731244087219e-01, -3.673053383827209e-01, -7.682546377182007e-01, -9.811084270477295e-01, -9.537526369094849e-01, -6.928849816322327e-01, -2.623748481273651e-01, 2.323737591505051e-01, 6.702291965484619e-01]
b=[8.414709568023682e-01, 9.974949955940247e-01, 9.092974066734314e-01, 5.984721183776855e-01, 1.411200016736984e-01, -3.507832288742065e-01, -7.56802499294281e-01, -9.775301218032838e-01, -9.589242935180664e-01, -7.055402994155884e-01, -2.79415488243103e-01, 2.151199877262115e-01, 6.569865942001343e-01, 9.37999963760376e-01, 9.893582463264463e-01, 7.9848712682724e-01, 4.121184945106506e-01, -7.515112310647964e-02, -5.440211296081543e-01, -8.796957731246948e-01, -9.999902248382568e-01, -8.754521608352661e-01, -5.365729331970215e-01, -6.632189452648163e-02, 4.201670289039612e-01, 8.037844300270081e-01, 9.906073808670044e-01, 9.348950386047363e-01, 6.502878665924058e-01, 2.064674794673937e-01, -2.879033088684082e-01, -7.117853164672852e-01, -9.613974690437317e-01, -9.756259918212891e-01, -7.509872317314148e-01, -3.424806296825409e-01, 1.49877205491066e-01, 6.05539858341217e-01, 9.129452705383301e-01, 9.968298077583313e-01, 8.366556167602539e-01, 4.716390073299408e-01, -8.851309306919575e-03, -4.871745109558105e-01, -8.462204337120056e-01, -9.980820417404175e-01, -9.055783748626709e-01, -5.913575291633606e-01, -1.323517560958862e-01, 3.590583503246307e-01, 7.625584602355957e-01, 9.793576598167419e-01, 9.563759565353394e-01, 6.992400288581848e-01, 2.709057927131653e-01, -2.237556427717243e-01, -6.636338829994227e-01, -9.410313963890062e-01, -9.88031625747681e-01, -7.931272387504578e-01, -4.040376543998718e-01, 8.397445827722549e-02, 5.514267086982727e-01, 8.838704228401184e-01, 9.999118447303772e-01, 8.711400032043457e-01, 5.29082715511322e-01, 5.748747661709785e-02, -4.281826615333557e-01, -8.090187907218933e-01, -9.917788505554199e-01, -9.317168593406677e-01, -6.435381174087524e-01, -1.977988034486771e-01, 2.963685691356659e-01, 7.179746031761169e-01, 9.637953639030457e-01, 9.736454486846924e-01, 7.451131343841553e-01, 3.341511785984039e-01, -1.586226671934128e-01, -6.125601530075073e-01, -9.165215492248535e-01, -9.960864782333374e-01, -8.317747712135315e-01, -4.638155102729797e-01, 1.770192570984364e-02, 4.948853254318237e-01, 8.509035110473633e-01, 9.98590886592865e-01, 9.017883539199829e-01, 5.841965675354004e-01, 1.235731244087219e-01, -3.673053383827209e-01, -7.682546377182007e-01, -9.811084270477295e-01, -9.537526369094849e-01, -6.928849816322327e-01, -2.623748481273651e-01, 2.323737591505051e-01, 6.702291965484619e-01]
