last-generated=2021-05-11
statistics-simulation=
{
  "linear": " ",
  "nonlinear": " ",
  "number of continuous time states": "3",
  "numerical Jacobians": "0"
}
time=[0e+00, 3e+02]
del.T=[2.831499938964844e+02, 2.835353088378906e+02, 2.840042419433594e+02, 2.844503479003906e+02, 2.848746643066406e+02, 2.852782287597656e+02, 2.85662109375e+02, 2.860272827148438e+02, 2.863746337890625e+02, 2.867050476074219e+02, 2.870193786621094e+02, 2.87318359375e+02, 2.87602783203125e+02, 2.878733215332031e+02, 2.881306457519531e+02, 2.883754272460938e+02, 2.886082763671875e+02, 2.888297729492188e+02, 2.890404663085938e+02, 2.892408752441406e+02, 2.894315490722656e+02, 2.896128845214844e+02, 2.897853698730469e+02, 2.89949462890625e+02, 2.901055603027344e+02, 2.902540283203125e+02, 2.90395263671875e+02, 2.905296020507812e+02, 2.906573791503906e+02, 2.907789306640625e+02, 2.908945617675781e+02, 2.910045471191406e+02, 2.911091918945312e+02, 2.912087097167969e+02, 2.913033752441406e+02, 2.913934326171875e+02, 2.914790954589844e+02, 2.915605773925781e+02, 2.916380920410156e+02, 2.917118225097656e+02, 2.91781982421875e+02, 2.918486938476562e+02, 2.919121398925781e+02, 2.919725036621094e+02, 2.920299377441406e+02, 2.920845642089844e+02, 2.921365051269531e+02, 2.921859436035156e+02, 2.922329711914062e+02, 2.922776794433594e+02, 2.923202209472656e+02, 2.923606872558594e+02, 2.92399169921875e+02, 2.92435791015625e+02, 2.924706115722656e+02, 2.925037536621094e+02, 2.925352783203125e+02, 2.925652465820312e+02, 2.925937805175781e+02, 2.926208801269531e+02, 2.926466979980469e+02, 2.926712341308594e+02, 2.92694580078125e+02, 2.92716796875e+02, 2.927379150390625e+02, 2.927580261230469e+02, 2.927771301269531e+02, 2.927953186035156e+02, 2.928126220703125e+02, 2.928290710449219e+02, 2.928447265625e+02, 2.92859619140625e+02, 2.92873779296875e+02, 2.928872375488281e+02, 2.929000549316406e+02, 2.929122314453125e+02, 2.92923828125e+02, 2.929348754882812e+02, 2.929453735351562e+02, 2.929553527832031e+02, 2.9296484375e+02, 2.92973876953125e+02, 2.929824523925781e+02, 2.929906311035156e+02, 2.929983825683594e+02, 2.930057983398438e+02, 2.930128173828125e+02, 2.930195007324219e+02, 2.9302587890625e+02, 2.930319213867188e+02, 2.930376586914062e+02, 2.930431518554688e+02, 2.9304833984375e+02, 2.930533142089844e+02, 2.930580139160156e+02, 2.930625e+02, 2.930667724609375e+02, 2.9307080078125e+02, 2.930746765136719e+02, 2.930783386230469e+02, 2.930818481445312e+02]
