last-generated=2026-05-27
statistics-initialization=
{
  "nonlinear": "0, 0, 8, 1, 1",
  "numerical Jacobians": "0"
}
statistics-simulation=
{
  "linear": "13, 6, 6, 13, 6, 6, 0, 0",
  "nonlinear": "6, 0, 1, 0, 1, 0, 1, 1, 1",
  "number of continuous time states": "23",
  "numerical Jacobians": "0"
}
time=[0e+00, 3.1536e+07]
thermalZone.TAir=[2.931499938964844e+02, 3.047754967699964e+02, 3.032213134765625e+02, 3.031431518554688e+02, 3.031557363674915e+02, 3.031484985351562e+02, 3.031405334472656e+02, 3.033911612398893e+02, 3.031452392578125e+02, 3.031214416503906e+02, 3.045999450683594e+02, 3.03145947265625e+02, 3.0300537109375e+02, 3.0395224609375e+02, 3.031489379882813e+02, 3.044858093261719e+02, 3.031647172121657e+02, 3.031447631835937e+02, 3.08100244140625e+02, 3.032217590332031e+02, 3.0312890625e+02, 3.063936596889765e+02, 3.032385889438467e+02, 3.031429321289062e+02, 3.049928649902344e+02, 3.0314990234375e+02, 3.031314453125e+02, 3.05555126953125e+02, 3.03147119140625e+02, 3.031421142578125e+02, 3.054334411621094e+02, 3.031448059082031e+02, 3.030696228027344e+02, 3.046700256347656e+02, 3.031444396972656e+02, 3.056057434082031e+02, 3.035431579589844e+02, 3.031483459472656e+02, 3.054640280873354e+02, 3.031851779042815e+02, 3.031328735351562e+02, 3.056161743164063e+02, 3.032370666503906e+02, 3.031393920898437e+02, 3.052092956542969e+02, 3.031654663085938e+02, 3.031257446289063e+02, 3.038885620117188e+02, 3.031491455078125e+02, 3.030588073730469e+02, 3.042416076660156e+02, 3.031456420898438e+02, 3.042550098424189e+02, 3.038631042480469e+02, 3.031458557128906e+02, 3.059080810546875e+02, 3.03428564453125e+02, 3.03144873046875e+02, 3.044104398839614e+02, 3.03177033481219e+02, 3.031313781738281e+02, 3.065662206942147e+02, 3.032291687011719e+02, 3.031388305664062e+02, 3.062988647460937e+02, 3.031512451171875e+02, 3.031355834960938e+02, 3.060941711425781e+02, 3.031444946289063e+02, 3.030854141898777e+02, 3.058392639160156e+02, 3.031442260742188e+02, 3.0419892578125e+02, 3.054658508300781e+02, 3.03145654296875e+02, 3.031238403320312e+02, 3.048355590820312e+02, 3.031443237304687e+02, 3.051088684082031e+02, 3.03756201171875e+02, 3.031282043457031e+02, 3.062266174316406e+02, 3.032386764214963e+02, 3.031408935546875e+02, 3.046262817382812e+02, 3.031477355957031e+02, 3.031373107910156e+02, 3.056367553710937e+02, 3.031483459472656e+02, 3.031146179199219e+02, 3.045960388183594e+02, 3.031439270019531e+02, 3.030629821777344e+02, 3.031610273881392e+02, 3.031444519042969e+02, 3.030971069335938e+02, 3.03192431640625e+02, 3.03148095703125e+02, 3.06598075674655e+02, 3.032217407226562e+02, 3.031350402832031e+02]
thermalZone.X_w=[9.999999776482582e-03, 2.207420978189401e-02, 1.528695989400148e-02, 2.021249495446682e-02, 2.056995656598006e-02, 1.53608275577426e-02, 2.152604199945927e-02, 2.02297278404637e-02, 1.5544243901968e-02, 2.162436246871948e-02, 2.206005714833736e-02, 1.583891101181507e-02, 2.126241698861122e-02, 2.04118762165308e-02, 1.632005870342255e-02, 2.139248140156269e-02, 2.05408645044897e-02, 1.711316592991352e-02, 2.219775468111038e-02, 1.525318827480078e-02, 1.843169890344143e-02, 2.222619444983608e-02, 1.528580238587863e-02, 2.021582536399364e-02, 2.061523124575615e-02, 1.536064129322767e-02, 2.153087593615055e-02, 2.031999714672566e-02, 1.554435454308987e-02, 2.162904925644398e-02, 2.207935228943825e-02, 1.583943143486977e-02, 2.126903608441353e-02, 2.214811481535435e-02, 1.632215715944767e-02, 2.142499014735222e-02, 1.60198163241148e-02, 1.711107455193996e-02, 2.212440155105847e-02, 1.673061724356711e-02, 1.843236014246941e-02, 2.208892554044723e-02, 1.525168977677822e-02, 2.02165711671114e-02, 2.184431329369545e-02, 1.536188926547766e-02, 2.153015844523907e-02, 2.029793299734593e-02, 1.554393041878939e-02, 2.162167243659496e-02, 2.205203101038933e-02, 1.583865843713284e-02, 2.131061152912686e-02, 2.212953791022301e-02, 1.632226780056954e-02, 2.142723836004734e-02, 2.051248662173748e-02, 1.711294762790203e-02, 2.212051563591015e-02, 1.524311621728914e-02, 1.843353733420372e-02, 2.223281200676069e-02, 1.528660356998444e-02, 2.021649591624737e-02, 2.064050585031509e-02, 1.53619134798646e-02, 2.153085134923458e-02, 2.20445591956377e-02, 1.554387714713812e-02, 2.16345952094897e-02, 2.208748832345009e-02, 1.583968922495842e-02, 2.130490317940712e-02, 2.216700576245785e-02, 1.632113642990589e-02, 2.136914059519768e-02, 2.053808122873306e-02, 1.711316704750061e-02, 2.212898731231689e-02, 1.674530208110809e-02, 1.843416877090931e-02, 2.210159339010715e-02, 1.525148836465008e-02, 2.021699585020542e-02, 2.182645089924335e-02, 1.536073442548513e-02, 2.152893729507923e-02, 2.031656801700592e-02, 1.554426774382591e-02, 2.162043564021587e-02, 2.221591956913471e-02, 1.583892442286015e-02, 2.126228585839272e-02, 2.214268103919246e-02, 1.632269136607647e-02, 2.137664705514908e-02, 2.050723508000374e-02, 1.711107790470123e-02, 2.217906670436024e-02, 1.674170345067978e-02, 1.843101345002651e-02]
