last-generated=2017-05-02
statistics-simulation=
{
  "numerical Jacobians": "0", 
  "nonlinear": " ", 
  "number of continuous time states": "8", 
  "linear": "0"
}
TSet.y=[2.891499938964844e+02, 2.891499938964844e+02, 2.891499938964844e+02, 2.891499938964844e+02, 2.891499938964844e+02, 2.891499938964844e+02, 2.891499938964844e+02, 2.891499938964844e+02, 2.891499938964844e+02, 2.891499938964844e+02, 2.891499938964844e+02, 2.891499938964844e+02, 2.891499938964844e+02, 2.891499938964844e+02, 2.891499938964844e+02, 2.931499938964844e+02, 2.931499938964844e+02, 2.931499938964844e+02, 2.931499938964844e+02, 2.931499938964844e+02, 2.931499938964844e+02, 2.931499938964844e+02, 2.931499938964844e+02, 2.931499938964844e+02, 2.931499938964844e+02, 2.931499938964844e+02, 2.931499938964844e+02, 2.931499938964844e+02, 2.931499938964844e+02, 2.931499938964844e+02, 2.931499938964844e+02, 2.931499938964844e+02, 2.931499938964844e+02, 2.931499938964844e+02, 2.931499938964844e+02, 2.931499938964844e+02, 2.931499938964844e+02, 2.931499938964844e+02, 2.931499938964844e+02, 2.931499938964844e+02, 2.891499938964844e+02, 2.891499938964844e+02, 2.891499938964844e+02, 2.891499938964844e+02, 2.891499938964844e+02, 2.891499938964844e+02, 2.891499938964844e+02, 2.891499938964844e+02, 2.891499938964844e+02, 2.891499938964844e+02, 2.891499938964844e+02, 2.891499938964844e+02, 2.891499938964844e+02, 2.891499938964844e+02, 2.891499938964844e+02, 2.891499938964844e+02, 2.891499938964844e+02, 2.891499938964844e+02, 2.891499938964844e+02, 2.891499938964844e+02, 2.891499938964844e+02, 2.891499938964844e+02, 2.891499938964844e+02, 2.891499938964844e+02, 2.891499938964844e+02, 2.931499938964844e+02, 2.931499938964844e+02, 2.931499938964844e+02, 2.931499938964844e+02, 2.931499938964844e+02, 2.931499938964844e+02, 2.931499938964844e+02, 2.931499938964844e+02, 2.931499938964844e+02, 2.931499938964844e+02, 2.931499938964844e+02, 2.931499938964844e+02, 2.931499938964844e+02, 2.931499938964844e+02, 2.931499938964844e+02, 2.931499938964844e+02, 2.931499938964844e+02, 2.931499938964844e+02, 2.931499938964844e+02, 2.931499938964844e+02, 2.931499938964844e+02, 2.931499938964844e+02, 2.931499938964844e+02, 2.931499938964844e+02, 2.931499938964844e+02, 2.891499938964844e+02, 2.891499938964844e+02, 2.891499938964844e+02, 2.891499938964844e+02, 2.891499938964844e+02, 2.891499938964844e+02, 2.891499938964844e+02, 2.891499938964844e+02, 2.891499938964844e+02, 2.891499938964844e+02, 2.891499938964844e+02]
TOut.y=[2.841499938964844e+02, 2.841894226074219e+02, 2.843070983886719e+02, 2.845011291503906e+02, 2.847684631347656e+02, 2.851049194335938e+02, 2.855051574707031e+02, 2.85962890625e+02, 2.864708557128906e+02, 2.870211181640625e+02, 2.876049194335938e+02, 2.882131042480469e+02, 2.888360595703125e+02, 2.894639587402344e+02, 2.900869140625e+02, 2.906950988769531e+02, 2.912789001464844e+02, 2.918291320800781e+02, 2.923371276855469e+02, 2.927948303222656e+02, 2.931950988769531e+02, 2.935315246582031e+02, 2.937988891601562e+02, 2.93992919921875e+02, 2.941105651855469e+02, 2.941499938964844e+02, 2.941105651855469e+02, 2.93992919921875e+02, 2.937988891601562e+02, 2.935315246582031e+02, 2.931950988769531e+02, 2.927948303222656e+02, 2.923371276855469e+02, 2.918291320800781e+02, 2.912789001464844e+02, 2.906950988769531e+02, 2.900869140625e+02, 2.894639587402344e+02, 2.888360595703125e+02, 2.882131042480469e+02, 2.876049194335938e+02, 2.870211181640625e+02, 2.864708557128906e+02, 2.85962890625e+02, 2.855051574707031e+02, 2.851049194335938e+02, 2.847684631347656e+02, 2.845011291503906e+02, 2.843070983886719e+02, 2.841894226074219e+02, 2.841499938964844e+02, 2.841894226074219e+02, 2.843070983886719e+02, 2.845011291503906e+02, 2.847684631347656e+02, 2.851049194335938e+02, 2.855051574707031e+02, 2.85962890625e+02, 2.864708557128906e+02, 2.870211181640625e+02, 2.876049194335938e+02, 2.882131042480469e+02, 2.888360595703125e+02, 2.894639587402344e+02, 2.900869140625e+02, 2.906950988769531e+02, 2.912789001464844e+02, 2.918291320800781e+02, 2.923371276855469e+02, 2.927948303222656e+02, 2.931950988769531e+02, 2.935315246582031e+02, 2.937988891601562e+02, 2.93992919921875e+02, 2.941105651855469e+02, 2.941499938964844e+02, 2.941105651855469e+02, 2.93992919921875e+02, 2.937988891601562e+02, 2.935315246582031e+02, 2.931950988769531e+02, 2.927948303222656e+02, 2.923371276855469e+02, 2.918291320800781e+02, 2.912789001464844e+02, 2.906950988769531e+02, 2.900869140625e+02, 2.894639587402344e+02, 2.888360595703125e+02, 2.882131042480469e+02, 2.876049194335938e+02, 2.870211181640625e+02, 2.864708557128906e+02, 2.85962890625e+02, 2.855051574707031e+02, 2.851049194335938e+02, 2.847684631347656e+02, 2.845011291503906e+02, 2.843070983886719e+02, 2.841894226074219e+02, 2.841499938964844e+02]
THeaOut.T=[2.931499938964844e+02, 2.902236633300781e+02, 2.90475341796875e+02, 2.904233093261719e+02, 2.903502502441406e+02, 2.902582397460938e+02, 2.901487426757812e+02, 2.900235290527344e+02, 2.89884521484375e+02, 2.897339172363281e+02, 2.895741271972656e+02, 2.894076232910156e+02, 2.89237060546875e+02, 2.891796264648438e+02, 2.893805541992188e+02, 2.982056579589844e+02, 2.936115417480469e+02, 2.935125427246094e+02, 2.933733825683594e+02, 2.932479553222656e+02, 2.931515197753906e+02, 2.932258605957031e+02, 2.933737487792969e+02, 2.935479431152344e+02, 2.937154235839844e+02, 2.938531494140625e+02, 2.939451599121094e+02, 2.939807739257812e+02, 2.93953125e+02, 2.938584289550781e+02, 2.936953735351562e+02, 2.934646301269531e+02, 2.931684875488281e+02, 2.935110473632812e+02, 2.936612548828125e+02, 2.938210754394531e+02, 2.93987548828125e+02, 2.941581115722656e+02, 2.943300476074219e+02, 2.945006103515625e+02, 2.92330078125e+02, 2.906884460449219e+02, 2.893970947265625e+02, 2.900216979980469e+02, 2.90147216796875e+02, 2.902569274902344e+02, 2.903491821289062e+02, 2.904224853515625e+02, 2.904757690429688e+02, 2.905081481933594e+02, 2.905189514160156e+02, 2.905081787109375e+02, 2.904762268066406e+02, 2.904235229492188e+02, 2.903504333496094e+02, 2.902582397460938e+02, 2.901487121582031e+02, 2.900235290527344e+02, 2.898845520019531e+02, 2.897339172363281e+02, 2.895741271972656e+02, 2.894076232910156e+02, 2.89237060546875e+02, 2.891796264648438e+02, 2.893805541992188e+02, 2.982056274414062e+02, 2.93611572265625e+02, 2.935125427246094e+02, 2.933733825683594e+02, 2.932479553222656e+02, 2.931515197753906e+02, 2.932258605957031e+02, 2.933737487792969e+02, 2.935479431152344e+02, 2.937154235839844e+02, 2.938531494140625e+02, 2.939451599121094e+02, 2.939807434082031e+02, 2.939530944824219e+02, 2.938584289550781e+02, 2.936953735351562e+02, 2.934646301269531e+02, 2.931684875488281e+02, 2.935110473632812e+02, 2.936612548828125e+02, 2.938210754394531e+02, 2.93987548828125e+02, 2.941581115722656e+02, 2.943300476074219e+02, 2.945006103515625e+02, 2.92330078125e+02, 2.906884460449219e+02, 2.893970947265625e+02, 2.900216979980469e+02, 2.90147216796875e+02, 2.902569274902344e+02, 2.903491516113281e+02, 2.904224853515625e+02, 2.904757690429688e+02, 2.905081176757812e+02, 2.9051904296875e+02]
TVol.T=[2.931499938964844e+02, 2.902222595214844e+02, 2.891497802734375e+02, 2.891502990722656e+02, 2.89150390625e+02, 2.891504516601562e+02, 2.891505432128906e+02, 2.891506042480469e+02, 2.891506652832031e+02, 2.891507263183594e+02, 2.891507568359375e+02, 2.891507873535156e+02, 2.891507873535156e+02, 2.891796875e+02, 2.893807067871094e+02, 2.927337951660156e+02, 2.93154541015625e+02, 2.931506652832031e+02, 2.931506042480469e+02, 2.931505432128906e+02, 2.931515197753906e+02, 2.932259216308594e+02, 2.933738403320312e+02, 2.935480346679688e+02, 2.937155151367188e+02, 2.938532104492188e+02, 2.939452209472656e+02, 2.939807739257812e+02, 2.939530639648438e+02, 2.938583679199219e+02, 2.936952819824219e+02, 2.934644470214844e+02, 2.931683044433594e+02, 2.931493530273438e+02, 2.931492919921875e+02, 2.931492309570312e+02, 2.931492309570312e+02, 2.931492004394531e+02, 2.931492004394531e+02, 2.931492309570312e+02, 2.923289794921875e+02, 2.906876220703125e+02, 2.893964233398438e+02, 2.891493835449219e+02, 2.891494445800781e+02, 2.891495361328125e+02, 2.891495971679688e+02, 2.891496887207031e+02, 2.891497802734375e+02, 2.8914990234375e+02, 2.891499938964844e+02, 2.891500854492188e+02, 2.891501770019531e+02, 2.891502990722656e+02, 2.89150390625e+02, 2.891504516601562e+02, 2.891505432128906e+02, 2.891506042480469e+02, 2.891506652832031e+02, 2.891507263183594e+02, 2.891507568359375e+02, 2.891507873535156e+02, 2.891507873535156e+02, 2.891796875e+02, 2.893807067871094e+02, 2.927337951660156e+02, 2.93154541015625e+02, 2.931506652832031e+02, 2.931506042480469e+02, 2.931505432128906e+02, 2.931515197753906e+02, 2.932259216308594e+02, 2.933738403320312e+02, 2.935480346679688e+02, 2.937155151367188e+02, 2.938532104492188e+02, 2.939451904296875e+02, 2.939807739257812e+02, 2.939530639648438e+02, 2.938583679199219e+02, 2.936952819824219e+02, 2.934644775390625e+02, 2.931683044433594e+02, 2.931493530273438e+02, 2.931492919921875e+02, 2.931492309570312e+02, 2.931492309570312e+02, 2.931492004394531e+02, 2.931492004394531e+02, 2.931492309570312e+02, 2.923289794921875e+02, 2.906876220703125e+02, 2.893964233398438e+02, 2.891493835449219e+02, 2.891494445800781e+02, 2.891495361328125e+02, 2.891495971679688e+02, 2.891496887207031e+02, 2.891497802734375e+02, 2.8914990234375e+02, 2.891499938964844e+02]
time=[0e+00, 1.728e+05]
hea.TSet=[2.881499938964844e+02, 2.881499938964844e+02, 2.904757690429688e+02, 2.904229125976562e+02, 2.903497009277344e+02, 2.902575988769531e+02, 2.901479797363281e+02, 2.900226745605469e+02, 2.898835754394531e+02, 2.8973291015625e+02, 2.895730895996094e+02, 2.894065551757812e+02, 2.892359924316406e+02, 2.881499938964844e+02, 2.881499938964844e+02, 3.031499938964844e+02, 2.936127014160156e+02, 2.935116271972656e+02, 2.933725280761719e+02, 2.932472229003906e+02, 2.931125793457031e+02, 2.881499938964844e+02, 2.881499938964844e+02, 2.881499938964844e+02, 2.881499938964844e+02, 2.881499938964844e+02, 2.881499938964844e+02, 2.881499938964844e+02, 2.881499938964844e+02, 2.881499938964844e+02, 2.881499938964844e+02, 2.881499938964844e+02, 2.881499938964844e+02, 2.935119018554688e+02, 2.936622619628906e+02, 2.938221130371094e+02, 2.939886474609375e+02, 2.941592102050781e+02, 2.943311157226562e+02, 2.94501708984375e+02, 2.881499938964844e+02, 2.881499938964844e+02, 2.881499938964844e+02, 2.900225219726562e+02, 2.901479797363281e+02, 2.90257568359375e+02, 2.903497009277344e+02, 2.904228820800781e+02, 2.904760437011719e+02, 2.9050830078125e+02, 2.905189514160156e+02, 2.905080261230469e+02, 2.904759521484375e+02, 2.904231262207031e+02, 2.903499145507812e+02, 2.902575988769531e+02, 2.9014794921875e+02, 2.900226745605469e+02, 2.898836364746094e+02, 2.897329406738281e+02, 2.895730895996094e+02, 2.894065551757812e+02, 2.892359924316406e+02, 2.881499938964844e+02, 2.881499938964844e+02, 3.031499938964844e+02, 2.936127014160156e+02, 2.935116271972656e+02, 2.933725280761719e+02, 2.932472229003906e+02, 2.931126098632812e+02, 2.881499938964844e+02, 2.881499938964844e+02, 2.881499938964844e+02, 2.881499938964844e+02, 2.881499938964844e+02, 2.881499938964844e+02, 2.881499938964844e+02, 2.881499938964844e+02, 2.881499938964844e+02, 2.881499938964844e+02, 2.881499938964844e+02, 2.881499938964844e+02, 2.935118713378906e+02, 2.936622619628906e+02, 2.938221130371094e+02, 2.939886474609375e+02, 2.941592102050781e+02, 2.943311157226562e+02, 2.94501708984375e+02, 2.881499938964844e+02, 2.881499938964844e+02, 2.881499938964844e+02, 2.900225219726562e+02, 2.901479797363281e+02, 2.90257568359375e+02, 2.903497009277344e+02, 2.904229125976562e+02, 2.904760437011719e+02, 2.905082397460938e+02, 2.9051904296875e+02]
hea.Q_flow=[0e+00, 3.834084782283753e-05, 2.61444091796875e+02, 2.510680847167969e+02, 2.366351470947266e+02, 2.184711151123047e+02, 1.9685888671875e+02, 1.72147720336914e+02, 1.447169952392578e+02, 1.150039596557617e+02, 8.348101043701172e+01, 5.063772201538086e+01, 1.699730110168457e+01, 3.834084782283753e-05, 3.834084782283753e-05, 1.08e+03, 9.015630340576172e+01, 7.135569000244135e+01, 4.392027282714844e+01, 1.919833183288574e+01, 3.834084782283753e-05, 3.834084782283753e-05, 3.834084782283753e-05, 3.834084782283753e-05, 3.834084782283753e-05, 3.834084782283753e-05, 3.834084782283753e-05, 3.834084782283753e-05, 3.834084782283753e-05, 3.834084782283753e-05, 3.834084782283753e-05, 3.834084782283753e-05, 3.834084782283753e-05, 7.135202026367188e+01, 1.009949035644533e+02, 1.325202636718749e+02, 1.653622894287109e+02, 1.990026702880859e+02, 2.329112396240234e+02, 2.665531005859375e+02, 3.834084782283753e-05, 3.834084782283753e-05, 3.834084782283753e-05, 1.720542144775391e+02, 1.968017272949219e+02, 2.184198913574219e+02, 2.365942230224609e+02, 2.510336151123047e+02, 2.615223999023438e+02, 2.678883972167969e+02, 2.699933776855469e+02, 2.678462829589844e+02, 2.615251159667969e+02, 2.511078796386719e+02, 2.36672607421875e+02, 2.184699096679686e+02, 1.968518829345701e+02, 1.721467590332034e+02, 1.447266998291016e+02, 1.150046691894531e+02, 8.347969818115234e+01, 5.063777923583984e+01, 1.699734497070312e+01, 3.834084782283753e-05, 3.834084782283753e-05, 1.08e+03, 9.015763854980469e+01, 7.135569000244141e+01, 4.392026138305642e+01, 1.919831085205098e+01, 3.834084782283753e-05, 3.834084782283753e-05, 3.834084782283753e-05, 3.834084782283753e-05, 3.834084782283753e-05, 3.834084782283753e-05, 3.834084782283753e-05, 3.834084782283753e-05, 3.834084782283753e-05, 3.834084782283753e-05, 3.834084782283753e-05, 3.834084782283753e-05, 3.834084782283753e-05, 7.134737396240234e+01, 1.009951705932617e+02, 1.325203857421875e+02, 1.653621368408203e+02, 1.990028076171875e+02, 2.329112243652344e+02, 2.665531005859375e+02, 3.834084782283753e-05, 3.834084782283753e-05, 3.834084782283753e-05, 1.720529479980469e+02, 1.968016967773438e+02, 2.184200592041016e+02, 2.36593017578125e+02, 2.510360565185547e+02, 2.615198364257812e+02, 2.678781433105469e+02, 2.700133972167969e+02]
