last-generated=2021-05-06
statistics-simulation=
{
  "linear": " ",
  "nonlinear": " ",
  "number of continuous time states": "2",
  "numerical Jacobians": "0"
}
time=[0e+00, 2.4e+02]
mixBox.damOA.m_flow=[4.082483053207397e-01, 3.694840394870298e-01, 2.934016949041973e-01, 1.945948966193253e-01, 1.084160466751521e-01, 6.127055361866951e-02, 3.696593382836347e-02, 2.394214915536394e-02, 1.655556635548634e-02, 1.151333446390882e-02, 8.239887654781342e-03, 6.187187257832722e-03, 4.593498356935156e-03, 2.5901036647391e-03, 1.205640257505173e-03, 5.124639719724655e-04, 2.126598688730144e-04, 8.994687212019797e-05, 3.978604214346003e-05, 1.868571533512184e-05, 9.382168173033278e-06, 5.044032351836869e-06, 2.898952292429906e-06, 1.774734235656979e-06, 1.151959341705355e-06, 7.88717613886547e-07, 1.878462696626628e-06, 2.337055657088413e-05, 4.136466109716974e-04, 3.335982955940993e-03, 6.958354730159044e-03, 1.170490497238133e-02, 1.982383289276193e-02, 3.331822565184683e-02, 5.490299592535504e-02, 8.766788244247437e-02, 1.337751269893785e-01, 1.915008099863281e-01, 2.517101875280317e-01, 3.021824354957932e-01, 3.477994799613953e-01, 3.913720278211098e-01, 4.31798468139548e-01, 4.684220987297361e-01, 5.009853435367958e-01, 5.29534637928009e-01, 5.543147177047461e-01, 5.756781441813137e-01, 5.94019016998803e-01, 6.097292394930992e-01, 6.231749653816223e-01, 6.34684019370876e-01, 6.445433379665313e-01, 6.529997089192796e-01, 6.602631633602601e-01, 6.665119528770447e-01, 6.718959337492242e-01, 6.765417400961531e-01, 6.805563615821142e-01, 6.840299880628145e-01, 6.870392560958862e-01, 6.896489323492885e-01, 6.919142576672493e-01, 6.938822888473828e-01, 6.955931741606675e-01, 6.970812678337097e-01, 6.983763009792927e-01, 6.995037184515119e-01, 7.004855286636587e-01, 7.013407329024798e-01, 7.020857930183411e-01, 7.027349487234112e-01, 7.033004753943654e-01, 7.037932878536191e-01, 7.042224992919964e-01, 7.045964598655701e-01, 7.04922200010952e-01, 7.052059170169559e-01, 7.054530981094281e-01, 7.056683296749237e-01, 7.058558464050293e-01, 7.06019163512935e-01, 7.061613200385924e-01, 7.062850595968194e-01, 7.063927647859659e-01, 7.064864635467529e-01, 7.065678836817477e-01, 7.066387533292672e-01, 7.067003250842093e-01, 7.067539094590179e-01, 7.068004608154297e-01, 7.068408728593243e-01, 7.068760394629404e-01, 7.069066167233968e-01, 7.069331406910365e-01, 7.069562077522278e-01, 7.069761753552171e-01, 7.069935202390144e-01, 7.070085406477727e-01, 7.070215344118279e-01, 7.070328593254089e-01]
mixBox.damExh.m_flow=[4.082483053207397e-01, 3.318064843293688e-01, 2.324070574585836e-01, 1.209476894514253e-01, 5.646034680415729e-02, 2.804015763103962e-02, 1.518894789994289e-02, 8.943572261652761e-03, 5.672802091504236e-03, 4.45295136432962e-03, 3.845739876851439e-03, 3.382533261051476e-03, 2.87867540335727e-03, 1.830353743119687e-03, 9.484381852718869e-04, 4.441355122253299e-04, 2.013179990248596e-04, 8.994687212019797e-05, 3.978604214346003e-05, 1.868571533512184e-05, 9.382168173033278e-06, 5.044032351836869e-06, 2.898952292429906e-06, 1.774734235656979e-06, 1.151959341705355e-06, 7.88717613886547e-07, 1.878462696626628e-06, 2.337055657088413e-05, 4.136466109716974e-04, 3.335982955940993e-03, 6.958354730159044e-03, 1.170490497238133e-02, 1.982383289276193e-02, 3.331822565184683e-02, 5.490299592535504e-02, 8.766788244247437e-02, 1.337751269893785e-01, 1.915008099863281e-01, 2.517101875280317e-01, 3.021824354957932e-01, 3.477994799613953e-01, 3.913720278211098e-01, 4.31798468139548e-01, 4.684220987297361e-01, 5.009853435367958e-01, 5.29534637928009e-01, 5.543147177047461e-01, 5.756781441813137e-01, 5.94019016998803e-01, 6.097292394930992e-01, 6.231749653816223e-01, 6.34684019370876e-01, 6.445433379665313e-01, 6.529997089192796e-01, 6.602631633602601e-01, 6.665119528770447e-01, 6.718959337492242e-01, 6.765417400961531e-01, 6.805563615821142e-01, 6.840299880628145e-01, 6.870392560958862e-01, 6.896489323492885e-01, 6.919142576672493e-01, 6.938822888473828e-01, 6.955931741606675e-01, 6.970812678337097e-01, 6.983763009792927e-01, 6.995037184515119e-01, 7.004855286636587e-01, 7.013407329024798e-01, 7.020857930183411e-01, 7.027349487234112e-01, 7.033004753943654e-01, 7.037932878536191e-01, 7.042224992919964e-01, 7.045964598655701e-01, 7.04922200010952e-01, 7.052059170169559e-01, 7.054530981094281e-01, 7.056683296749237e-01, 7.058558464050293e-01, 7.06019163512935e-01, 7.061613200385924e-01, 7.062850595968194e-01, 7.063927647859659e-01, 7.064864635467529e-01, 7.065678836817477e-01, 7.066387533292672e-01, 7.067003250842093e-01, 7.067539094590179e-01, 7.068004608154297e-01, 7.068408728593243e-01, 7.068760394629404e-01, 7.069066167233968e-01, 7.069331406910365e-01, 7.069562077522278e-01, 7.069761753552171e-01, 7.069935202390144e-01, 7.070085406477727e-01, 7.070215344118279e-01, 7.070328593254089e-01]
mixBox.damRec.m_flow=[4.687499810529516e-08, 2.753201069619353e-03, 1.16288857077214e-02, 3.428034406260422e-02, 8.516237582717083e-02, 1.749556660652161e-01, 2.782344061981186e-01, 3.634010822461128e-01, 4.468437470847211e-01, 5.252939938121394e-01, 5.967853665351868e-01, 6.608311032797279e-01, 7.17844264706785e-01, 7.686194027284322e-01, 8.140518936216192e-01, 8.549910187721252e-01, 8.921761284889728e-01, 9.201095744799891e-01, 9.330905637752722e-01, 9.438005746503253e-01, 9.52674925327301e-01, 9.600592211991854e-01, 9.662262814955338e-01, 9.713936432799704e-01, 9.757356072497237e-01, 9.793928265571594e-01, 9.708087556073958e-01, 9.40745342773691e-01, 8.900779279379399e-01, 8.188882539449092e-01, 7.293838858604431e-01, 6.275626490575219e-01, 5.224645865193747e-01, 4.232379511147701e-01, 3.366968744308723e-01, 2.656486034393311e-01, 1.943505250410978e-01, 1.347263227851159e-01, 9.270234701559174e-02, 6.469737105467661e-02, 4.619238525629044e-02, 3.383927714011825e-02, 2.544719149327559e-02, 1.963034607299506e-02, 1.551481215878795e-02, 1.254412997514009e-02, 1.026536395840644e-02, 7.217012242506801e-03, 4.323534905689349e-03, 2.335971936384868e-03, 1.189316040836275e-03, 5.898764287064222e-04, 2.921065772735333e-04, 1.470017731775088e-04, 7.610928373308755e-05, 4.086743138032034e-05, 2.286924649115579e-05, 1.336929583378214e-05, 8.169727985937075e-06, 5.215057695605364e-06, 3.471900299700792e-06, 2.405392945560539e-06, 1.729849748141303e-06, 1.287790739503809e-06, 9.896505963774489e-07, 7.829088417565799e-07, 6.358654675190454e-07, 5.288521328732185e-07, 4.493360849940238e-07, 3.891440151419571e-07, 3.428154116136284e-07, 3.066260830340048e-07, 2.779860087676122e-07, 2.550515063064825e-07, 2.365042924308884e-07, 2.213612049217772e-07, 2.089018240309071e-07, 1.985783179808795e-07, 1.899666317016179e-07, 1.827497329099222e-07, 1.766674841974236e-07, 1.715247345711879e-07, 1.671587649218379e-07, 1.634417500613881e-07, 1.602694586137666e-07, 1.575553199018032e-07, 1.552299781430087e-07, 1.53232678713816e-07, 1.515164862521607e-07, 1.500384349966173e-07, 1.487643999098509e-07, 1.476654151133697e-07, 1.467159916050307e-07, 1.458959521416129e-07, 1.451867478815574e-07, 1.44573661486902e-07, 1.440431974657694e-07, 1.435849276079386e-07, 1.431894527232102e-07, 1.428476118933737e-07, 1.425506894747741e-07]
