last-generated=2019-05-28
statistics-simulation=
{
  "linear": " ",
  "nonlinear": "1, 1, 1, 1, 1, 1, 1, 1, 1, 1, 1, 1, 1, 1, 1, 1",
  "number of continuous time states": "34",
  "numerical Jacobians": "0"
}
temperature.T=[2.899500122070312e+02, 3.289434204101562e+02, 3.431609191894531e+02, 3.559833374023438e+02, 3.674784851074219e+02, 3.777349853515625e+02, 3.868517761230469e+02, 3.949295043945312e+02, 4.020670471191406e+02, 4.08359375e+02, 4.138954467773438e+02, 4.18758056640625e+02, 4.230224914550781e+02, 4.267577209472656e+02, 4.300257873535156e+02, 4.32882568359375e+02, 4.353774719238281e+02, 4.375546875e+02, 4.394534606933594e+02, 4.411084289550781e+02, 4.4255029296875e+02, 4.43805908203125e+02, 4.448988952636719e+02, 4.458500366210938e+02, 4.466774291992188e+02, 4.4739697265625e+02, 4.480227661132812e+02, 4.485667114257812e+02, 4.490396728515625e+02, 4.494507751464844e+02, 4.498082275390625e+02, 4.501188354492188e+02, 4.503888244628906e+02, 4.506234130859375e+02, 4.508271789550781e+02, 4.510041809082031e+02, 4.51157958984375e+02, 4.512915344238281e+02, 4.514075927734375e+02, 4.515083923339844e+02, 4.515959777832031e+02, 4.516720581054688e+02, 4.517381591796875e+02, 4.517955322265625e+02, 4.518453674316406e+02, 4.51888671875e+02, 4.5192626953125e+02, 4.519589233398438e+02, 4.519872741699219e+02, 4.520119323730469e+02, 4.520333251953125e+02, 4.520519104003906e+02, 4.520680541992188e+02, 4.520820617675781e+02, 4.5209423828125e+02, 4.521048278808594e+02, 4.521139831542969e+02, 4.521219787597656e+02, 4.5212890625e+02, 4.521349182128906e+02, 4.5214013671875e+02, 4.521446838378906e+02, 4.521486206054688e+02, 4.521520080566406e+02, 4.521549682617188e+02, 4.521575317382812e+02, 4.521597595214844e+02, 4.521616821289062e+02, 4.521633605957031e+02, 4.521648254394531e+02, 4.521660766601562e+02, 4.521671752929688e+02, 4.521681518554688e+02, 4.521690063476562e+02, 4.521697387695312e+02, 4.521703796386719e+02, 4.521709289550781e+02, 4.521714172363281e+02, 4.521718444824219e+02, 4.521722106933594e+02, 4.521725463867188e+02, 4.521728210449219e+02, 4.521730346679688e+02, 4.521732482910156e+02, 4.521734313964844e+02, 4.52173583984375e+02, 4.521737060546875e+02, 4.52173828125e+02, 4.521739501953125e+02, 4.521740417480469e+02, 4.521741027832031e+02, 4.521741943359375e+02, 4.521742553710938e+02, 4.5217431640625e+02, 4.521743469238281e+02, 4.521744079589844e+02, 4.521744384765625e+02, 4.521744995117188e+02, 4.521745300292969e+02, 4.521745300292969e+02, 4.52174560546875e+02]
time=[0e+00, 3e+04]
pump.enthalpyPort_a.m_flow=[2e+00, 2e+00]
