last-generated=2021-05-06
statistics-simulation=
{
  "linear": " ",
  "nonlinear": " ",
  "number of continuous time states": "4",
  "numerical Jacobians": "0"
}
time=[0e+00, 1.728e+05]
vol.T=[2.931499938964844e+02, 2.925135803222656e+02, 2.926092834472656e+02, 2.927705383300781e+02, 2.929947814941406e+02, 2.932784729003906e+02, 2.936171569824219e+02, 2.940054626464844e+02, 2.944373168945312e+02, 2.949058532714844e+02, 2.954037170410156e+02, 2.959230651855469e+02, 2.964556579589844e+02, 2.969931335449219e+02, 2.975270080566406e+02, 2.980488891601562e+02, 2.981504211425781e+02, 2.98150390625e+02, 2.981503601074219e+02, 2.981503295898438e+02, 2.981502990722656e+02, 2.981502685546875e+02, 2.981502380371094e+02, 2.981501770019531e+02, 2.981501159667969e+02, 2.981499938964844e+02, 2.9814990234375e+02, 2.981498413085938e+02, 2.981497802734375e+02, 2.981497192382812e+02, 2.981496887207031e+02, 2.981496887207031e+02, 2.98149658203125e+02, 2.981496276855469e+02, 2.981495971679688e+02, 2.981183776855469e+02, 2.97606689453125e+02, 2.970740661621094e+02, 2.965365905761719e+02, 2.960027160644531e+02, 2.954808654785156e+02, 2.94979248046875e+02, 2.945057983398438e+02, 2.940679626464844e+02, 2.936726684570312e+02, 2.933261413574219e+02, 2.930338439941406e+02, 2.928003845214844e+02, 2.926294555664062e+02, 2.925237426757812e+02, 2.924849243164062e+02, 2.925135803222656e+02, 2.926092834472656e+02, 2.927705383300781e+02, 2.929947814941406e+02, 2.932784729003906e+02, 2.936171569824219e+02, 2.940054626464844e+02, 2.944373168945312e+02, 2.949058532714844e+02, 2.954037170410156e+02, 2.959230651855469e+02, 2.964556579589844e+02, 2.969931335449219e+02, 2.975270080566406e+02, 2.980488891601562e+02, 2.981504211425781e+02, 2.98150390625e+02, 2.981503601074219e+02, 2.981503295898438e+02, 2.981502990722656e+02, 2.981502685546875e+02, 2.981502380371094e+02, 2.981501770019531e+02, 2.981501159667969e+02, 2.981499938964844e+02, 2.9814990234375e+02, 2.981498413085938e+02, 2.981497802734375e+02, 2.981497192382812e+02, 2.981496887207031e+02, 2.981496887207031e+02, 2.98149658203125e+02, 2.981496276855469e+02, 2.981495971679688e+02, 2.981183776855469e+02, 2.97606689453125e+02, 2.970740661621094e+02, 2.965365905761719e+02, 2.960027160644531e+02, 2.954808349609375e+02, 2.94979248046875e+02, 2.945057678222656e+02, 2.940679626464844e+02, 2.936726684570312e+02, 2.933261413574219e+02, 2.930338439941406e+02, 2.928003845214844e+02, 2.926294555664062e+02, 2.925237426757812e+02, 2.924848937988281e+02]
beaCoo.heaToRoo.Q_flow=[-0e+00, -0e+00, -0e+00, -0e+00, -0e+00, -0e+00, -0e+00, 0e+00, -0e+00, -0e+00, -0e+00, -0e+00, -0e+00, -0e+00, 0e+00, -0e+00, -1.22494514465332e+02, -2.545619659423831e+02, -3.764867553710938e+02, -4.863475036621094e+02, -5.82412841796875e+02, -6.631688842773438e+02, -7.273436889648438e+02, -7.739180297851562e+02, -8.021844482421875e+02, -8.116748657226562e+02, -8.022413330078125e+02, -7.74023681640625e+02, -7.27471496582031e+02, -6.633209228515625e+02, -5.825751342773438e+02, -4.8652880859375e+02, -3.766800842285156e+02, -2.547714996337891e+02, -1.227280426025385e+02, -2.344791028008331e-13, -0e+00, -0e+00, -0e+00, -0e+00, -0e+00, -0e+00, -0e+00, -0e+00, -0e+00, -0e+00, -0e+00, -0e+00, -0e+00, -0e+00, -0e+00, -0e+00, -0e+00, -0e+00, -0e+00, 0e+00, 0e+00, 0e+00, -0e+00, -0e+00, -0e+00, -0e+00, -0e+00, -0e+00, -0e+00, -0e+00, -1.224945526123047e+02, -2.545627899169922e+02, -3.764867248535166e+02, -4.863475646972647e+02, -5.82412780761718e+02, -6.631687622070312e+02, -7.273444213867188e+02, -7.739288330078125e+02, -8.021852416992188e+02, -8.116713256835938e+02, -8.022428588867188e+02, -7.740234985351562e+02, -7.274730834960938e+02, -6.633260498046875e+02, -5.825813598632812e+02, -4.865280151367188e+02, -3.766820068359375e+02, -2.547702789306641e+02, -1.227277984619141e+02, -0e+00, -0e+00, -0e+00, -0e+00, -0e+00, -0e+00, -0e+00, -0e+00, -0e+00, -0e+00, -0e+00, -0e+00, -0e+00, -0e+00, -0e+00, -0e+00]
