last-generated=2021-10-28
statistics-initialization=
{
  "linear": "0, 0, 0, 0, 0, 0, 0, 0",
  "nonlinear": "1",
  "numerical Jacobians": "0"
}
statistics-simulation=
{
  "linear": "0, 0, 0, 0, 0, 0, 0, 0, 0, 0, 0, 0, 0, 0, 0, 0, 0, 0, 0, 0, 0, 0, 0, 0, 0, 0, 0,   0, 0, 0, 0, 0, 0, 0, 0, 0",
  "nonlinear": "2, 1, 1, 1, 1, 1, 1, 1, 1, 1, 1",
  "number of continuous time states": "73",
  "numerical Jacobians": "0"
}
time=[0e+00, 1.728e+05]
solarThermal.senTCold.T=[2.931499938964844e+02, 2.932091674804688e+02, 2.932781372070312e+02, 2.933221740722656e+02, 2.933448486328125e+02, 2.933523864746094e+02, 2.933497009277344e+02, 2.933403930664062e+02, 2.933272094726562e+02, 2.933118896484375e+02, 2.932958679199219e+02, 2.932799682617188e+02, 2.932647094726562e+02, 2.9325048828125e+02, 2.932374572753906e+02, 2.932256774902344e+02, 2.932151794433594e+02, 2.932059326171875e+02, 2.931978149414062e+02, 2.931907348632812e+02, 2.931846618652344e+02, 2.931794128417969e+02, 2.931749572753906e+02, 2.93171142578125e+02, 2.931679382324219e+02, 2.931618041992188e+02, 2.932828369140625e+02, 2.932702941894531e+02, 2.932662658691406e+02, 2.932591247558594e+02, 2.932508544921875e+02, 2.932412109375e+02, 2.9323095703125e+02, 2.932196655273438e+02, 2.932084655761719e+02, 2.931971740722656e+02, 2.931871032714844e+02, 2.931805725097656e+02, 2.931785888671875e+02, 2.931763610839844e+02, 2.931740417480469e+02, 2.931717224121094e+02, 2.931694946289062e+02, 2.931674499511719e+02, 2.931655578613281e+02, 2.931638793945312e+02, 2.93162353515625e+02, 2.931610107421875e+02, 2.931598205566406e+02, 2.931587829589844e+02, 2.931578674316406e+02, 2.931570739746094e+02, 2.931564025878906e+02, 2.931558227539062e+02, 2.931553039550781e+02, 2.931548767089844e+02, 2.931545104980469e+02, 2.931541748046875e+02, 2.931539306640625e+02, 2.931536865234375e+02, 2.931534729003906e+02, 2.931532897949219e+02, 2.931531677246094e+02, 2.931895141601562e+02, 2.932115783691406e+02, 2.932261352539062e+02, 2.932384033203125e+02, 2.93250244140625e+02, 2.932587585449219e+02, 2.932670288085938e+02, 2.932715759277344e+02, 2.932758178710938e+02, 2.932764587402344e+02, 2.932765502929688e+02, 2.932742004394531e+02, 2.932711791992188e+02, 2.932654724121094e+02, 2.932584838867188e+02, 2.932499694824219e+02, 2.932403259277344e+02, 2.932299499511719e+02, 2.932186584472656e+02, 2.932074584960938e+02, 2.931962280273438e+02, 2.931863098144531e+02, 2.931803283691406e+02, 2.931783447265625e+02, 2.931761169433594e+02, 2.931737976074219e+02, 2.931714782714844e+02, 2.931692504882812e+02, 2.931672668457031e+02, 2.931653747558594e+02, 2.931637268066406e+02, 2.931622314453125e+02, 2.931609191894531e+02, 2.931597290039062e+02, 2.931587219238281e+02, 2.931578369140625e+02, 2.931570434570312e+02, 2.931563720703125e+02]
solarThermal.senTHot.T=[2.931499938964844e+02, 2.931501159667969e+02, 2.93150390625e+02, 2.931507568359375e+02, 2.931512145996094e+02, 2.931517028808594e+02, 2.931521911621094e+02, 2.931579895019531e+02, 2.931819763183594e+02, 2.932884521484375e+02, 2.936981506347656e+02, 2.944491882324219e+02, 2.956473693847656e+02, 2.973067932128906e+02, 2.994407958984375e+02, 3.020473327636719e+02, 3.050877685546875e+02, 3.085343627929688e+02, 3.123280944824219e+02, 3.164422607421875e+02, 3.2078662109375e+02, 3.253198547363281e+02, 3.29947509765625e+02, 3.346174011230469e+02, 3.392437438964844e+02, 3.43427001953125e+02, 3.430999145507812e+02, 3.43154052734375e+02, 3.431474914550781e+02, 3.431476745605469e+02, 3.431468811035156e+02, 3.431471557617188e+02, 3.431466674804688e+02, 3.431468200683594e+02, 3.431466979980469e+02, 3.43146728515625e+02, 3.431459045410156e+02, 3.43145751953125e+02, 3.430564575195312e+02, 3.42950927734375e+02, 3.428456115722656e+02, 3.427405395507812e+02, 3.426356506347656e+02, 3.425310363769531e+02, 3.424266662597656e+02, 3.423224792480469e+02, 3.422185363769531e+02, 3.421147766113281e+02, 3.420112609863281e+02, 3.41907958984375e+02, 3.418048706054688e+02, 3.417019958496094e+02, 3.415993347167969e+02, 3.414968872070312e+02, 3.413946838378906e+02, 3.412926635742188e+02, 3.411908874511719e+02, 3.410892944335938e+02, 3.409879760742188e+02, 3.408881530761719e+02, 3.410600891113281e+02, 3.417265625e+02, 3.428868408203125e+02, 3.431510620117188e+02, 3.431546630859375e+02, 3.431532592773438e+02, 3.431533508300781e+02, 3.431520080566406e+02, 3.431526794433594e+02, 3.4315087890625e+02, 3.43151611328125e+02, 3.431501770019531e+02, 3.431501159667969e+02, 3.43149658203125e+02, 3.431488647460938e+02, 3.431489868164062e+02, 3.431475219726562e+02, 3.431477661132812e+02, 3.431468505859375e+02, 3.431471557617188e+02, 3.431466369628906e+02, 3.431468505859375e+02, 3.431466064453125e+02, 3.431467590332031e+02, 3.431457214355469e+02, 3.431456604003906e+02, 3.430477905273438e+02, 3.429422607421875e+02, 3.428369750976562e+02, 3.427319030761719e+02, 3.426270446777344e+02, 3.425224914550781e+02, 3.424180908203125e+02, 3.423139953613281e+02, 3.422100219726562e+02, 3.421063537597656e+02, 3.420028381347656e+02, 3.418995361328125e+02, 3.417965087890625e+02, 3.416936340332031e+02, 3.41591064453125e+02]
bufferStorage.TTop=[2.981499938964844e+02, 2.931502990722656e+02, 2.931499938964844e+02, 2.931499938964844e+02, 2.931499938964844e+02, 2.931499938964844e+02, 2.931499938964844e+02, 2.931499633789062e+02, 2.931499633789062e+02, 2.931499633789062e+02, 2.931499633789062e+02, 2.931499938964844e+02, 2.931500244140625e+02, 2.931500549316406e+02, 2.93150146484375e+02, 2.931502380371094e+02, 2.93150390625e+02, 2.931505432128906e+02, 2.931507263183594e+02, 2.931509399414062e+02, 2.931511535644531e+02, 2.931514282226562e+02, 2.931516723632812e+02, 2.931519470214844e+02, 2.931522216796875e+02, 2.932633666992188e+02, 2.932518920898438e+02, 2.932544250488281e+02, 2.932479553222656e+02, 2.932429504394531e+02, 2.932357482910156e+02, 2.932279663085938e+02, 2.932187194824219e+02, 2.932087097167969e+02, 2.9319775390625e+02, 2.931860656738281e+02, 2.931714782714844e+02, 2.931541748046875e+02, 2.931528625488281e+02, 2.931528625488281e+02, 2.9315283203125e+02, 2.9315283203125e+02, 2.9315283203125e+02, 2.9315283203125e+02, 2.9315283203125e+02, 2.931528015136719e+02, 2.931528015136719e+02, 2.931528015136719e+02, 2.931528015136719e+02, 2.931528015136719e+02, 2.931527709960938e+02, 2.931527709960938e+02, 2.931527709960938e+02, 2.931527709960938e+02, 2.931527709960938e+02, 2.931527404785156e+02, 2.931527404785156e+02, 2.931527404785156e+02, 2.931527404785156e+02, 2.931527404785156e+02, 2.931527099609375e+02, 2.931527099609375e+02, 2.931527404785156e+02, 2.932056274414062e+02, 2.932129821777344e+02, 2.932229919433594e+02, 2.932322082519531e+02, 2.932402038574219e+02, 2.932463989257812e+02, 2.932518310546875e+02, 2.932547912597656e+02, 2.93257568359375e+02, 2.932573547363281e+02, 2.932574462890625e+02, 2.932550659179688e+02, 2.932529296875e+02, 2.932477111816406e+02, 2.932424926757812e+02, 2.932350769042969e+02, 2.93227294921875e+02, 2.932178955078125e+02, 2.932078552246094e+02, 2.931968078613281e+02, 2.9318505859375e+02, 2.931701049804688e+02, 2.9315283203125e+02, 2.9315283203125e+02, 2.9315283203125e+02, 2.9315283203125e+02, 2.9315283203125e+02, 2.9315283203125e+02, 2.9315283203125e+02, 2.931528015136719e+02, 2.931528015136719e+02, 2.931528015136719e+02, 2.931528015136719e+02, 2.931528015136719e+02, 2.931527709960938e+02, 2.931527709960938e+02, 2.931527709960938e+02, 2.931527709960938e+02]
bufferStorage.TBottom=[2.981499938964844e+02, 2.931528930664062e+02, 2.93151123046875e+02, 2.931500854492188e+02, 2.931499328613281e+02, 2.9314990234375e+02, 2.931498718261719e+02, 2.931498718261719e+02, 2.931498413085938e+02, 2.931498413085938e+02, 2.931498107910156e+02, 2.931498107910156e+02, 2.931498413085938e+02, 2.931498718261719e+02, 2.931499328613281e+02, 2.931500549316406e+02, 2.931501770019531e+02, 2.931503295898438e+02, 2.931505126953125e+02, 2.931506958007812e+02, 2.931509094238281e+02, 2.931511535644531e+02, 2.931514282226562e+02, 2.931516723632812e+02, 2.931519470214844e+02, 2.932275695800781e+02, 2.932773742675781e+02, 2.932716674804688e+02, 2.932640075683594e+02, 2.932572631835938e+02, 2.932479858398438e+02, 2.932379760742188e+02, 2.932265930175781e+02, 2.932144775390625e+02, 2.932017211914062e+02, 2.931884765625e+02, 2.931728210449219e+02, 2.931548767089844e+02, 2.93152587890625e+02, 2.931525573730469e+02, 2.931525573730469e+02, 2.931525268554688e+02, 2.931525268554688e+02, 2.931525268554688e+02, 2.931525268554688e+02, 2.931524963378906e+02, 2.931524963378906e+02, 2.931524963378906e+02, 2.931524658203125e+02, 2.931524658203125e+02, 2.931524658203125e+02, 2.931524658203125e+02, 2.931524353027344e+02, 2.931524353027344e+02, 2.931524353027344e+02, 2.931524353027344e+02, 2.931524353027344e+02, 2.931524047851562e+02, 2.931524047851562e+02, 2.931524047851562e+02, 2.931524047851562e+02, 2.931524047851562e+02, 2.931524047851562e+02, 2.932094116210938e+02, 2.932178344726562e+02, 2.9323046875e+02, 2.932421264648438e+02, 2.932528076171875e+02, 2.932609252929688e+02, 2.932686157226562e+02, 2.932725524902344e+02, 2.932766418457031e+02, 2.932763977050781e+02, 2.932765502929688e+02, 2.932734069824219e+02, 2.932704467773438e+02, 2.932636108398438e+02, 2.93256591796875e+02, 2.932470703125e+02, 2.932370910644531e+02, 2.932255249023438e+02, 2.932134094238281e+02, 2.932005920410156e+02, 2.931873168945312e+02, 2.931713562011719e+02, 2.931533203125e+02, 2.931525573730469e+02, 2.931525268554688e+02, 2.931524963378906e+02, 2.931524963378906e+02, 2.931524963378906e+02, 2.931524963378906e+02, 2.931524658203125e+02, 2.931524658203125e+02, 2.931524658203125e+02, 2.931524658203125e+02, 2.931524658203125e+02, 2.931524353027344e+02, 2.931524353027344e+02, 2.931524353027344e+02, 2.931524353027344e+02]
