last-generated=2022-12-21
statistics-simulation=
{
  "linear": " ",
  "nonlinear": "0, 1",
  "numerical Jacobians": "0"
}
time=[0e+00, 8.64e+04]
humanIntGains.uRel=[0e+00, 0e+00, 0e+00, 0e+00, 0e+00, 0e+00, 0e+00, 0e+00, 0e+00, 0e+00, 0e+00, 0e+00, 0e+00, 0e+00, 0e+00, 0e+00, 0e+00, 0e+00, 0e+00, 0e+00, 0e+00, 0e+00, 0e+00, 0e+00, 0e+00, 0e+00, 0e+00, 0e+00, 0e+00, 0e+00, 0e+00, 0e+00, 0e+00, 0e+00, 1e+00, 1e+00, 1e+00, 1e+00, 1e+00, 1e+00, 1e+00, 1e+00, 1e+00, 1e+00, 1e+00, 1e+00, 1e+00, 1e+00, 1e+00, 1e+00, 1e+00, 0e+00, 0e+00, 0e+00, 0e+00, 1e+00, 1e+00, 1e+00, 1e+00, 1e+00, 1e+00, 1e+00, 1e+00, 1e+00, 1e+00, 1e+00, 1e+00, 1e+00, 1e+00, 1e+00, 1e+00, 1e+00, 1e+00, 1e+00, 1e+00, 1e+00, 0e+00, 0e+00, 0e+00, 0e+00, 0e+00, 0e+00, 0e+00, 0e+00, 0e+00, 0e+00, 0e+00, 0e+00, 0e+00, 0e+00, 0e+00, 0e+00, 0e+00, 0e+00, 0e+00, 0e+00, 0e+00, 0e+00, 0e+00, 0e+00, 0e+00]
humanIntGains.radHeat.Q_flow=[-0e+00, -0e+00, -0e+00, -0e+00, -0e+00, -0e+00, -0e+00, 0e+00, -0e+00, -0e+00, -0e+00, -0e+00, -0e+00, -0e+00, 0e+00, -0e+00, -0e+00, 0e+00, -0e+00, -0e+00, -0e+00, -0e+00, -0e+00, -0e+00, -0e+00, -0e+00, -0e+00, -0e+00, 0e+00, -0e+00, -0e+00, -0e+00, -0e+00, -0e+00, -2.8e+01, -2.8e+01, -2.8e+01, -2.8e+01, -2.8e+01, -2.8e+01, -2.8e+01, -2.8e+01, -2.8e+01, -2.8e+01, -2.8e+01, -2.8e+01, -2.8e+01, -2.8e+01, -2.8e+01, -2.8e+01, -2.8e+01, -0e+00, -0e+00, -0e+00, -0e+00, -2.8e+01, -2.8e+01, -2.8e+01, -2.8e+01, -2.8e+01, -2.8e+01, -2.8e+01, -2.8e+01, -2.8e+01, -2.8e+01, -2.8e+01, -2.8e+01, -2.8e+01, -2.8e+01, -2.8e+01, -2.8e+01, -2.8e+01, -2.8e+01, -2.8e+01, -2.8e+01, -2.8e+01, -0e+00, -0e+00, -0e+00, -0e+00, -0e+00, -0e+00, -0e+00, -0e+00, -0e+00, -0e+00, -0e+00, -0e+00, -0e+00, -0e+00, -0e+00, -0e+00, -0e+00, -0e+00, -0e+00, -0e+00, -0e+00, -0e+00, -0e+00, -0e+00, -0e+00]
humanIntGains.convHeat.Q_flow=[-0e+00, -0e+00, -0e+00, -0e+00, -0e+00, -0e+00, -0e+00, 0e+00, -0e+00, -0e+00, -0e+00, -0e+00, -0e+00, -0e+00, 0e+00, -0e+00, -0e+00, 0e+00, -0e+00, -0e+00, -0e+00, -0e+00, -0e+00, -0e+00, -0e+00, -0e+00, -0e+00, -0e+00, 0e+00, -0e+00, -0e+00, -0e+00, -0e+00, -0e+00, -4.2e+01, -4.2e+01, -4.2e+01, -4.2e+01, -4.2e+01, -4.2e+01, -4.2e+01, -4.2e+01, -4.2e+01, -4.2e+01, -4.2e+01, -4.2e+01, -4.2e+01, -4.2e+01, -4.2e+01, -4.2e+01, -4.2e+01, -0e+00, -0e+00, -0e+00, -0e+00, -4.2e+01, -4.2e+01, -4.2e+01, -4.2e+01, -4.2e+01, -4.2e+01, -4.2e+01, -4.2e+01, -4.2e+01, -4.2e+01, -4.2e+01, -4.2e+01, -4.2e+01, -4.2e+01, -4.2e+01, -4.2e+01, -4.2e+01, -4.2e+01, -4.2e+01, -4.2e+01, -4.2e+01, -0e+00, -0e+00, -0e+00, -0e+00, -0e+00, -0e+00, -0e+00, -0e+00, -0e+00, -0e+00, -0e+00, -0e+00, -0e+00, -0e+00, -0e+00, -0e+00, -0e+00, -0e+00, -0e+00, -0e+00, -0e+00, -0e+00, -0e+00, -0e+00, -0e+00]
