last-generated=2025-06-03
statistics-initialization=
{
  "nonlinear": "0, 0, 1, 0, 1, 0, 0, 4, 0, 4, 0, 4, 0",
  "numerical Jacobians": "0"
}
statistics-simulation=
{
  "linear": "0, 0, 0, 0, 0, 0, 0, 0, 0, 0, 0, 0, 0, 0, 0, 0, 0, 0, 0, 0, 0, 0, 0, 0, 0, 0, 0,   0, 0, 0, 0, 0, 0, 0, 0, 0, 0, 0, 0, 0",
  "nonlinear": "0, 0, 0, 1, 0, 1, 0, 0, 0, 2, 2, 2",
  "number of continuous time states": "251",
  "numerical Jacobians": "0"
}
time=[0e+00, 7.2e+03]
ctrAHUBasic.genericAHUBus.TOdaMea=[2.931499938964844e+02, 2.832510070800781e+02, 2.831508178710938e+02, 2.831499938964844e+02, 2.831499938964844e+02, 2.831499938964844e+02, 2.831499938964844e+02, 2.831499938964844e+02, 2.831499938964844e+02, 2.831499938964844e+02, 2.831499938964844e+02, 2.831499938964844e+02, 2.831499938964844e+02, 2.831499938964844e+02, 2.831499938964844e+02, 2.831499938964844e+02, 2.831499938964844e+02, 2.831499938964844e+02, 2.831499938964844e+02, 2.831499938964844e+02, 2.831499938964844e+02, 2.831499938964844e+02, 2.831499938964844e+02, 2.831499938964844e+02, 2.831499938964844e+02, 2.831499938964844e+02, 2.831499938964844e+02, 2.831499938964844e+02, 2.831499938964844e+02, 2.831499938964844e+02, 2.831499938964844e+02, 2.831499938964844e+02, 2.831499938964844e+02, 2.831499938964844e+02, 2.831499938964844e+02, 2.831499938964844e+02, 2.831499938964844e+02, 2.831499938964844e+02, 2.831499938964844e+02, 2.831499938964844e+02, 2.831499938964844e+02, 2.831499938964844e+02, 2.831499938964844e+02, 2.831499938964844e+02, 2.831499938964844e+02, 2.831499938964844e+02, 2.831499938964844e+02, 2.831499938964844e+02, 2.831499938964844e+02, 2.831499938964844e+02, 2.831499938964844e+02, 2.831499938964844e+02, 2.831499938964844e+02, 2.831499938964844e+02, 2.831499938964844e+02, 2.831499938964844e+02, 2.831499938964844e+02, 2.831499938964844e+02, 2.831499938964844e+02, 2.831499938964844e+02, 2.831499938964844e+02, 2.831499938964844e+02, 2.831499938964844e+02, 2.831499938964844e+02, 2.831499938964844e+02, 2.831499938964844e+02, 2.831499938964844e+02, 2.831499938964844e+02, 2.831499938964844e+02, 2.831499938964844e+02, 2.831499938964844e+02, 2.831499938964844e+02, 2.831499938964844e+02, 2.831499938964844e+02, 2.831499938964844e+02, 2.831499938964844e+02, 2.831499938964844e+02, 2.831499938964844e+02, 2.831499938964844e+02, 2.831499938964844e+02, 2.831499938964844e+02, 2.831499938964844e+02, 2.831499938964844e+02, 2.831499938964844e+02, 2.831499938964844e+02, 2.831499938964844e+02, 2.831499938964844e+02, 2.831499938964844e+02, 2.831499938964844e+02, 2.831499938964844e+02, 2.831499938964844e+02, 2.831499938964844e+02, 2.831499938964844e+02, 2.831499938964844e+02, 2.831499938964844e+02, 2.831499938964844e+02, 2.831499938964844e+02, 2.831499938964844e+02, 2.831499938964844e+02, 2.831499938964844e+02, 2.831499938964844e+02]
ctrAHUBasic.genericAHUBus.TSupMea=[2.931499938964844e+02, 2.931102294921875e+02, 2.927852172851562e+02, 2.930820617675781e+02, 2.932833862304688e+02, 2.930771789550781e+02, 2.928829956054688e+02, 2.929539489746094e+02, 2.930510559082031e+02, 2.930652465820312e+02, 2.930542907714844e+02, 2.930595092773438e+02, 2.930746765136719e+02, 2.930892639160156e+02, 2.9310107421875e+02, 2.931108703613281e+02, 2.931191711425781e+02, 2.931261291503906e+02, 2.931317443847656e+02, 2.9313623046875e+02, 2.931397399902344e+02, 2.931424255371094e+02, 2.931444702148438e+02, 2.9314599609375e+02, 2.931471252441406e+02, 2.931479187011719e+02, 2.931485290527344e+02, 2.931489562988281e+02, 2.931492614746094e+02, 2.931494750976562e+02, 2.931496276855469e+02, 2.931497497558594e+02, 2.931498107910156e+02, 2.931498718261719e+02, 2.9314990234375e+02, 2.931499328613281e+02, 2.931499633789062e+02, 2.931499633789062e+02, 2.931499633789062e+02, 2.931499938964844e+02, 2.931499938964844e+02, 2.931499938964844e+02, 2.931499938964844e+02, 2.931499938964844e+02, 2.931499938964844e+02, 2.931499938964844e+02, 2.931499938964844e+02, 2.931499938964844e+02, 2.931499938964844e+02, 2.931499938964844e+02, 2.931499938964844e+02, 2.931499938964844e+02, 2.931499938964844e+02, 2.931499938964844e+02, 2.931499938964844e+02, 2.931499938964844e+02, 2.931499938964844e+02, 2.931499938964844e+02, 2.931499938964844e+02, 2.931499938964844e+02, 2.931499938964844e+02, 2.931499938964844e+02, 2.931499938964844e+02, 2.931499938964844e+02, 2.931499938964844e+02, 2.931499938964844e+02, 2.931499938964844e+02, 2.931499938964844e+02, 2.931499938964844e+02, 2.931499938964844e+02, 2.931499938964844e+02, 2.931499938964844e+02, 2.931499938964844e+02, 2.931499938964844e+02, 2.931499938964844e+02, 2.931499938964844e+02, 2.931499938964844e+02, 2.931499938964844e+02, 2.931499938964844e+02, 2.931499938964844e+02, 2.931499938964844e+02, 2.931499938964844e+02, 2.931499938964844e+02, 2.931499938964844e+02, 2.931499938964844e+02, 2.931499938964844e+02, 2.931499938964844e+02, 2.931499938964844e+02, 2.931499938964844e+02, 2.931499938964844e+02, 2.931499938964844e+02, 2.931499938964844e+02, 2.931499938964844e+02, 2.931499938964844e+02, 2.931499938964844e+02, 2.931499938964844e+02, 2.931499938964844e+02, 2.931499938964844e+02, 2.931499938964844e+02, 2.931499938964844e+02, 2.931499938964844e+02]
ctrAHUBasic.genericAHUBus.TEtaMea=[2.931499938964844e+02, 2.941398620605469e+02, 2.9414990234375e+02, 2.941499938964844e+02, 2.941499938964844e+02, 2.941499938964844e+02, 2.941499938964844e+02, 2.941499938964844e+02, 2.941499938964844e+02, 2.941499938964844e+02, 2.941499938964844e+02, 2.941499938964844e+02, 2.941499938964844e+02, 2.941499938964844e+02, 2.941499938964844e+02, 2.941499938964844e+02, 2.941499938964844e+02, 2.941499938964844e+02, 2.941499938964844e+02, 2.941499938964844e+02, 2.941499938964844e+02, 2.941499938964844e+02, 2.941499938964844e+02, 2.941499938964844e+02, 2.941499938964844e+02, 2.941499938964844e+02, 2.941499938964844e+02, 2.941499938964844e+02, 2.941499938964844e+02, 2.941499938964844e+02, 2.941499938964844e+02, 2.941499938964844e+02, 2.941499938964844e+02, 2.941499938964844e+02, 2.941499938964844e+02, 2.941499938964844e+02, 2.941499938964844e+02, 2.941499938964844e+02, 2.941499938964844e+02, 2.941499938964844e+02, 2.941499938964844e+02, 2.941499938964844e+02, 2.941499938964844e+02, 2.941499938964844e+02, 2.941499938964844e+02, 2.941499938964844e+02, 2.941499938964844e+02, 2.941499938964844e+02, 2.941499938964844e+02, 2.941499938964844e+02, 2.941499938964844e+02, 2.941499938964844e+02, 2.941499938964844e+02, 2.941499938964844e+02, 2.941499938964844e+02, 2.941499938964844e+02, 2.941499938964844e+02, 2.941499938964844e+02, 2.941499938964844e+02, 2.941499938964844e+02, 2.941499938964844e+02, 2.941499938964844e+02, 2.941499938964844e+02, 2.941499938964844e+02, 2.941499938964844e+02, 2.941499938964844e+02, 2.941499938964844e+02, 2.941499938964844e+02, 2.941499938964844e+02, 2.941499938964844e+02, 2.941499938964844e+02, 2.941499938964844e+02, 2.941499938964844e+02, 2.941499938964844e+02, 2.941499938964844e+02, 2.941499938964844e+02, 2.941499938964844e+02, 2.941499938964844e+02, 2.941499938964844e+02, 2.941499938964844e+02, 2.941499938964844e+02, 2.941499938964844e+02, 2.941499938964844e+02, 2.941499938964844e+02, 2.941499938964844e+02, 2.941499938964844e+02, 2.941499938964844e+02, 2.941499938964844e+02, 2.941499938964844e+02, 2.941499938964844e+02, 2.941499938964844e+02, 2.941499938964844e+02, 2.941499938964844e+02, 2.941499938964844e+02, 2.941499938964844e+02, 2.941499938964844e+02, 2.941499938964844e+02, 2.941499938964844e+02, 2.941499938964844e+02, 2.941499938964844e+02, 2.941499938964844e+02]
ctrAHUBasic.genericAHUBus.TEhaMea=[2.931499938964844e+02, 2.929504089355469e+02, 2.916348266601562e+02, 2.901182250976562e+02, 2.890525207519531e+02, 2.883573608398438e+02, 2.879231262207031e+02, 2.876602478027344e+02, 2.875046997070312e+02, 2.874142456054688e+02, 2.873623352050781e+02, 2.873328552246094e+02, 2.873162231445312e+02, 2.873069458007812e+02, 2.873017578125e+02, 2.872988891601562e+02, 2.872973022460938e+02, 2.872964477539062e+02, 2.872959594726562e+02, 2.872957153320312e+02, 2.872955627441406e+02, 2.872955017089844e+02, 2.872954406738281e+02, 2.872954406738281e+02, 2.8729541015625e+02, 2.8729541015625e+02, 2.8729541015625e+02, 2.8729541015625e+02, 2.8729541015625e+02, 2.8729541015625e+02, 2.8729541015625e+02, 2.8729541015625e+02, 2.8729541015625e+02, 2.8729541015625e+02, 2.8729541015625e+02, 2.8729541015625e+02, 2.8729541015625e+02, 2.8729541015625e+02, 2.8729541015625e+02, 2.8729541015625e+02, 2.8729541015625e+02, 2.8729541015625e+02, 2.8729541015625e+02, 2.8729541015625e+02, 2.8729541015625e+02, 2.8729541015625e+02, 2.8729541015625e+02, 2.8729541015625e+02, 2.8729541015625e+02, 2.8729541015625e+02, 2.8729541015625e+02, 2.8729541015625e+02, 2.8729541015625e+02, 2.8729541015625e+02, 2.8729541015625e+02, 2.8729541015625e+02, 2.8729541015625e+02, 2.8729541015625e+02, 2.8729541015625e+02, 2.8729541015625e+02, 2.8729541015625e+02, 2.872954406738281e+02, 2.872954406738281e+02, 2.872954406738281e+02, 2.872954406738281e+02, 2.872954406738281e+02, 2.872954406738281e+02, 2.872954406738281e+02, 2.872954406738281e+02, 2.872954406738281e+02, 2.872954406738281e+02, 2.872954406738281e+02, 2.872954406738281e+02, 2.872954406738281e+02, 2.872954406738281e+02, 2.872954406738281e+02, 2.872954406738281e+02, 2.872954406738281e+02, 2.872954406738281e+02, 2.872954406738281e+02, 2.872954406738281e+02, 2.872954406738281e+02, 2.872954406738281e+02, 2.872954406738281e+02, 2.872954406738281e+02, 2.872954406738281e+02, 2.872954406738281e+02, 2.872954406738281e+02, 2.872954406738281e+02, 2.872954406738281e+02, 2.872954406738281e+02, 2.872954406738281e+02, 2.872954406738281e+02, 2.872954406738281e+02, 2.872954406738281e+02, 2.872954406738281e+02, 2.872954406738281e+02, 2.872954406738281e+02, 2.872954406738281e+02, 2.872954406738281e+02, 2.872954406738281e+02]
ctrAHUBasic.genericAHUBus.preheaterBus.hydraulicBus.valveMea=[0e+00, 0e+00, 0e+00, 0e+00, 0e+00, 0e+00, 0e+00, 0e+00, 0e+00, 0e+00, 0e+00, 0e+00, 0e+00, 0e+00, 0e+00, 0e+00, 0e+00, 0e+00, 0e+00, 0e+00, 0e+00, 0e+00, 0e+00, 0e+00, 0e+00, 0e+00, 0e+00, 0e+00, 0e+00, 0e+00, 0e+00, 0e+00, 0e+00, 0e+00, 0e+00, 0e+00, 0e+00, 0e+00, 0e+00, 0e+00, 0e+00, 0e+00, 0e+00, 0e+00, 0e+00, 0e+00, 0e+00, 0e+00, 0e+00, 0e+00, 0e+00, 0e+00, 0e+00, 0e+00, 0e+00, 0e+00, 0e+00, 0e+00, 0e+00, 0e+00, 0e+00, 0e+00, 0e+00, 0e+00, 0e+00, 0e+00, 0e+00, 0e+00, 0e+00, 0e+00, 0e+00, 0e+00, 0e+00, 0e+00, 0e+00, 0e+00, 0e+00, 0e+00, 0e+00, 0e+00, 0e+00, 0e+00, 0e+00, 0e+00, 0e+00, 0e+00, 0e+00, 0e+00, 0e+00, 0e+00, 0e+00, 0e+00, 0e+00, 0e+00, 0e+00, 0e+00, 0e+00, 0e+00, 0e+00, 0e+00, 0e+00]
ctrAHUBasic.genericAHUBus.coolerBus.hydraulicBus.valveMea=[0e+00, 0e+00, 0e+00, -0e+00, 0e+00, -0e+00, -0e+00, 0e+00, -0e+00, -0e+00, -0e+00, -0e+00, 0e+00, -0e+00, 0e+00, -0e+00, 0e+00, 0e+00, -0e+00, 0e+00, -0e+00, 0e+00, 0e+00, -0e+00, 0e+00, 0e+00, -0e+00, 0e+00, 0e+00, -0e+00, -0e+00, 0e+00, -0e+00, -0e+00, 0e+00, 0e+00, 0e+00, -0e+00, -0e+00, 0e+00, 0e+00, 0e+00, 0e+00, -0e+00, -0e+00, -0e+00, 0e+00, 0e+00, 0e+00, -0e+00, -0e+00, -0e+00, -0e+00, 0e+00, 0e+00, 0e+00, 0e+00, -0e+00, -0e+00, -0e+00, -0e+00, -0e+00, 0e+00, 0e+00, 0e+00, 0e+00, -0e+00, -0e+00, -0e+00, -0e+00, -0e+00, 0e+00, 0e+00, 0e+00, 0e+00, -0e+00, -0e+00, -0e+00, -0e+00, -0e+00, 0e+00, 0e+00, 0e+00, 0e+00, 0e+00, 0e+00, 0e+00, 0e+00, 0e+00, -0e+00, -0e+00, -0e+00, -0e+00, -0e+00, -0e+00, -0e+00, -0e+00, -0e+00, 0e+00, 0e+00, 0e+00]
ctrAHUBasic.genericAHUBus.heaterBus.hydraulicBus.valveMea=[0e+00, 4.192294145468622e-04, 5.124570336192846e-03, 3.496615681797266e-03, 1.088757067918777e-03, 2.865320770069957e-03, 5.868338048458099e-03, 6.522684823721647e-03, 6.332163233309984e-03, 6.668535526841879e-03, 7.281563244760036e-03, 7.753392681479454e-03, 8.062192238867283e-03, 8.291817270219326e-03, 8.476300165057182e-03, 8.621584624052048e-03, 8.731735870242119e-03, 8.813266642391682e-03, 8.873000741004944e-03, 8.916286751627922e-03, 8.947307243943214e-03, 8.96943174302578e-03, 8.985124528408051e-03, 8.996178396046162e-03, 9.003918617963791e-03, 9.009374305605888e-03, 9.013211354613304e-03, 9.015890769660473e-03, 9.017737582325935e-03, 9.019023738801479e-03, 9.019938297569752e-03, 9.02058370411396e-03, 9.021025151014328e-03, 9.021321311593056e-03, 9.021527133882046e-03, 9.02167521417141e-03, 9.021767415106297e-03, 9.021823294460773e-03, 9.021880105137825e-03, 9.021940641105175e-03, 9.021966718137264e-03, 9.021962061524391e-03, 9.021959267556667e-03, 9.021954610943794e-03, 9.021950885653496e-03, 9.02195367962122e-03, 9.021962061524391e-03, 9.021967649459839e-03, 9.021970443427563e-03, 9.021969512104988e-03, 9.021961130201817e-03, 9.021952748298645e-03, 9.021943435072899e-03, 9.021932259202003e-03, 9.021921083331108e-03, 9.021910838782787e-03, 9.02190338820219e-03, 9.021898731589317e-03, 9.021894074976444e-03, 9.021892212331295e-03, 9.02189128100872e-03, 9.02189314365387e-03, 9.021894074976444e-03, 9.021895006299019e-03, 9.021894074976444e-03, 9.021890349686146e-03, 9.021883830428123e-03, 9.021880105137825e-03, 9.021874517202377e-03, 9.021867997944355e-03, 9.021859616041183e-03, 9.021852165460587e-03, 9.02184471487999e-03, 9.021838195621967e-03, 9.02183260768652e-03, 9.021828882396221e-03, 9.021823294460773e-03, 9.021819569170475e-03, 9.021814912557602e-03, 9.021811187267303e-03, 9.02180839329958e-03, 9.021805599331856e-03, 9.021802805364132e-03, 9.021800942718983e-03, 9.021799080073833e-03, 9.021797217428684e-03, 9.02179628610611e-03, 9.02179442346096e-03, 9.021792560815811e-03, 9.021790698170662e-03, 9.021787904202938e-03, 9.021785110235214e-03, 9.021781384944916e-03, 9.021776728332043e-03, 9.021771140396595e-03, 9.021764621138573e-03, 9.021755307912827e-03, 9.021745063364506e-03, 9.021734818816185e-03, 9.021726436913013e-03, 9.021717123687267e-03]
