last-generated=2025-03-13
statistics-initialization=
{
  "nonlinear": "1",
  "numerical Jacobians": "0"
}
statistics-simulation=
{
  "linear": "0",
  "nonlinear": "1",
  "number of continuous time states": "10",
  "numerical Jacobians": "0"
}
time=[0e+00, 8.4e+04]
boiBus.TSupMea=[3.031499938964844e+02, 2.862898254394531e+02, 2.857972717285156e+02, 2.847995300292969e+02, 2.840007629394531e+02, 2.83448486328125e+02, 2.83175537109375e+02, 2.831980895996094e+02, 2.835148620605469e+02, 2.841069641113281e+02, 2.849393005371094e+02, 2.859623413085938e+02, 2.871153564453125e+02, 2.884226989746094e+02, 2.903604431152344e+02, 2.921553344726562e+02, 2.937122802734375e+02, 2.949387817382812e+02, 2.957619323730469e+02, 2.961328735351562e+02, 2.960295715332031e+02, 2.954581298828125e+02, 2.944525451660156e+02, 2.930725402832031e+02, 2.914000854492188e+02, 2.895345764160156e+02, 2.996006774902344e+02, 3.146091003417969e+02, 3.13495361328125e+02, 3.125487976074219e+02, 3.118161926269531e+02, 3.113410034179688e+02, 3.111515502929688e+02, 3.112590026855469e+02, 3.116570434570312e+02, 3.12322021484375e+02, 3.132143859863281e+02, 3.142811889648438e+02, 3.154590454101562e+02, 3.166259155273438e+02, 3.176944274902344e+02, 3.186712951660156e+02, 3.1949853515625e+02, 3.201268005371094e+02, 3.20518798828125e+02, 3.206512451171875e+02, 3.205162658691406e+02, 3.201219177246094e+02, 3.194916076660156e+02, 3.186627807617188e+02, 3.176845092773438e+02, 3.166152954101562e+02, 3.154487609863281e+02, 3.142716979980469e+02, 3.132061462402344e+02, 3.123154907226562e+02, 3.116526184082031e+02, 3.112568969726562e+02, 3.111518859863281e+02, 3.113438110351562e+02, 3.118212280273438e+02, 3.125558471679688e+02, 3.135039978027344e+02, 3.14609375e+02, 3.158062744140625e+02, 3.169367980957031e+02, 3.179856262207031e+02, 3.1892529296875e+02, 3.197002258300781e+02, 3.202642211914062e+02, 3.205837707519531e+02, 3.206399230957031e+02, 3.204293212890625e+02, 3.199645080566406e+02, 3.192731018066406e+02, 3.183961486816406e+02, 3.173856506347656e+02, 3.163018493652344e+02, 3.151051025390625e+02, 3.139529418945312e+02, 3.129313049316406e+02, 3.121008605957031e+02, 3.115109558105469e+02, 3.111966247558594e+02, 3.111766052246094e+02, 3.114519958496094e+02, 3.120065307617188e+02, 3.128072204589844e+02, 3.138065185546875e+02, 3.149450378417969e+02, 3.161551513671875e+02, 3.172440185546875e+02, 3.182676696777344e+02, 3.191657409667969e+02, 3.198845825195312e+02, 3.087114868164062e+02, 2.95619140625e+02, 2.960733642578125e+02, 2.955674133300781e+02, 2.946207580566406e+02, 2.932897033691406e+02]
boiBus.TRetMea=[3.031499938964844e+02, 2.820298461914062e+02, 2.801747436523438e+02, 2.789454650878906e+02, 2.779499816894531e+02, 2.772475280761719e+02, 2.768797607421875e+02, 2.768685913085938e+02, 2.772146606445312e+02, 2.778973999023438e+02, 2.788762817382812e+02, 2.800931091308594e+02, 2.814756164550781e+02, 2.829732360839844e+02, 2.851557312011719e+02, 2.872080383300781e+02, 2.890033264160156e+02, 2.904349365234375e+02, 2.914178161621094e+02, 2.918935852050781e+02, 2.91833984375e+02, 2.912425537109375e+02, 2.901544189453125e+02, 2.886342163085938e+02, 2.867723083496094e+02, 2.846792907714844e+02, 2.908457641601562e+02, 3.091667785644531e+02, 3.078038635253906e+02, 3.066344299316406e+02, 3.057173156738281e+02, 3.051069946289062e+02, 3.048397521972656e+02, 3.049314575195312e+02, 3.053766479492188e+02, 3.0614892578125e+02, 3.07202392578125e+02, 3.084744567871094e+02, 3.098895568847656e+02, 3.1132421875e+02, 3.126502990722656e+02, 3.138711242675781e+02, 3.149145202636719e+02, 3.157182922363281e+02, 3.162347717285156e+02, 3.164331970214844e+02, 3.163018188476562e+02, 3.158484802246094e+02, 3.151000671386719e+02, 3.1410107421875e+02, 3.129107360839844e+02, 3.115999450683594e+02, 3.101898193359375e+02, 3.087556762695312e+02, 3.074478149414062e+02, 3.063439636230469e+02, 3.055097045898438e+02, 3.049945373535156e+02, 3.048291625976562e+02, 3.050233459472656e+02, 3.055655822753906e+02, 3.064236755371094e+02, 3.07546630859375e+02, 3.088677368164062e+02, 3.103085021972656e+02, 3.117093200683594e+02, 3.1301318359375e+02, 3.141903076171875e+02, 3.151709899902344e+02, 3.158968505859375e+02, 3.163247985839844e+02, 3.164293518066406e+02, 3.162043151855469e+02, 3.156631164550781e+02, 3.148378601074219e+02, 3.137776184082031e+02, 3.125452270507812e+02, 3.11214111328125e+02, 3.097720642089844e+02, 3.083655090332031e+02, 3.071084594726562e+02, 3.060755920410156e+02, 3.053282165527344e+02, 3.049107666015625e+02, 3.048480529785156e+02, 3.05143798828125e+02, 3.057804260253906e+02, 3.067201538085938e+02, 3.079071044921875e+02, 3.092708129882812e+02, 3.10730224609375e+02, 3.120903625488281e+02, 3.133655700683594e+02, 3.144933166503906e+02, 3.154065856933594e+02, 3.059417724609375e+02, 2.92226806640625e+02, 2.9187548828125e+02, 2.913585815429688e+02, 2.90338134765625e+02, 2.888746643066406e+02]
boiBus.eta=[9.740291833877563e-01, 9.96399462223053e-01, 9.960187077522278e-01, 9.959522485733032e-01, 9.958958625793457e-01, 9.958527684211731e-01, 9.958255290985107e-01, 9.958158731460571e-01, 9.958242774009705e-01, 9.958502650260925e-01, 9.95892345905304e-01, 9.959478974342346e-01, 9.960137605667114e-01, 9.960683584213257e-01, 9.937619566917419e-01, 9.914207458496094e-01, 9.893916249275208e-01, 9.877894520759583e-01, 9.866930842399597e-01, 9.861738085746765e-01, 9.86259400844574e-01, 9.869439601898193e-01, 9.881888031959534e-01, 9.899240136146545e-01, 9.920454025268555e-01, 9.944353103637695e-01, 9.856460690498352e-01, 9.597370028495789e-01, 9.623966813087463e-01, 9.646881818771362e-01, 9.66489315032959e-01, 9.676851034164429e-01, 9.681980609893799e-01, 9.679939150810242e-01, 9.670848250389099e-01, 9.655285477638245e-01, 9.63424026966095e-01, 9.609041810035706e-01, 9.581261277198792e-01, 9.553526639938354e-01, 9.528180360794067e-01, 9.497998356819153e-01, 9.468265771865845e-01, 9.4454425573349e-01, 9.430854916572571e-01, 9.425421953201294e-01, 9.429432153701782e-01, 9.442654252052307e-01, 9.464349746704102e-01, 9.493221640586853e-01, 9.525187015533447e-01, 9.550228118896484e-01, 9.57750678062439e-01, 9.605383276939392e-01, 9.630935192108154e-01, 9.652584791183472e-01, 9.668968319892883e-01, 9.67903733253479e-01, 9.682132601737976e-01, 9.678044319152832e-01, 9.667026400566101e-01, 9.649779200553894e-01, 9.627399444580078e-01, 9.601294994354248e-01, 9.573086500167847e-01, 9.546141028404236e-01, 9.521290063858032e-01, 9.488874077796936e-01, 9.461002945899963e-01, 9.440377950668335e-01, 9.428346157073975e-01, 9.425604939460754e-01, 9.432292580604553e-01, 9.448032379150391e-01, 9.471946954727173e-01, 9.502533078193665e-01, 9.532157182693481e-01, 9.557623863220215e-01, 9.5856112241745e-01, 9.612993001937866e-01, 9.637583494186401e-01, 9.657855629920959e-01, 9.672526717185974e-01, 9.68065083026886e-01, 9.681695103645325e-01, 9.675580859184265e-01, 9.66269314289093e-01, 9.643852114677429e-01, 9.620253443717957e-01, 9.59337592124939e-01, 9.564880132675171e-01, 9.538851976394653e-01, 9.512498378753662e-01, 9.480234384536743e-01, 9.454317092895508e-01, 9.681304097175598e-01, 9.860954284667969e-01, 9.862100481987e-01, 9.868106245994568e-01, 9.87978994846344e-01, 9.896495342254639e-01]
boiBus.Q_flow=[7.95766796875e+03, 2.1654841796875e+04, 2.6223517578125e+04, 2.73786015625e+04, 2.8390771484375e+04, 2.91993046875e+04, 2.9756189453125e+04, 3.00283515625e+04, 2.9999607421875e+04, 2.9671759765625e+04, 2.9064048828125e+04, 2.8212787109375e+04, 2.7168498046875e+04, 2.667590625e+04, 2.53848203125e+04, 2.410626953125e+04, 2.287866796875e+04, 2.177494140625e+04, 2.086062890625e+04, 2.019002734375e+04, 1.980305859375e+04, 1.972263671875e+04, 1.9953517578125e+04, 2.0482134765625e+04, 2.127690625e+04, 2.2290728515625e+04, 5.368383984375e+04, 2.5299560546875e+04, 2.6768638671875e+04, 2.7890052734375e+04, 2.8849685546875e+04, 2.9590591796875e+04, 3.006882421875e+04, 3.0255853515625e+04, 3.01406640625e+04, 2.973013671875e+04, 2.90485234375e+04, 2.81363984375e+04, 2.7047939453125e+04, 2.57410234375e+04, 2.450462890625e+04, 2.330823046875e+04, 2.222226171875e+04, 2.1311375e+04, 2.0629548828125e+04, 2.0217408203125e+04, 2.0099390625e+04, 2.028251171875e+04, 2.0755798828125e+04, 2.14913828125e+04, 2.2445201171875e+04, 2.356102734375e+04, 2.46648671875e+04, 2.5905400390625e+04, 2.7101884765625e+04, 2.818341601562501e+04, 2.908578320312501e+04, 2.9755583984375e+04, 3.01527578125e+04, 3.0253818359375e+04, 3.005275e+04, 2.956152734375e+04, 2.8809302734375e+04, 2.78407421875e+04, 2.671338671875e+04, 2.538773046875e+04, 2.415555859375e+04, 2.2983703125e+04, 2.194163867187499e+04, 2.109124609375001e+04, 2.048289453125e+04, 2.015303125e+04, 2.012112109375e+04, 2.038903515625e+04, 2.094093359375e+04, 2.174391015625e+04, 2.275021875e+04, 2.3900404296875e+04, 2.50196640625e+04, 2.625492578125e+04, 2.742560546875e+04, 2.8462103515625e+04, 2.930296484375e+04, 2.9898216796875e+04, 3.0212443359375e+04, 3.02270078125e+04, 2.9941177734375e+04, 2.9371572265625e+04, 2.8552330078125e+04, 2.753206640625e+04, 2.6371349609375e+04, 2.5033744140625e+04, 2.3811259765625e+04, 2.26700390625e+04, 2.1676501953125e+04, 7.9094755859375e+03, 1.74402421875e+04, 1.984016015625e+04, 1.9714970703125e+04, 1.9901681640625e+04, 2.0389408203125e+04]
boiBus.fuelPower=[8.16984521484375e+03, 2.1733091796875e+04, 2.632833984375e+04, 2.7489873046875e+04, 2.85077734375e+04, 2.9320904296875e+04, 2.988092578125e+04, 3.0154521484375e+04, 3.012540234375e+04, 2.979540234375e+04, 2.9183927734375e+04, 2.832757421875e+04, 2.727723046875e+04, 2.6781201171875e+04, 2.5544166015625e+04, 2.4314875e+04, 2.31239765625e+04, 2.2044111328125e+04, 2.1141962890625e+04, 2.047309375e+04, 2.007895703125e+04, 1.9983541015625e+04, 2.0192009765625e+04, 2.069061328125e+04, 2.144751171875e+04, 2.241546484375e+04, 5.446563671875e+04, 2.63609296875e+04, 2.7814556640625e+04, 2.8910951171875e+04, 2.9849978515625e+04, 3.0578740234375e+04, 3.105648046875e+04, 3.1256244140625e+04, 3.1166515625e+04, 3.079156640625e+04, 3.0151337890625e+04, 2.9281169921875e+04, 2.8230041015625e+04, 2.6944e+04, 2.5718056640625e+04, 2.4540150390625e+04, 2.3470255859375e+04, 2.2562599609375e+04, 2.187452734375e+04, 2.144987109375e+04, 2.131558984375e+04, 2.1479671875e+04, 2.1930505859375e+04, 2.2638662109375e+04, 2.3564052734375e+04, 2.4670642578125e+04, 2.575291015625e+04, 2.6969669921875e+04, 2.814044921875e+04, 2.919779101562501e+04, 3.008157812500001e+04, 3.0742296875e+04, 3.1142681640625e+04, 3.1260259765625e+04, 3.1087896484375e+04, 3.0634408203125e+04, 2.9924283203125e+04, 2.8996859375e+04, 2.790467578125e+04, 2.65947578125e+04, 2.5370048828125e+04, 2.422173828125e+04, 2.319166406249999e+04, 2.234152734375001e+04, 2.172480078125e+04, 2.138115625e+04, 2.1332162109375e+04, 2.158019140625e+04, 2.2108373046875e+04, 2.2882224609375e+04, 2.386680859375e+04, 2.5006638671875e+04, 2.6101271484375e+04, 2.7311916015625e+04, 2.8456931640625e+04, 2.947041796875e+04, 3.0295046875e+04, 3.0884509765625e+04, 3.120573828125e+04, 3.1240509765625e+04, 3.0986369140625e+04, 3.0456265625e+04, 2.967939453125e+04, 2.8699037109375e+04, 2.757101953125e+04, 2.624398046875e+04, 2.5031552734375e+04, 2.3912953125e+04, 2.2927623046875e+04, 8.16984521484375e+03, 1.768616015625e+04, 2.0117580078125e+04, 1.9978474609375e+04, 2.0143830078125e+04, 2.060265625e+04]
