last-generated=2019-05-28
statistics-simulation=
{
  "linear": " ",
  "nonlinear": " ",
  "numerical Jacobians": "0"
}
vessel.enthalpyPort_a.T=[3.231499938964844e+02, 3.234986267089844e+02, 3.238446044921875e+02, 3.241852722167969e+02, 3.2451806640625e+02, 3.248404846191406e+02, 3.251499938964844e+02, 3.254443054199219e+02, 3.257211608886719e+02, 3.259784240722656e+02, 3.262141723632812e+02, 3.264266052246094e+02, 3.266141052246094e+02, 3.267752380371094e+02, 3.269087829589844e+02, 3.270137023925781e+02, 3.270892333984375e+02, 3.27134765625e+02, 3.271499938964844e+02, 3.27134765625e+02, 3.270892333984375e+02, 3.270137023925781e+02, 3.269087829589844e+02, 3.267752380371094e+02, 3.266141052246094e+02, 3.264266052246094e+02, 3.262141723632812e+02, 3.259784240722656e+02, 3.257211608886719e+02, 3.254443054199219e+02, 3.251499938964844e+02, 3.248404846191406e+02, 3.2451806640625e+02, 3.241852722167969e+02, 3.238446044921875e+02, 3.234986267089844e+02, 3.231499938964844e+02, 3.228013916015625e+02, 3.224554138183594e+02, 3.221147155761719e+02, 3.217819213867188e+02, 3.214595336914062e+02, 3.211499938964844e+02, 3.208556823730469e+02, 3.20578857421875e+02, 3.203215637207031e+02, 3.200858154296875e+02, 3.198733825683594e+02, 3.196859130859375e+02, 3.195247802734375e+02, 3.193912353515625e+02, 3.192862854003906e+02, 3.192107543945312e+02, 3.191652221679688e+02, 3.191499938964844e+02, 3.191652221679688e+02, 3.192107543945312e+02, 3.192862854003906e+02, 3.193912353515625e+02, 3.195247802734375e+02, 3.196859130859375e+02, 3.198733825683594e+02, 3.200858154296875e+02, 3.203215637207031e+02, 3.20578857421875e+02, 3.208556823730469e+02, 3.211499938964844e+02, 3.214595336914062e+02, 3.217819213867188e+02, 3.221147155761719e+02, 3.224554138183594e+02, 3.228013916015625e+02, 3.231499938964844e+02, 3.234986267089844e+02, 3.238446044921875e+02, 3.241852722167969e+02, 3.2451806640625e+02, 3.248404846191406e+02, 3.251499938964844e+02, 3.254443054199219e+02, 3.257211608886719e+02, 3.259784240722656e+02, 3.262141723632812e+02, 3.264266052246094e+02, 3.266141052246094e+02, 3.267752380371094e+02, 3.269087829589844e+02, 3.270137023925781e+02, 3.270892333984375e+02, 3.27134765625e+02, 3.271499938964844e+02, 3.27134765625e+02, 3.270892333984375e+02, 3.270137023925781e+02, 3.269087829589844e+02, 3.267752380371094e+02, 3.266141052246094e+02, 3.264266052246094e+02, 3.262141723632812e+02, 3.259784240722656e+02, 3.257211608886719e+02]
time=[0e+00, 5e+03]
vessel.enthalpyPort_a.m_flow=[2e+00, 2e+00]
