last-generated=2022-05-23
statistics-initialization=
{
  "nonlinear": "1",
  "numerical Jacobians": "0"
}
statistics-simulation=
{
  "linear": " ",
  "nonlinear": "1",
  "number of continuous time states": "11",
  "numerical Jacobians": "0"
}
time=[0e+00, 7.070167541503906e+01]
demand.senT_supply.T=[3.331499938964844e+02, 3.331499938964844e+02, 3.331499938964844e+02, 3.331499938964844e+02, 3.331499938964844e+02, 3.331499938964844e+02, 3.331499938964844e+02, 3.331499938964844e+02, 3.331499938964844e+02, 3.331499938964844e+02, 3.331499938964844e+02, 3.331499938964844e+02, 3.331499938964844e+02, 3.331499938964844e+02, 3.331499938964844e+02, 3.331499938964844e+02, 3.331499938964844e+02, 3.331499938964844e+02, 3.331499938964844e+02, 3.331499938964844e+02, 3.331499938964844e+02, 3.331499938964844e+02, 3.331499938964844e+02, 3.331499938964844e+02]
demand.senT_return.T=[3.331499938964844e+02, 3.365259833704773e+02, 3.399019728444703e+02, 3.432779623184633e+02, 3.466539517924562e+02, 3.500299412664492e+02, 3.534059307404421e+02, 3.56781920214435e+02, 3.60157909688428e+02, 3.63533899162421e+02, 3.669098886364139e+02, 3.702858781104069e+02, 3.736618675843998e+02, 3.770378570583928e+02, 3.804138465323857e+02, 3.837898360063787e+02, 3.871658254803717e+02, 3.905418149543646e+02, 3.939178044283576e+02, 3.972937939023506e+02, 4.006697833763435e+02, 4.040457728503364e+02, 4.074217623243294e+02, 4.108244323730469e+02]
demand.port_a.m_flow=[1.147871315479279e-01, 1.148979474772923e-01, 1.150087634066568e-01, 1.151195793360212e-01, 1.152303952653857e-01, 1.153412111947502e-01, 1.154520271241146e-01, 1.155628430534791e-01, 1.156736589828435e-01, 1.15784474912208e-01, 1.158952908415724e-01, 1.160061067709369e-01, 1.161169227003014e-01, 1.162277386296658e-01, 1.163385545590303e-01, 1.164493704883948e-01, 1.165601864177592e-01, 1.166710023471237e-01, 1.167818182764881e-01, 1.168926342058526e-01, 1.170034501352171e-01, 1.171142660645815e-01, 1.17225081993946e-01, 1.173359006643295e-01]
