last-generated=2020-03-30
statistics-simulation=
{
  "linear": " ",
  "nonlinear": "0, 1, 0, 1, 0, 1",
  "numerical Jacobians": "0"
}
machinesSensibleHeatDIN18599.uRel=[0e+00, 0e+00, 0e+00, 0e+00, 0e+00, 0e+00, 0e+00, 0e+00, 0e+00, 0e+00, 0e+00, 0e+00, 0e+00, 0e+00, 0e+00, 0e+00, 0e+00, 0e+00, 0e+00, 0e+00, 0e+00, 0e+00, 0e+00, 0e+00, 0e+00, 0e+00, 0e+00, 0e+00, 0e+00, 0e+00, 0e+00, 0e+00, 0e+00, 0e+00, 1e+00, 1e+00, 1e+00, 1e+00, 1e+00, 1e+00, 1e+00, 1e+00, 1e+00, 1e+00, 1e+00, 1e+00, 1e+00, 1e+00, 1e+00, 1e+00, 1e+00, 1e+00, 1e+00, 1e+00, 1e+00, 1e+00, 1e+00, 1e+00, 1e+00, 1e+00, 1e+00, 1e+00, 1e+00, 1e+00, 1e+00, 1e+00, 1e+00, 1e+00, 1e+00, 1e+00, 1e+00, 1e+00, 1e+00, 1e+00, 1e+00, 1e+00, 0e+00, 0e+00, 0e+00, 0e+00, 0e+00, 0e+00, 0e+00, 0e+00, 0e+00, 0e+00, 0e+00, 0e+00, 0e+00, 0e+00, 0e+00, 0e+00, 0e+00, 0e+00, 0e+00, 0e+00, 0e+00, 0e+00, 0e+00, 0e+00, 0e+00]
machinesSensibleHeatFromMaxValue.uRel=[0e+00, 0e+00, 0e+00, 0e+00, 0e+00, 0e+00, 0e+00, 0e+00, 0e+00, 0e+00, 0e+00, 0e+00, 0e+00, 0e+00, 0e+00, 0e+00, 0e+00, 0e+00, 0e+00, 0e+00, 0e+00, 0e+00, 0e+00, 0e+00, 0e+00, 0e+00, 0e+00, 0e+00, 0e+00, 0e+00, 0e+00, 0e+00, 0e+00, 0e+00, 1e+00, 1e+00, 1e+00, 1e+00, 1e+00, 1e+00, 1e+00, 1e+00, 1e+00, 1e+00, 1e+00, 1e+00, 1e+00, 1e+00, 1e+00, 1e+00, 1e+00, 1e+00, 1e+00, 1e+00, 1e+00, 1e+00, 1e+00, 1e+00, 1e+00, 1e+00, 1e+00, 1e+00, 1e+00, 1e+00, 1e+00, 1e+00, 1e+00, 1e+00, 1e+00, 1e+00, 1e+00, 1e+00, 1e+00, 1e+00, 1e+00, 1e+00, 0e+00, 0e+00, 0e+00, 0e+00, 0e+00, 0e+00, 0e+00, 0e+00, 0e+00, 0e+00, 0e+00, 0e+00, 0e+00, 0e+00, 0e+00, 0e+00, 0e+00, 0e+00, 0e+00, 0e+00, 0e+00, 0e+00, 0e+00, 0e+00, 0e+00]
machinesAreaSpecific.uRel=[0e+00, 0e+00, 0e+00, 0e+00, 0e+00, 0e+00, 0e+00, 0e+00, 0e+00, 0e+00, 0e+00, 0e+00, 0e+00, 0e+00, 0e+00, 0e+00, 0e+00, 0e+00, 0e+00, 0e+00, 0e+00, 0e+00, 0e+00, 0e+00, 0e+00, 0e+00, 0e+00, 0e+00, 0e+00, 0e+00, 0e+00, 0e+00, 0e+00, 0e+00, 1e+00, 1e+00, 1e+00, 1e+00, 1e+00, 1e+00, 1e+00, 1e+00, 1e+00, 1e+00, 1e+00, 1e+00, 1e+00, 1e+00, 1e+00, 1e+00, 1e+00, 1e+00, 1e+00, 1e+00, 1e+00, 1e+00, 1e+00, 1e+00, 1e+00, 1e+00, 1e+00, 1e+00, 1e+00, 1e+00, 1e+00, 1e+00, 1e+00, 1e+00, 1e+00, 1e+00, 1e+00, 1e+00, 1e+00, 1e+00, 1e+00, 1e+00, 0e+00, 0e+00, 0e+00, 0e+00, 0e+00, 0e+00, 0e+00, 0e+00, 0e+00, 0e+00, 0e+00, 0e+00, 0e+00, 0e+00, 0e+00, 0e+00, 0e+00, 0e+00, 0e+00, 0e+00, 0e+00, 0e+00, 0e+00, 0e+00, 0e+00]
time=[0e+00, 8.64e+04]
machinesSensibleHeatFromMaxValue.radHeat.Q_flow=[0e+00, 0e+00, 0e+00, 0e+00, 0e+00, 0e+00, 0e+00, 0e+00, 0e+00, 0e+00, 0e+00, 0e+00, 0e+00, 0e+00, 0e+00, 0e+00, 0e+00, 0e+00, 0e+00, 0e+00, 0e+00, 0e+00, 0e+00, 0e+00, 0e+00, 0e+00, 0e+00, 0e+00, 0e+00, 0e+00, 0e+00, 0e+00, 0e+00, 0e+00, -8e+01, -8e+01, -8e+01, -8e+01, -8e+01, -8e+01, -8e+01, -8e+01, -8e+01, -8e+01, -8e+01, -8e+01, -8e+01, -8e+01, -8e+01, -8e+01, -8e+01, -8e+01, -8e+01, -8e+01, -8e+01, -8e+01, -8e+01, -8e+01, -8e+01, -8e+01, -8e+01, -8e+01, -8e+01, -8e+01, -8e+01, -8e+01, -8e+01, -8e+01, -8e+01, -8e+01, -8e+01, -8e+01, -8e+01, -8e+01, -8e+01, -8e+01, 0e+00, 0e+00, 0e+00, 0e+00, 0e+00, 0e+00, 0e+00, 0e+00, 0e+00, 0e+00, 0e+00, 0e+00, 0e+00, 0e+00, 0e+00, 0e+00, 0e+00, 0e+00, 0e+00, 0e+00, 0e+00, 0e+00, 0e+00, 0e+00, -0e+00]
machinesAreaSpecific.radHeat.Q_flow=[0e+00, 0e+00, 0e+00, 0e+00, 0e+00, 0e+00, 0e+00, 0e+00, 0e+00, 0e+00, 0e+00, 0e+00, 0e+00, 0e+00, 0e+00, 0e+00, 0e+00, 0e+00, 0e+00, 0e+00, 0e+00, 0e+00, 0e+00, 0e+00, 0e+00, 0e+00, 0e+00, 0e+00, 0e+00, 0e+00, 0e+00, 0e+00, 0e+00, 0e+00, -8e+00, -8e+00, -8e+00, -8e+00, -8e+00, -8e+00, -8e+00, -8e+00, -8e+00, -8e+00, -8e+00, -8e+00, -8e+00, -8e+00, -8e+00, -8e+00, -8e+00, -8e+00, -8e+00, -8e+00, -8e+00, -8e+00, -8e+00, -8e+00, -8e+00, -8e+00, -8e+00, -8e+00, -8e+00, -8e+00, -8e+00, -8e+00, -8e+00, -8e+00, -8e+00, -8e+00, -8e+00, -8e+00, -8e+00, -8e+00, -8e+00, -8e+00, 0e+00, 0e+00, 0e+00, 0e+00, 0e+00, 0e+00, 0e+00, 0e+00, 0e+00, 0e+00, 0e+00, 0e+00, 0e+00, 0e+00, 0e+00, 0e+00, 0e+00, 0e+00, 0e+00, 0e+00, 0e+00, 0e+00, 0e+00, 0e+00, -0e+00]
machinesSensibleHeatDIN18599.radHeat.Q_flow=[0e+00, 0e+00, 0e+00, 0e+00, 0e+00, 0e+00, 0e+00, 0e+00, 0e+00, 0e+00, 0e+00, 0e+00, 0e+00, 0e+00, 0e+00, 0e+00, 0e+00, 0e+00, 0e+00, 0e+00, 0e+00, 0e+00, 0e+00, 0e+00, 0e+00, 0e+00, 0e+00, 0e+00, 0e+00, 0e+00, 0e+00, 0e+00, 0e+00, 0e+00, -4e+01, -4e+01, -4e+01, -4e+01, -4e+01, -4e+01, -4e+01, -4e+01, -4e+01, -4e+01, -4e+01, -4e+01, -4e+01, -4e+01, -4e+01, -4e+01, -4e+01, -4e+01, -4e+01, -4e+01, -4e+01, -4e+01, -4e+01, -4e+01, -4e+01, -4e+01, -4e+01, -4e+01, -4e+01, -4e+01, -4e+01, -4e+01, -4e+01, -4e+01, -4e+01, -4e+01, -4e+01, -4e+01, -4e+01, -4e+01, -4e+01, -4e+01, 0e+00, 0e+00, 0e+00, 0e+00, 0e+00, 0e+00, 0e+00, 0e+00, 0e+00, 0e+00, 0e+00, 0e+00, 0e+00, 0e+00, 0e+00, 0e+00, 0e+00, 0e+00, 0e+00, 0e+00, 0e+00, 0e+00, 0e+00, 0e+00, -0e+00]
machinesSensibleHeatDIN18599.convHeat.Q_flow=[0e+00, 0e+00, 0e+00, 0e+00, 0e+00, 0e+00, 0e+00, 0e+00, 0e+00, 0e+00, 0e+00, 0e+00, 0e+00, 0e+00, 0e+00, 0e+00, 0e+00, 0e+00, 0e+00, 0e+00, 0e+00, 0e+00, 0e+00, 0e+00, 0e+00, 0e+00, 0e+00, 0e+00, 0e+00, 0e+00, 0e+00, 0e+00, 0e+00, 0e+00, -6e+01, -6e+01, -6e+01, -6e+01, -6e+01, -6e+01, -6e+01, -6e+01, -6e+01, -6e+01, -6e+01, -6e+01, -6e+01, -6e+01, -6e+01, -6e+01, -6e+01, -6e+01, -6e+01, -6e+01, -6e+01, -6e+01, -6e+01, -6e+01, -6e+01, -6e+01, -6e+01, -6e+01, -6e+01, -6e+01, -6e+01, -6e+01, -6e+01, -6e+01, -6e+01, -6e+01, -6e+01, -6e+01, -6e+01, -6e+01, -6e+01, -6e+01, 0e+00, 0e+00, 0e+00, 0e+00, 0e+00, 0e+00, 0e+00, 0e+00, 0e+00, 0e+00, 0e+00, 0e+00, 0e+00, 0e+00, 0e+00, 0e+00, 0e+00, 0e+00, 0e+00, 0e+00, 0e+00, 0e+00, 0e+00, 0e+00, -0e+00]
machinesAreaSpecific.convHeat.Q_flow=[0e+00, 0e+00, 0e+00, 0e+00, 0e+00, 0e+00, 0e+00, 0e+00, 0e+00, 0e+00, 0e+00, 0e+00, 0e+00, 0e+00, 0e+00, 0e+00, 0e+00, 0e+00, 0e+00, 0e+00, 0e+00, 0e+00, 0e+00, 0e+00, 0e+00, 0e+00, 0e+00, 0e+00, 0e+00, 0e+00, 0e+00, 0e+00, 0e+00, 0e+00, -1.2e+01, -1.2e+01, -1.2e+01, -1.2e+01, -1.2e+01, -1.2e+01, -1.2e+01, -1.2e+01, -1.2e+01, -1.2e+01, -1.2e+01, -1.2e+01, -1.2e+01, -1.2e+01, -1.2e+01, -1.2e+01, -1.2e+01, -1.2e+01, -1.2e+01, -1.2e+01, -1.2e+01, -1.2e+01, -1.2e+01, -1.2e+01, -1.2e+01, -1.2e+01, -1.2e+01, -1.2e+01, -1.2e+01, -1.2e+01, -1.2e+01, -1.2e+01, -1.2e+01, -1.2e+01, -1.2e+01, -1.2e+01, -1.2e+01, -1.2e+01, -1.2e+01, -1.2e+01, -1.2e+01, -1.2e+01, 0e+00, 0e+00, 0e+00, 0e+00, 0e+00, 0e+00, 0e+00, 0e+00, 0e+00, 0e+00, 0e+00, 0e+00, 0e+00, 0e+00, 0e+00, 0e+00, 0e+00, 0e+00, 0e+00, 0e+00, 0e+00, 0e+00, 0e+00, 0e+00, -0e+00]
machinesSensibleHeatFromMaxValue.convHeat.Q_flow=[0e+00, 0e+00, 0e+00, 0e+00, 0e+00, 0e+00, 0e+00, 0e+00, 0e+00, 0e+00, 0e+00, 0e+00, 0e+00, 0e+00, 0e+00, 0e+00, 0e+00, 0e+00, 0e+00, 0e+00, 0e+00, 0e+00, 0e+00, 0e+00, 0e+00, 0e+00, 0e+00, 0e+00, 0e+00, 0e+00, 0e+00, 0e+00, 0e+00, 0e+00, -1.2e+02, -1.2e+02, -1.2e+02, -1.2e+02, -1.2e+02, -1.2e+02, -1.2e+02, -1.2e+02, -1.2e+02, -1.2e+02, -1.2e+02, -1.2e+02, -1.2e+02, -1.2e+02, -1.2e+02, -1.2e+02, -1.2e+02, -1.2e+02, -1.2e+02, -1.2e+02, -1.2e+02, -1.2e+02, -1.2e+02, -1.2e+02, -1.2e+02, -1.2e+02, -1.2e+02, -1.2e+02, -1.2e+02, -1.2e+02, -1.2e+02, -1.2e+02, -1.2e+02, -1.2e+02, -1.2e+02, -1.2e+02, -1.2e+02, -1.2e+02, -1.2e+02, -1.2e+02, -1.2e+02, -1.2e+02, 0e+00, 0e+00, 0e+00, 0e+00, 0e+00, 0e+00, 0e+00, 0e+00, 0e+00, 0e+00, 0e+00, 0e+00, 0e+00, 0e+00, 0e+00, 0e+00, 0e+00, 0e+00, 0e+00, 0e+00, 0e+00, 0e+00, 0e+00, 0e+00, -0e+00]
