last-generated=2021-05-11
statistics-initialization=
{
  "nonlinear": "0, 0, 29, 0, 0, 0, 0, 0, 0, 0, 0, 0, 0, 0, 0, 0, 0, 0, 0, 0, 0, 0, 0, 0, 0, 0, 0,   0, 0, 0, 0, 1, 0, 1, 1, 1",
  "numerical Jacobians": "0"
}
statistics-simulation=
{
  "linear": "24",
  "nonlinear": "0, 0, 28, 0, 1, 0, 1, 1, 1",
  "number of continuous time states": "74",
  "numerical Jacobians": "0"
}
time=[0e+00, 1e+03]
pmpNorth.m_flow=[5.110108825344873e-18, 3.940259456634521e+00, 5.780949592590332e+00, 5.80854606628418e+00, 5.689211368560791e+00, 5.604321479797363e+00, 5.557230949401855e+00, 5.54053783416748e+00, 5.547830104827881e+00, 5.572251319885254e+00, 5.607269763946533e+00, 5.646348476409912e+00, 5.682007312774658e+00, 5.722007751464844e+00, 5.762612819671631e+00, 5.800474643707275e+00, 5.834405422210693e+00, 5.864439964294434e+00, 5.890819072723389e+00, 5.913846015930176e+00, 5.933794975280762e+00, 5.950905799865723e+00, 5.965383529663086e+00, 5.977397441864014e+00, 5.987080574035645e+00, 5.994532585144043e+00, 5.999839305877686e+00, 6.391313076019287e+00, 6.808255672454834e+00, 6.981492519378662e+00, 7.000439643859863e+00, 6.957545757293701e+00, 6.904160499572754e+00, 6.857441902160645e+00, 6.818737983703613e+00, 6.784757614135742e+00, 6.752568244934082e+00, 6.71914005279541e+00, 6.682178497314453e+00, 6.64255428314209e+00, 6.599846363067627e+00, 6.552388668060303e+00, 6.499032974243164e+00, 6.439064502716064e+00, 6.371935367584229e+00, 6.297025680541992e+00, 6.213579654693604e+00, 6.120823860168457e+00, 6.01792573928833e+00, 5.904001235961914e+00, 5.778128623962402e+00, 4.468202114105225e+00, 1.739773154258728e+00, 4.999856650829315e-01, 9.249423444271088e-02, 2.046403102576733e-02, 1.303426641970873e-02, 1.241522189229727e-02, 1.200815103948116e-02, 1.149851176887751e-02, 1.088306773453951e-02, 1.016378961503506e-02, 9.34457965195179e-03, 8.430240675806999e-03, 7.433012127876282e-03, 6.376352161169052e-03, 5.294537637382746e-03, 4.231808707118034e-03, 3.237056080251932e-03, 2.354719676077366e-03, 1.619373681023717e-03, 1.045172335579991e-03, 6.271829479373991e-04, 3.458127030171454e-04, 1.728137722238898e-04, 7.751652447041124e-05, 3.186331377946772e-05, 1.339133450528607e-05, 7.03612658981001e-06, 5.840363428433193e-06, 6.757402388757328e-06, 7.565249234176008e-06, 6.634780675085494e-06, 4.666762833949178e-06, 2.836346766343922e-06, 1.577315856593486e-06, 7.94964250871999e-07, 3.779190365094109e-07, 1.748733922113388e-07, 7.330099549562874e-08, 2.930626941122227e-08, 1.298532303906086e-08, 6.391287943330326e-09, 3.228336931115905e-09, 1.575096053585412e-09, 8.475877222302586e-10, 5.500303545957763e-10, 4.678075704589446e-10, 5.211044373787388e-10, 6.022594645216373e-10, 6.062060298184235e-10]
pmpSouth.m_flow=[4.367413959016173e-18, 3.545428037643433e+00, 5.229358673095703e+00, 5.277117252349854e+00, 5.182936668395996e+00, 5.114248752593994e+00, 5.076250553131104e+00, 5.063342094421387e+00, 5.070395946502686e+00, 5.091778755187988e+00, 5.122066497802734e+00, 5.155210971832275e+00, 5.186372756958008e+00, 5.221340179443359e+00, 5.256575107574463e+00, 5.289433002471924e+00, 5.318981647491455e+00, 5.345248699188232e+00, 5.368416309356689e+00, 5.388721466064453e+00, 5.406378269195557e+00, 5.42157506942749e+00, 5.434471130371094e+00, 5.445199966430664e+00, 5.453864574432373e+00, 5.460544109344482e+00, 5.465306758880615e+00, 5.778447151184082e+00, 6.106536388397217e+00, 6.24411678314209e+00, 6.263262271881104e+00, 6.233721256256104e+00, 6.194432735443115e+00, 6.158893585205078e+00, 6.128529071807861e+00, 6.101089477539062e+00, 6.074480533599854e+00, 6.043421268463135e+00, 6.012546062469482e+00, 5.980756759643555e+00, 5.945412635803223e+00, 5.905574798583984e+00, 5.860711574554443e+00, 5.810431957244873e+00, 5.754367351531982e+00, 5.69205379486084e+00, 5.622910976409912e+00, 5.546338558197021e+00, 5.461676120758057e+00, 5.368204116821289e+00, 5.26514720916748e+00, 4.081791877746582e+00, 1.589491367340088e+00, 4.613506197929382e-01, 8.253047615289688e-02, 1.745157316327095e-02, 1.111161708831787e-02, 1.071986276656389e-02, 1.044838968664408e-02, 1.006150525063276e-02, 9.574728086590767e-03, 8.996186777949333e-03, 8.330019190907478e-03, 7.578242570161819e-03, 6.74752239137888e-03, 5.853172857314348e-03, 4.920070059597492e-03, 3.983594011515379e-03, 3.086698474362493e-03, 2.272665034979582e-03, 1.579551142640412e-03, 1.028244849294424e-03, 6.209969287738204e-04, 3.439132415223867e-04, 1.723364985082299e-04, 7.742016896372661e-05, 3.184700472047552e-05, 1.319762759521836e-05, 6.44684450890054e-06, 5.01368867844576e-06, 5.050066647527274e-06, 4.681907739723101e-06, 3.653494331956608e-06, 2.47670095632202e-06, 1.487961185375752e-06, 8.214666991079866e-07, 4.108223095045105e-07, 1.935334381641951e-07, 8.863452194418642e-08, 3.674614390547504e-08, 1.453030673559397e-08, 6.371331906507294e-09, 3.106461088364654e-09, 1.556283657500046e-09, 7.540515434278916e-10, 4.034411138498228e-10, 2.605821947110343e-10, 2.207905941409294e-10, 2.451918112988949e-10, 2.826767708796751e-10, 2.839606882965029e-10]
