last-generated=2022-04-08
statistics-simulation=
{
  "linear": "0, 0",
  "nonlinear": "1",
  "number of continuous time states": "5",
  "numerical Jacobians": "0"
}
time=[0e+00, 2.592e+06]
pow_1dat1.V_flow=[0e+00, 7.448780758867457e-10, 0e+00, -6.396429634094238e+00, 1.204758238792419e+00, 1.696535682678223e+01, 3.303301811218262e-01, 1.624658851623506e+01, 1.064947490692139e+01, 1.845200762152671e-01, 2.20267211261671e-05, 1.577480763196945e-01, 4.934704303741455e-01, 3.671399021148682e+00, 2.482035338877947e-01, 6.203835487365723e+00, 1.672589742818253e-08, 0e+00, -6.19427490234375e+00, 2.041543626785278e+00, -1.696911239624023e+01, 4.298334615305066e-02, -4.017639446258545e+00, 9.873447895050047e-01, 4.046073722839355e+00, 1.950094223022461e+00, 1.269184112548828e+01, 5.02702054977417e+00, 4.29620323181134e+00, -1.084028186798096e+01, -8.559244155883789e+00, -1.981375511661554e-07, -2.031485479836448e-10, 8.926208496093748e+00, 1.314160659908025e-01, 5.927621841430664e+00, -1.870630493164062e+01, -8.701629447937012e+00, -8.97669792175293e+00, -5.557304763793945e+01, -1.085936641693115e+01, 1.319053688049316e+01, 4.59522047435712e-07, 6.266944646835327e-01, 1.698714659141842e-05, 1.281528852814517e-06, 5.286221122741699e+00, 3.606515979766846e+00, 1.620653533935547e+01, -8.906649017333985e+00, -2.232203483581543e+01, -9.098643493652343e+00, -2.156734733581543e+01, 2.182725477218628e+00, 1.039104251861572e+01, 1.230532741546631e+01, 1.407916336059703e+01, 1.959624099731506e+01, 6.449195194244385e+00, 5.905572605133057e+00, 9.912633686326444e-05, 1.033860740661621e+01, 4.694805574417114e+00, -2.770915336608887e+01, -3.999651260375977e+01, -1.689119720458984e+01, -3.342679595947266e+01, -3.560433273315429e+01, -4.708344078063845e+00, -1.1681768608094e+01, 3.263554573059082e+00, 3.441391611099243e+00, 3.494337997436524e+01, 1.536061248779297e+01, -2.457714004516601e+01, -1.429219722747803e+01, -3.034444122314453e+01, -4.997218990325928e+00, -7.122248840332031e+00, -3.932351608276367e+01, 5.08942699432373e+00, 1.425832271575928e+01, -1.54429630279541e+01, -2.214448928833008e+01, 1.941609907150269e+00, 2.827225303649902e+01, -6.790588474273681e+00, -1.210525703430176e+00, -8.185461616516113e+00, -3.401860580444336e+01, -4.499843120574951e+00, -8.612150478363038e+00, -2.985834159851074e+01, -9.997126770019531e+00, 3.6187340259552e+00, 6.88718843460083e+00, 3.5835862159729e+00, 1.888916563987732e+00, 2.264319348335266e+00, 3.853028030395508e+01, -1.433540534973145e+01]
pow_1dat.V_flow=[0e+00, -7.448780758867457e-10, 0e+00, -6.396429634094238e+00, 1.204730486869812e+00, 1.697269439697266e+01, 3.303301811218262e-01, 1.624655799865694e+01, 1.064844245910644e+01, 1.845456793904305e-01, -2.20267211261671e-05, 1.577476322650909e-01, 4.934679836034774e-01, 3.671856689453125e+00, 2.481605172156602e-01, 6.181438446044922e+00, -1.672589742818253e-08, 0e+00, -6.198531913757323e+00, 2.041703701019287e+00, -1.696893882751465e+01, 4.310618210583925e-02, -4.017720985412597e+00, 9.888307094573974e-01, 4.045941352844238e+00, 1.949696898460388e+00, 1.26929407119751e+01, 5.027559471130371e+00, 4.296174049377258e+00, -1.083984489440918e+01, -8.55730152130127e+00, 1.981375511661554e-07, 2.031485479836448e-10, 8.933381652832033e+00, 1.314146820454566e-01, 5.927205085754395e+00, -1.870623435974121e+01, -8.701076698303222e+00, -8.977669525146485e+00, -5.557306823730469e+01, -1.086038780212402e+01, 1.319015102386475e+01, -4.59522047435712e-07, 6.266867995262146e-01, -1.698714659141842e-05, -1.281528852814517e-06, 5.287194633483887e+00, 3.606438064575195e+00, 1.620654487609863e+01, -8.906667613983155e+00, -2.232043266296387e+01, -9.098821640014648e+00, -2.156739120483399e+01, 2.182963609695435e+00, 1.039158782958984e+01, 1.230605030059814e+01, 1.407916336059703e+01, 1.959625701904357e+01, 6.4491943359375e+00, 5.905628395080567e+00, -9.912633686326444e-05, 1.033901538848877e+01, 4.694808387756348e+00, -2.770909309387207e+01, -3.999653625488281e+01, -1.689138984680176e+01, -3.342677459716797e+01, -3.560434417724609e+01, -4.708315753936648e+00, -1.168183689117505e+01, 3.26346755027771e+00, 3.442561626434326e+00, 3.494326858520508e+01, 1.536060028076172e+01, -2.457705612182617e+01, -1.429218006134033e+01, -3.034438514709473e+01, -4.997268009185791e+00, -7.122149658203125e+00, -3.932372741699218e+01, 5.087159156799316e+00, 1.42582799911499e+01, -1.544328460693359e+01, -2.214510116577149e+01, 1.941861867904663e+00, 2.827218627929688e+01, -6.79058609008789e+00, -1.206498098373413e+00, -8.18490161895752e+00, -3.401850357055664e+01, -4.500149250030518e+00, -8.61215000152588e+00, -2.985368957519531e+01, -9.995234107971191e+00, 3.618511009216308e+00, 6.887349128723145e+00, 3.584076118469238e+00, 1.893100333213806e+00, 2.266152453422547e+00, 3.853024826049805e+01, -1.43354024887085e+01]
pow_1dat1.dp=[0e+00, 3.201421350240708e-11, 0e+00, -8.563536405563354e-01, 6.909131705760957e-02, 3.750670671463013e+00, 1.544955521821976e-02, 3.558153057098295e+00, 1.854584383964539e+00, 8.697149530053138e-03, 9.466893970966339e-07, 6.998807564377785e-03, 2.45779168792069e-02, 3.689358711242676e-01, 1.139786243438391e-02, 8.168364763259888e-01, 7.188646122813225e-10, 0e+00, -1.523656702041626e+00, 1.5173060297966e-01, -3.751929044723511e+00, 1.858053263276815e-03, -4.245856821537018e-01, 9.234017878770828e-02, 4.275855779647827e-01, 1.414532512426376e-01, 2.417550992965698e+00, 6.145481944084168e-01, 4.702296972274474e-01, -1.908269023895264e+00, -1.330196022987366e+00, -8.515780791640282e-09, -8.731149137020111e-12, 2.295448994636536e+00, 5.970042874099704e-03, 7.623699903488159e-01, -4.349047470092773e+00, -1.571778160333633e+00, -1.434600353240967e+00, -2.26397876739502e+01, -1.907811522483826e+00, 2.567024183273316e+00, 1.974985934793949e-08, 2.847029007971287e-02, 7.300928700715303e-07, 5.507899913936853e-08, 6.40947961807251e-01, 3.684067904949188e-01, 3.503049898147583e+00, -1.450482445955276e+00, -5.684218883514404e+00, -1.459254646301269e+00, -5.396642589569092e+00, 1.692690789699554e-01, 1.7849848985672e+00, 2.30563759803772e+00, 2.837707614899101e+00, 4.66907625198386e+00, 8.671709060668945e-01, 7.5812326669693e-01, 4.260364221408963e-06, 1.772516894340515e+00, 6.370190203189849e-01, -7.889917469024658e+00, -1.37543888092041e+01, -3.725857973098755e+00, -1.048028755187988e+01, -1.153180179595947e+01, -5.38028168678263e-01, -2.134401130676478e+00, 3.086414635181427e-01, 3.35167920589447e-01, 1.120968551635742e+01, 3.227983903884888e+00, -6.577661514282227e+00, -2.892575740814209e+00, -9.054002952575683e+00, -5.923098921775818e-01, -1.007152032852173e+00, -1.340540943145752e+01, 6.051251292228699e-01, 2.882260799407959e+00, -3.255824279785156e+00, -5.616498279571533e+00, 1.477461040019989e-01, 8.131406784057617e+00, -9.381002902984619e-01, -1.35696816444397e-01, -1.257033324241638e+00, -1.076374969482422e+01, -5.02143383026123e-01, -1.343746018409729e+00, -8.832489967346191e+00, -1.687165546417236e+00, 3.609382927417755e-01, 9.569633603096008e-01, 3.560021758079529e-01, 1.386515274643898e-01, 1.932571366429329e-01, 1.299912586212158e+01, -2.905835866928101e+00]
pow_1dat.dp=[0e+00, -3.201421350240708e-11, 0e+00, -8.563536047935486e-01, 6.908929646015168e-02, 3.753129482269287e+00, 1.544956490397453e-02, 3.558143138885405e+00, 1.854302787780762e+00, 8.6986418813467e-03, -9.466893970966339e-07, 6.998785585165024e-03, 2.457778202369809e-02, 3.690053224563599e-01, 1.139619611203341e-02, 8.123725652694702e-01, -7.188646122813225e-10, 0e+00, -1.524609756469727e+00, 1.517484873533249e-01, -3.751871109008789e+00, 1.86333260498941e-03, -4.245982885360718e-01, 9.255184829235075e-02, 4.275646388530731e-01, 1.414095759391785e-01, 2.417875671386719e+00, 6.146834015846252e-01, 4.702217817306212e-01, -1.908120441436768e+00, -1.329738736152649e+00, 8.515780791640282e-09, 8.731149137020111e-12, 2.298126196861267e+00, 5.97009912598321e-03, 7.622886896133423e-01, -4.349022102355957e+00, -1.571685683727265e+00, -1.434830737113953e+00, -2.263979949951172e+01, -1.908083558082581e+00, 2.566912794113159e+00, -1.974985934793949e-08, 2.846989929676056e-02, -7.300928700715303e-07, -5.507899913936853e-08, 6.411272525787354e-01, 3.68390703201294e-01, 3.503053283691406e+00, -1.450484085083008e+00, -5.683600425720215e+00, -1.459297943115234e+00, -5.396658992767334e+00, 1.692968666553497e-01, 1.785126996040344e+00, 2.305842876434326e+00, 2.8377067089085e+00, 4.669081878662327e+00, 8.671707391738892e-01, 7.581342339515686e-01, -4.260364221408963e-06, 1.772626829147339e+00, 6.370196670293808e-01, -7.88989143371582e+00, -1.375439891815186e+01, -3.725922822952271e+00, -1.048027744293213e+01, -1.153180751800537e+01, -5.380233049392493e-01, -2.134420919418544e+00, 3.086289763450623e-01, 3.353371262550354e-01, 1.120963172912598e+01, 3.227980041503906e+00, -6.577627563476563e+00, -2.892570495605469e+00, -9.053978347778321e+00, -5.923101127147674e-01, -1.007130789756775e+00, -1.340551929473877e+01, 6.047165989875793e-01, 2.882247638702393e+00, -3.255925464630127e+00, -5.616726779937744e+00, 1.477872669696808e-01, 8.131377220153809e+00, -9.380998373031616e-01, -1.35089248418808e-01, -1.256915163993835e+00, -1.076370182037354e+01, -5.021951794624329e-01, -1.343745875358582e+00, -8.830406761169433e+00, -1.686681199073792e+00, 3.609045743942261e-01, 9.569970965385437e-01, 3.560710430145264e-01, 1.391792714595795e-01, 1.935969740152359e-01, 1.299910926818848e+01, -2.905834913253784e+00]
