last-generated=2020-11-12
statistics-simulation=
{
  "linear": "0",
  "nonlinear": " ",
  "number of continuous time states": "9",
  "numerical Jacobians": "0"
}
time=[0e+00, 1.08e+04]
senTemIn.T=[3.231499938964844e+02, 3.231499938964844e+02, 3.231499938964844e+02, 3.311499938964844e+02, 3.431499938964844e+02, 3.431499938964844e+02, 3.431499938964844e+02, 3.431499938964844e+02, 3.431499938964844e+02, 3.431499938964844e+02, 3.431499938964844e+02, 3.431499938964844e+02, 3.431499938964844e+02, 3.431499938964844e+02, 3.431499938964844e+02, 3.431499938964844e+02, 3.431499938964844e+02, 3.431499938964844e+02, 3.431499938964844e+02, 3.431499938964844e+02, 3.431499938964844e+02, 3.431499938964844e+02, 3.431499938964844e+02, 3.431499938964844e+02, 3.431499938964844e+02, 3.431499938964844e+02, 3.431499938964844e+02, 3.431499938964844e+02, 3.431499938964844e+02, 3.431499938964844e+02, 3.431499938964844e+02, 3.431499938964844e+02, 3.431499938964844e+02, 3.431499938964844e+02, 3.431499938964844e+02, 3.431499938964844e+02, 3.431499938964844e+02, 3.431499938964844e+02, 3.431499938964844e+02, 3.431499938964844e+02, 3.431499938964844e+02, 3.431499938964844e+02, 3.431499938964844e+02, 3.431499938964844e+02, 3.431499938964844e+02, 3.431499938964844e+02, 3.431499938964844e+02, 3.431499938964844e+02, 3.431499938964844e+02, 3.431499938964844e+02, 3.431499938964844e+02, 3.431499938964844e+02, 3.431499938964844e+02, 3.431499938964844e+02, 3.431499938964844e+02, 3.431499938964844e+02, 3.431499938964844e+02, 3.431499938964844e+02, 3.431499938964844e+02, 3.431499938964844e+02, 3.431499938964844e+02, 3.431499938964844e+02, 3.431499938964844e+02, 3.431499938964844e+02, 3.431499938964844e+02, 3.431499938964844e+02, 3.431499938964844e+02, 3.431499938964844e+02, 3.431499938964844e+02, 3.431499938964844e+02, 3.431499938964844e+02, 3.431499938964844e+02, 3.431499938964844e+02, 3.431499938964844e+02, 3.431499938964844e+02, 3.431499938964844e+02, 3.431499938964844e+02, 3.431499938964844e+02, 3.431499938964844e+02, 3.431499938964844e+02, 3.431499938964844e+02, 3.431499938964844e+02, 3.431499938964844e+02, 3.431499938964844e+02, 3.431499938964844e+02, 3.431499938964844e+02, 3.431499938964844e+02, 3.431499938964844e+02, 3.431499938964844e+02, 3.431499938964844e+02, 3.431499938964844e+02, 3.431499938964844e+02, 3.431499938964844e+02, 3.431499938964844e+02, 3.431499938964844e+02, 3.431499938964844e+02, 3.431499938964844e+02, 3.431499938964844e+02, 3.431499938964844e+02, 3.431499938964844e+02, 3.431499938964844e+02]
senTemOut.T=[3.231499938964844e+02, 3.231113403320313e+02, 3.230712219238281e+02, 3.254719848632812e+02, 3.339152465820313e+02, 3.383056945800781e+02, 3.405142150878906e+02, 3.416837097167969e+02, 3.422983093261719e+02, 3.4261923828125e+02, 3.42785888671875e+02, 3.428697387695312e+02, 3.429141662597656e+02, 3.429375244140625e+02, 3.429497009277344e+02, 3.429560241699219e+02, 3.429592224121094e+02, 3.429609130859375e+02, 3.429618041992188e+02, 3.42962255859375e+02, 3.429624938964844e+02, 3.429626342773437e+02, 3.429626953125e+02, 3.429627197265625e+02, 3.429627380371094e+02, 3.429627380371094e+02, 3.429627685546875e+02, 3.429627685546875e+02, 3.429627685546875e+02, 3.429627685546875e+02, 3.429627685546875e+02, 3.429627685546875e+02, 3.429627685546875e+02, 3.429627685546875e+02, 3.429627685546875e+02, 3.429627685546875e+02, 3.429627685546875e+02, 3.429627685546875e+02, 3.429627685546875e+02, 3.429627685546875e+02, 3.429627685546875e+02, 3.429627685546875e+02, 3.429627685546875e+02, 3.429627685546875e+02, 3.429627685546875e+02, 3.429627685546875e+02, 3.429627685546875e+02, 3.429627685546875e+02, 3.429627685546875e+02, 3.429627685546875e+02, 3.429627685546875e+02, 3.429627685546875e+02, 3.429627685546875e+02, 3.429627685546875e+02, 3.429627685546875e+02, 3.429627685546875e+02, 3.429627685546875e+02, 3.429627685546875e+02, 3.429627685546875e+02, 3.429627685546875e+02, 3.429627685546875e+02, 3.429627685546875e+02, 3.429627685546875e+02, 3.429627685546875e+02, 3.429627685546875e+02, 3.429627685546875e+02, 3.429627685546875e+02, 3.429627685546875e+02, 3.429627685546875e+02, 3.429627685546875e+02, 3.429627685546875e+02, 3.429627685546875e+02, 3.429627685546875e+02, 3.429627685546875e+02, 3.429627685546875e+02, 3.429627685546875e+02, 3.429627685546875e+02, 3.429627685546875e+02, 3.429627685546875e+02, 3.429627685546875e+02, 3.429627685546875e+02, 3.429627685546875e+02, 3.429627685546875e+02, 3.429627685546875e+02, 3.429627685546875e+02, 3.429627685546875e+02, 3.429627685546875e+02, 3.429627685546875e+02, 3.429627685546875e+02, 3.429627685546875e+02, 3.429627685546875e+02, 3.429627685546875e+02, 3.429627685546875e+02, 3.429627685546875e+02, 3.429627685546875e+02, 3.429627685546875e+02, 3.429627685546875e+02, 3.429627685546875e+02, 3.429627685546875e+02, 3.429627685546875e+02, 3.429627685546875e+02]
