last-generated=2021-05-09
statistics-initialization=
{
  "nonlinear": "1, 0, 1, 0, 1, 0, 1, 0, 1, 0, 1, 0, 1, 0, 1, 0",
  "numerical Jacobians": "0"
}
statistics-simulation=
{
  "linear": "0, 0, 0, 0",
  "nonlinear": "1, 1, 0, 1, 1, 1, 1, 0, 1, 1",
  "number of continuous time states": "26",
  "numerical Jacobians": "0"
}
time=[0e+00, 3.6e+03]
hea1.sta_a.T=[2.931499938964844e+02, 2.931499938964844e+02, 2.931499938964844e+02, 2.931499938964844e+02, 2.931499938964844e+02, 2.931499938964844e+02, 2.931499938964844e+02, 2.931499938964844e+02, 2.931499938964844e+02, 2.931499938964844e+02, 2.931499938964844e+02, 2.931499938964844e+02, 2.931499938964844e+02, 2.931499938964844e+02, 2.931499938964844e+02, 2.931499938964844e+02, 2.931499938964844e+02, 2.931499938964844e+02, 2.931499938964844e+02, 2.931499938964844e+02, 2.931499938964844e+02, 2.931499938964844e+02, 2.931499938964844e+02, 2.931499938964844e+02, 2.931499938964844e+02, 2.931499938964844e+02, 2.931499938964844e+02, 2.931499938964844e+02, 2.931499938964844e+02, 2.931499938964844e+02, 2.931499938964844e+02, 2.931499938964844e+02, 2.931499938964844e+02, 2.931499938964844e+02, 2.931499938964844e+02, 2.931499938964844e+02, 2.931499938964844e+02, 2.931499938964844e+02, 2.931499938964844e+02, 2.931499938964844e+02, 2.931499938964844e+02, 2.931499938964844e+02, 2.931499938964844e+02, 2.931499938964844e+02, 2.931499938964844e+02, 2.931499938964844e+02, 2.931499938964844e+02, 2.931499938964844e+02, 2.931499938964844e+02, 2.931499938964844e+02, 2.931499938964844e+02, 2.931499938964844e+02, 2.931499938964844e+02, 2.931499938964844e+02, 2.931499938964844e+02, 2.931499938964844e+02, 2.931499938964844e+02, 2.931499938964844e+02, 2.931499938964844e+02, 2.931499938964844e+02, 2.931499938964844e+02, 2.931499938964844e+02, 2.931499938964844e+02, 2.931499938964844e+02, 2.931499938964844e+02, 2.931499938964844e+02, 2.931499938964844e+02, 2.931499938964844e+02, 2.931499938964844e+02, 2.931499938964844e+02, 2.931499938964844e+02, 2.931499938964844e+02, 2.931499938964844e+02, 2.931499938964844e+02, 2.931499938964844e+02, 2.931499938964844e+02, 2.931499938964844e+02, 2.931499938964844e+02, 2.931499938964844e+02, 2.931499938964844e+02, 2.931499938964844e+02, 2.931499938964844e+02, 2.931499938964844e+02, 2.931499938964844e+02, 2.931499938964844e+02, 2.931499938964844e+02, 2.931499938964844e+02, 2.931499938964844e+02, 2.931499938964844e+02, 2.931499938964844e+02, 2.931499938964844e+02, 2.931499938964844e+02, 2.931499938964844e+02, 2.931499938964844e+02, 2.931499938964844e+02, 2.931499938964844e+02, 2.931499938964844e+02, 2.931499938964844e+02, 2.931499938964844e+02, 2.931499938964844e+02, 2.931499938964844e+02]
hea1.sta_b.T=[2.931499938964844e+02, 2.931428833007812e+02, 2.930924682617188e+02, 2.930425720214844e+02, 2.929928588867188e+02, 2.929432067871094e+02, 2.928935852050781e+02, 2.928439331054688e+02, 2.927943115234375e+02, 2.927446899414062e+02, 2.92695068359375e+02, 2.926454467773438e+02, 2.925958251953125e+02, 2.925462036132812e+02, 2.9249658203125e+02, 2.924469604492188e+02, 2.923973388671875e+02, 2.923477172851562e+02, 2.922981262207031e+02, 2.922485046386719e+02, 2.921988830566406e+02, 2.921492919921875e+02, 2.920996704101562e+02, 2.920500793457031e+02, 2.9200048828125e+02, 2.919508666992188e+02, 2.919012756347656e+02, 2.918516845703125e+02, 2.918020935058594e+02, 2.917525024414062e+02, 2.91702880859375e+02, 2.916533203125e+02, 2.916037292480469e+02, 2.915541381835938e+02, 2.915045471191406e+02, 2.914549560546875e+02, 2.914053649902344e+02, 2.913558044433594e+02, 2.913062133789062e+02, 2.912566528320312e+02, 2.912070617675781e+02, 2.911575012207031e+02, 2.9110791015625e+02, 2.91058349609375e+02, 2.910087890625e+02, 2.909591979980469e+02, 2.909096374511719e+02, 2.908600769042969e+02, 2.908105163574219e+02, 2.907609558105469e+02, 2.907113952636719e+02, 2.906618347167969e+02, 2.906122741699219e+02, 2.90562744140625e+02, 2.9051318359375e+02, 2.90463623046875e+02, 2.904140930175781e+02, 2.903645324707031e+02, 2.903150024414062e+02, 2.902654418945312e+02, 2.902159118652344e+02, 2.901663513183594e+02, 2.901168212890625e+02, 2.900672912597656e+02, 2.900177612304688e+02, 2.899682312011719e+02, 2.89918701171875e+02, 2.89869140625e+02, 2.898196411132812e+02, 2.897701110839844e+02, 2.897205810546875e+02, 2.896710510253906e+02, 2.896215209960938e+02, 2.89572021484375e+02, 2.895224914550781e+02, 2.894729614257812e+02, 2.894234619140625e+02, 2.893739318847656e+02, 2.893244323730469e+02, 2.892749328613281e+02, 2.892254028320312e+02, 2.891759033203125e+02, 2.891264038085938e+02, 2.89076904296875e+02, 2.890274047851562e+02, 2.889779052734375e+02, 2.889284057617188e+02, 2.8887890625e+02, 2.888294067382812e+02, 2.887799072265625e+02, 2.887304077148438e+02, 2.88680908203125e+02, 2.886314392089844e+02, 2.885819396972656e+02, 2.88532470703125e+02, 2.884829711914062e+02, 2.884335021972656e+02, 2.883840026855469e+02, 2.883345336914062e+02, 2.882850646972656e+02, 2.88235595703125e+02]
hea2.sta_a.T=[2.931499938964844e+02, 2.931939086914062e+02, 2.931925659179688e+02, 2.931918640136719e+02, 2.931915588378906e+02, 2.931914672851562e+02, 2.9319140625e+02, 2.9319140625e+02, 2.9319140625e+02, 2.931913757324219e+02, 2.931913757324219e+02, 2.931913757324219e+02, 2.931913757324219e+02, 2.931913757324219e+02, 2.931913757324219e+02, 2.931913757324219e+02, 2.931913757324219e+02, 2.931913757324219e+02, 2.931913757324219e+02, 2.931913757324219e+02, 2.931913757324219e+02, 2.931913757324219e+02, 2.931913757324219e+02, 2.931913757324219e+02, 2.931913757324219e+02, 2.931913757324219e+02, 2.931913757324219e+02, 2.931913757324219e+02, 2.931913757324219e+02, 2.931913757324219e+02, 2.931913757324219e+02, 2.931913757324219e+02, 2.931913757324219e+02, 2.931913757324219e+02, 2.931913757324219e+02, 2.931913757324219e+02, 2.931913757324219e+02, 2.931913757324219e+02, 2.931913757324219e+02, 2.931913757324219e+02, 2.931913757324219e+02, 2.931913757324219e+02, 2.931913757324219e+02, 2.931913757324219e+02, 2.931913757324219e+02, 2.931913757324219e+02, 2.931913757324219e+02, 2.931913757324219e+02, 2.931913757324219e+02, 2.931913757324219e+02, 2.931913757324219e+02, 2.931913757324219e+02, 2.931913757324219e+02, 2.931913757324219e+02, 2.931913757324219e+02, 2.931913757324219e+02, 2.931913757324219e+02, 2.931913757324219e+02, 2.931913757324219e+02, 2.931913757324219e+02, 2.931913757324219e+02, 2.931913757324219e+02, 2.931913757324219e+02, 2.931913757324219e+02, 2.931913757324219e+02, 2.931913757324219e+02, 2.931913757324219e+02, 2.931913757324219e+02, 2.931913757324219e+02, 2.931913757324219e+02, 2.931913757324219e+02, 2.931913757324219e+02, 2.931913757324219e+02, 2.931913757324219e+02, 2.931913757324219e+02, 2.931913757324219e+02, 2.931913757324219e+02, 2.931913757324219e+02, 2.931913757324219e+02, 2.931913757324219e+02, 2.931913757324219e+02, 2.931913757324219e+02, 2.931913757324219e+02, 2.931913757324219e+02, 2.931913757324219e+02, 2.931913757324219e+02, 2.931913757324219e+02, 2.931913757324219e+02, 2.931913757324219e+02, 2.931913757324219e+02, 2.931913757324219e+02, 2.931913757324219e+02, 2.931913757324219e+02, 2.931913757324219e+02, 2.931913757324219e+02, 2.931913757324219e+02, 2.931913757324219e+02, 2.931913757324219e+02, 2.931913757324219e+02, 2.931913757324219e+02, 2.931913757324219e+02]
hea2.sta_b.T=[2.931499938964844e+02, 2.931428833007812e+02, 2.930924682617188e+02, 2.930425720214844e+02, 2.929928588867188e+02, 2.929432067871094e+02, 2.928935852050781e+02, 2.928439331054688e+02, 2.927943115234375e+02, 2.927446899414062e+02, 2.92695068359375e+02, 2.926454467773438e+02, 2.925958251953125e+02, 2.925462036132812e+02, 2.9249658203125e+02, 2.924469604492188e+02, 2.923973388671875e+02, 2.923477172851562e+02, 2.922981262207031e+02, 2.922485046386719e+02, 2.921988830566406e+02, 2.921492919921875e+02, 2.920996704101562e+02, 2.920500793457031e+02, 2.9200048828125e+02, 2.919508666992188e+02, 2.919012756347656e+02, 2.918516845703125e+02, 2.918020935058594e+02, 2.917525024414062e+02, 2.91702880859375e+02, 2.916533203125e+02, 2.916037292480469e+02, 2.915541381835938e+02, 2.915045471191406e+02, 2.914549560546875e+02, 2.914053649902344e+02, 2.913558044433594e+02, 2.913062133789062e+02, 2.912566528320312e+02, 2.912070617675781e+02, 2.911575012207031e+02, 2.9110791015625e+02, 2.91058349609375e+02, 2.910087890625e+02, 2.909591979980469e+02, 2.909096374511719e+02, 2.908600769042969e+02, 2.908105163574219e+02, 2.907609558105469e+02, 2.907113952636719e+02, 2.906618347167969e+02, 2.906122741699219e+02, 2.90562744140625e+02, 2.9051318359375e+02, 2.90463623046875e+02, 2.904140930175781e+02, 2.903645324707031e+02, 2.903150024414062e+02, 2.902654418945312e+02, 2.902159118652344e+02, 2.901663513183594e+02, 2.901168212890625e+02, 2.900672912597656e+02, 2.900177612304688e+02, 2.899682312011719e+02, 2.89918701171875e+02, 2.89869140625e+02, 2.898196411132812e+02, 2.897701110839844e+02, 2.897205810546875e+02, 2.896710510253906e+02, 2.896215209960938e+02, 2.89572021484375e+02, 2.895224914550781e+02, 2.894729614257812e+02, 2.894234619140625e+02, 2.893739318847656e+02, 2.893244323730469e+02, 2.892749328613281e+02, 2.892254028320312e+02, 2.891759033203125e+02, 2.891264038085938e+02, 2.89076904296875e+02, 2.890274047851562e+02, 2.889779052734375e+02, 2.889284057617188e+02, 2.8887890625e+02, 2.888294067382812e+02, 2.887799072265625e+02, 2.887304077148438e+02, 2.88680908203125e+02, 2.886314392089844e+02, 2.885819396972656e+02, 2.88532470703125e+02, 2.884829711914062e+02, 2.884335021972656e+02, 2.883840026855469e+02, 2.883345336914062e+02, 2.882850646972656e+02, 2.88235595703125e+02]
hea3.sta_a.T=[2.931499938964844e+02, 2.931499938964844e+02, 2.931499938964844e+02, 2.931499938964844e+02, 2.931499938964844e+02, 2.931499938964844e+02, 2.931499938964844e+02, 2.931499938964844e+02, 2.931499938964844e+02, 2.931499938964844e+02, 2.931499938964844e+02, 2.931499938964844e+02, 2.931499938964844e+02, 2.931499938964844e+02, 2.931499938964844e+02, 2.931499938964844e+02, 2.931499938964844e+02, 2.931499938964844e+02, 2.931499938964844e+02, 2.931499938964844e+02, 2.931499938964844e+02, 2.931499938964844e+02, 2.931499938964844e+02, 2.931499938964844e+02, 2.931499938964844e+02, 2.931499938964844e+02, 2.931499938964844e+02, 2.931499938964844e+02, 2.931499938964844e+02, 2.931499938964844e+02, 2.931499938964844e+02, 2.931499938964844e+02, 2.931499938964844e+02, 2.931499938964844e+02, 2.931499938964844e+02, 2.931499938964844e+02, 2.931499938964844e+02, 2.931499938964844e+02, 2.931499938964844e+02, 2.931499938964844e+02, 2.931499938964844e+02, 2.931499938964844e+02, 2.931499938964844e+02, 2.931499938964844e+02, 2.931499938964844e+02, 2.931499938964844e+02, 2.931499938964844e+02, 2.931499938964844e+02, 2.931499938964844e+02, 2.931499938964844e+02, 2.931499938964844e+02, 2.931499938964844e+02, 2.931499938964844e+02, 2.931499938964844e+02, 2.931499938964844e+02, 2.931499938964844e+02, 2.931499938964844e+02, 2.931499938964844e+02, 2.931499938964844e+02, 2.931499938964844e+02, 2.931499938964844e+02, 2.931499938964844e+02, 2.931499938964844e+02, 2.931499938964844e+02, 2.931499938964844e+02, 2.931499938964844e+02, 2.931499938964844e+02, 2.931499938964844e+02, 2.931499938964844e+02, 2.931499938964844e+02, 2.931499938964844e+02, 2.931499938964844e+02, 2.931499938964844e+02, 2.931499938964844e+02, 2.931499938964844e+02, 2.931499938964844e+02, 2.931499938964844e+02, 2.931499938964844e+02, 2.931499938964844e+02, 2.931499938964844e+02, 2.931499938964844e+02, 2.931499938964844e+02, 2.931499938964844e+02, 2.931499938964844e+02, 2.931499938964844e+02, 2.931499938964844e+02, 2.931499938964844e+02, 2.931499938964844e+02, 2.931499938964844e+02, 2.931499938964844e+02, 2.931499938964844e+02, 2.931499938964844e+02, 2.931499938964844e+02, 2.931499938964844e+02, 2.931499938964844e+02, 2.931499938964844e+02, 2.931499938964844e+02, 2.931499938964844e+02, 2.931499938964844e+02, 2.931499938964844e+02, 2.931499938964844e+02]
hea3.sta_b.T=[2.931499938964844e+02, 2.931437072753906e+02, 2.930921325683594e+02, 2.930411376953125e+02, 2.929902954101562e+02, 2.929395141601562e+02, 2.928887634277344e+02, 2.928380126953125e+02, 2.927872619628906e+02, 2.927365417480469e+02, 2.92685791015625e+02, 2.926350402832031e+02, 2.925843200683594e+02, 2.925335693359375e+02, 2.924828491210938e+02, 2.924320983886719e+02, 2.923813781738281e+02, 2.923306579589844e+02, 2.922799377441406e+02, 2.922291870117188e+02, 2.92178466796875e+02, 2.921277465820312e+02, 2.920770263671875e+02, 2.920263061523438e+02, 2.919755859375e+02, 2.919248962402344e+02, 2.918741760253906e+02, 2.918234558105469e+02, 2.917727661132812e+02, 2.917220458984375e+02, 2.916713256835938e+02, 2.916206359863281e+02, 2.915699462890625e+02, 2.915192260742188e+02, 2.914685363769531e+02, 2.914178466796875e+02, 2.913671569824219e+02, 2.913164367675781e+02, 2.912657470703125e+02, 2.912150573730469e+02, 2.911643676757812e+02, 2.911136779785156e+02, 2.910630187988281e+02, 2.910123291015625e+02, 2.909616394042969e+02, 2.909109497070312e+02, 2.908602905273438e+02, 2.908096008300781e+02, 2.907589416503906e+02, 2.90708251953125e+02, 2.906575927734375e+02, 2.9060693359375e+02, 2.905562438964844e+02, 2.905055847167969e+02, 2.904549255371094e+02, 2.904042663574219e+02, 2.903536071777344e+02, 2.903029479980469e+02, 2.902522888183594e+02, 2.902016296386719e+02, 2.901509704589844e+02, 2.90100341796875e+02, 2.900496826171875e+02, 2.899990234375e+02, 2.899483947753906e+02, 2.898977355957031e+02, 2.898471069335938e+02, 2.897964477539062e+02, 2.897458190917969e+02, 2.896951904296875e+02, 2.8964453125e+02, 2.895939025878906e+02, 2.895432739257812e+02, 2.894926452636719e+02, 2.894420166015625e+02, 2.893913879394531e+02, 2.893407592773438e+02, 2.892901306152344e+02, 2.89239501953125e+02, 2.891889038085938e+02, 2.891382751464844e+02, 2.89087646484375e+02, 2.890370483398438e+02, 2.889864196777344e+02, 2.889358215332031e+02, 2.888852233886719e+02, 2.888345947265625e+02, 2.887839965820312e+02, 2.887333984375e+02, 2.886828002929688e+02, 2.886321716308594e+02, 2.885815734863281e+02, 2.885309753417969e+02, 2.884803771972656e+02, 2.884298095703125e+02, 2.883792114257812e+02, 2.8832861328125e+02, 2.882780151367188e+02, 2.882274475097656e+02, 2.881768493652344e+02, 2.881262817382812e+02]
hea4.sta_a.T=[2.931499938964844e+02, 2.931946716308594e+02, 2.931941528320312e+02, 2.931936645507812e+02, 2.931934509277344e+02, 2.931933288574219e+02, 2.931932983398438e+02, 2.931932678222656e+02, 2.931932678222656e+02, 2.931932678222656e+02, 2.931932678222656e+02, 2.931932678222656e+02, 2.931932678222656e+02, 2.931932678222656e+02, 2.931932678222656e+02, 2.931932678222656e+02, 2.931932678222656e+02, 2.931932678222656e+02, 2.931932678222656e+02, 2.931932678222656e+02, 2.931932678222656e+02, 2.931932678222656e+02, 2.931932678222656e+02, 2.931932678222656e+02, 2.931932678222656e+02, 2.931932678222656e+02, 2.931932678222656e+02, 2.931932678222656e+02, 2.931932678222656e+02, 2.931932678222656e+02, 2.931932678222656e+02, 2.931932678222656e+02, 2.931932678222656e+02, 2.931932678222656e+02, 2.931932678222656e+02, 2.931932678222656e+02, 2.931932678222656e+02, 2.931932678222656e+02, 2.931932678222656e+02, 2.931932678222656e+02, 2.931932678222656e+02, 2.931932678222656e+02, 2.931932678222656e+02, 2.931932678222656e+02, 2.931932678222656e+02, 2.931932678222656e+02, 2.931932678222656e+02, 2.931932678222656e+02, 2.931932678222656e+02, 2.931932678222656e+02, 2.931932678222656e+02, 2.931932678222656e+02, 2.931932678222656e+02, 2.931932678222656e+02, 2.931932678222656e+02, 2.931932678222656e+02, 2.931932678222656e+02, 2.931932678222656e+02, 2.931932678222656e+02, 2.931932678222656e+02, 2.931932678222656e+02, 2.931932678222656e+02, 2.931932678222656e+02, 2.931932678222656e+02, 2.931932678222656e+02, 2.931932678222656e+02, 2.931932678222656e+02, 2.931932678222656e+02, 2.931932678222656e+02, 2.931932678222656e+02, 2.931932678222656e+02, 2.931932678222656e+02, 2.931932678222656e+02, 2.931932678222656e+02, 2.931932678222656e+02, 2.931932678222656e+02, 2.931932678222656e+02, 2.931932678222656e+02, 2.931932678222656e+02, 2.931932678222656e+02, 2.931932678222656e+02, 2.931932678222656e+02, 2.931932678222656e+02, 2.931932678222656e+02, 2.931932678222656e+02, 2.931932678222656e+02, 2.931932678222656e+02, 2.931932678222656e+02, 2.931932678222656e+02, 2.931932678222656e+02, 2.931932678222656e+02, 2.931932678222656e+02, 2.931932678222656e+02, 2.931932678222656e+02, 2.931932678222656e+02, 2.931932678222656e+02, 2.931932678222656e+02, 2.931932678222656e+02, 2.931932678222656e+02, 2.931932678222656e+02, 2.931932678222656e+02]
hea4.sta_b.T=[2.931499938964844e+02, 2.931437072753906e+02, 2.930921325683594e+02, 2.930411376953125e+02, 2.929902954101562e+02, 2.929395141601562e+02, 2.928887634277344e+02, 2.928380126953125e+02, 2.927872619628906e+02, 2.927365417480469e+02, 2.92685791015625e+02, 2.926350402832031e+02, 2.925843200683594e+02, 2.925335693359375e+02, 2.924828491210938e+02, 2.924320983886719e+02, 2.923813781738281e+02, 2.923306579589844e+02, 2.922799377441406e+02, 2.922291870117188e+02, 2.92178466796875e+02, 2.921277465820312e+02, 2.920770263671875e+02, 2.920263061523438e+02, 2.919755859375e+02, 2.919248962402344e+02, 2.918741760253906e+02, 2.918234558105469e+02, 2.917727661132812e+02, 2.917220458984375e+02, 2.916713256835938e+02, 2.916206359863281e+02, 2.915699462890625e+02, 2.915192260742188e+02, 2.914685363769531e+02, 2.914178466796875e+02, 2.913671569824219e+02, 2.913164367675781e+02, 2.912657470703125e+02, 2.912150573730469e+02, 2.911643676757812e+02, 2.911136779785156e+02, 2.910630187988281e+02, 2.910123291015625e+02, 2.909616394042969e+02, 2.909109497070312e+02, 2.908602905273438e+02, 2.908096008300781e+02, 2.907589416503906e+02, 2.90708251953125e+02, 2.906575927734375e+02, 2.9060693359375e+02, 2.905562438964844e+02, 2.905055847167969e+02, 2.904549255371094e+02, 2.904042663574219e+02, 2.903536071777344e+02, 2.903029479980469e+02, 2.902522888183594e+02, 2.902016296386719e+02, 2.901509704589844e+02, 2.90100341796875e+02, 2.900496826171875e+02, 2.899990234375e+02, 2.899483947753906e+02, 2.898977355957031e+02, 2.898471069335938e+02, 2.897964477539062e+02, 2.897458190917969e+02, 2.896951904296875e+02, 2.8964453125e+02, 2.895939025878906e+02, 2.895432739257812e+02, 2.894926452636719e+02, 2.894420166015625e+02, 2.893913879394531e+02, 2.893407592773438e+02, 2.892901306152344e+02, 2.89239501953125e+02, 2.891889038085938e+02, 2.891382751464844e+02, 2.89087646484375e+02, 2.890370483398438e+02, 2.889864196777344e+02, 2.889358215332031e+02, 2.888852233886719e+02, 2.888345947265625e+02, 2.887839965820312e+02, 2.887333984375e+02, 2.886828002929688e+02, 2.886321716308594e+02, 2.885815734863281e+02, 2.885309753417969e+02, 2.884803771972656e+02, 2.884298095703125e+02, 2.883792114257812e+02, 2.8832861328125e+02, 2.882780151367188e+02, 2.882274475097656e+02, 2.881768493652344e+02, 2.881262817382812e+02]
mix1.T=[2.931499938964844e+02, 2.931437072753906e+02, 2.930921325683594e+02, 2.930411376953125e+02, 2.929902954101562e+02, 2.929395141601562e+02, 2.928887634277344e+02, 2.928380126953125e+02, 2.927872619628906e+02, 2.927365417480469e+02, 2.92685791015625e+02, 2.926350402832031e+02, 2.925843200683594e+02, 2.925335693359375e+02, 2.924828491210938e+02, 2.924320983886719e+02, 2.923813781738281e+02, 2.923306579589844e+02, 2.922799377441406e+02, 2.922291870117188e+02, 2.92178466796875e+02, 2.921277465820312e+02, 2.920770263671875e+02, 2.920263061523438e+02, 2.919755859375e+02, 2.919248962402344e+02, 2.918741760253906e+02, 2.918234558105469e+02, 2.917727661132812e+02, 2.917220458984375e+02, 2.916713256835938e+02, 2.916206359863281e+02, 2.915699462890625e+02, 2.915192260742188e+02, 2.914685363769531e+02, 2.914178466796875e+02, 2.913671569824219e+02, 2.913164367675781e+02, 2.912657470703125e+02, 2.912150573730469e+02, 2.911643676757812e+02, 2.911136779785156e+02, 2.910630187988281e+02, 2.910123291015625e+02, 2.909616394042969e+02, 2.909109497070312e+02, 2.908602905273438e+02, 2.908096008300781e+02, 2.907589416503906e+02, 2.90708251953125e+02, 2.906575927734375e+02, 2.9060693359375e+02, 2.905562438964844e+02, 2.905055847167969e+02, 2.904549255371094e+02, 2.904042663574219e+02, 2.903536071777344e+02, 2.903029479980469e+02, 2.902522888183594e+02, 2.902016296386719e+02, 2.901509704589844e+02, 2.90100341796875e+02, 2.900496826171875e+02, 2.899990234375e+02, 2.899483947753906e+02, 2.898977355957031e+02, 2.898471069335938e+02, 2.897964477539062e+02, 2.897458190917969e+02, 2.896951904296875e+02, 2.8964453125e+02, 2.895939025878906e+02, 2.895432739257812e+02, 2.894926452636719e+02, 2.894420166015625e+02, 2.893913879394531e+02, 2.893407592773438e+02, 2.892901306152344e+02, 2.89239501953125e+02, 2.891889038085938e+02, 2.891382751464844e+02, 2.89087646484375e+02, 2.890370483398438e+02, 2.889864196777344e+02, 2.889358215332031e+02, 2.888852233886719e+02, 2.888345947265625e+02, 2.887839965820312e+02, 2.887333984375e+02, 2.886828002929688e+02, 2.886321716308594e+02, 2.885815734863281e+02, 2.885309753417969e+02, 2.884803771972656e+02, 2.884298095703125e+02, 2.883792114257812e+02, 2.8832861328125e+02, 2.882780151367188e+02, 2.882274475097656e+02, 2.881768493652344e+02, 2.881262817382812e+02]
hea1.m_flow=[7.071067690849304e-01, 5e-01, 5e-01, 5e-01, 5e-01, 5e-01, 5e-01, 5e-01, 5e-01, 5e-01, 5e-01, 5e-01, 5e-01, 5e-01, 5e-01, 5e-01, 5e-01, 5e-01, 5e-01, 5e-01, 5e-01, 5e-01, 5e-01, 5e-01, 5e-01, 5e-01, 5e-01, 5e-01, 5e-01, 5e-01, 5e-01, 5e-01, 5e-01, 5e-01, 5e-01, 5e-01, 5e-01, 5e-01, 5e-01, 5e-01, 5e-01, 5e-01, 5e-01, 5e-01, 5e-01, 5e-01, 5e-01, 5e-01, 5e-01, 5e-01, 5e-01, 5e-01, 5e-01, 5e-01, 5e-01, 5e-01, 5e-01, 5e-01, 5e-01, 5e-01, 5e-01, 5e-01, 5e-01, 5e-01, 5e-01, 5e-01, 5e-01, 5e-01, 5e-01, 5e-01, 5e-01, 5e-01, 5e-01, 5e-01, 5e-01, 5e-01, 5e-01, 5e-01, 5e-01, 5e-01, 5e-01, 5e-01, 5e-01, 5e-01, 5e-01, 5e-01, 5e-01, 5e-01, 5e-01, 5e-01, 5e-01, 5e-01, 5e-01, 5e-01, 5e-01, 5e-01, 5e-01, 5e-01, 5e-01, 5e-01, 5e-01]
hea2.m_flow=[0e+00, -5e-01, -5e-01, -5e-01, -5e-01, -5e-01, -5e-01, -5e-01, -5e-01, -5e-01, -5e-01, -5e-01, -5e-01, -5e-01, -5e-01, -5e-01, -5e-01, -5e-01, -5e-01, -5e-01, -5e-01, -5e-01, -5e-01, -5e-01, -5e-01, -5e-01, -5e-01, -5e-01, -5e-01, -5e-01, -5e-01, -5e-01, -5e-01, -5e-01, -5e-01, -5e-01, -5e-01, -5e-01, -5e-01, -5e-01, -5e-01, -5e-01, -5e-01, -5e-01, -5e-01, -5e-01, -5e-01, -5e-01, -5e-01, -5e-01, -5e-01, -5e-01, -5e-01, -5e-01, -5e-01, -5e-01, -5e-01, -5e-01, -5e-01, -5e-01, -5e-01, -5e-01, -5e-01, -5e-01, -5e-01, -5e-01, -5e-01, -5e-01, -5e-01, -5e-01, -5e-01, -5e-01, -5e-01, -5e-01, -5e-01, -5e-01, -5e-01, -5e-01, -5e-01, -5e-01, -5e-01, -5e-01, -5e-01, -5e-01, -5e-01, -5e-01, -5e-01, -5e-01, -5e-01, -5e-01, -5e-01, -5e-01, -5e-01, -5e-01, -5e-01, -5e-01, -5e-01, -5e-01, -5e-01, -5e-01, -5e-01]
hea3.m_flow=[7.071067690849304e-01, 4.890096485614777e-01, 4.890096485614777e-01, 4.890096485614777e-01, 4.890096485614777e-01, 4.890096485614777e-01, 4.890096485614777e-01, 4.890096485614777e-01, 4.890096485614777e-01, 4.890096485614777e-01, 4.890096485614777e-01, 4.890096485614777e-01, 4.890096485614777e-01, 4.890096485614777e-01, 4.890096485614777e-01, 4.890096485614777e-01, 4.890096485614777e-01, 4.890096485614777e-01, 4.890096485614777e-01, 4.890096485614777e-01, 4.890096485614777e-01, 4.890096485614777e-01, 4.890096485614777e-01, 4.890096485614777e-01, 4.890096485614777e-01, 4.890096485614777e-01, 4.890096485614777e-01, 4.890096485614777e-01, 4.890096485614777e-01, 4.890096485614777e-01, 4.890096485614777e-01, 4.890096485614777e-01, 4.890096485614777e-01, 4.890096485614777e-01, 4.890096485614777e-01, 4.890096485614777e-01, 4.890096485614777e-01, 4.890096485614777e-01, 4.890096485614777e-01, 4.890096485614777e-01, 4.890096485614777e-01, 4.890096485614777e-01, 4.890096485614777e-01, 4.890096485614777e-01, 4.890096485614777e-01, 4.890096485614777e-01, 4.890096485614777e-01, 4.890096485614777e-01, 4.890096485614777e-01, 4.890096485614777e-01, 4.890096485614777e-01, 4.890096485614777e-01, 4.890096485614777e-01, 4.890096485614777e-01, 4.890096485614777e-01, 4.890096485614777e-01, 4.890096485614777e-01, 4.890096485614777e-01, 4.890096485614777e-01, 4.890096485614777e-01, 4.890096485614777e-01, 4.890096485614777e-01, 4.890096485614777e-01, 4.890096485614777e-01, 4.890096485614777e-01, 4.890096485614777e-01, 4.890096485614777e-01, 4.890096485614777e-01, 4.890096485614777e-01, 4.890096485614777e-01, 4.890096485614777e-01, 4.890096485614777e-01, 4.890096485614777e-01, 4.890096485614777e-01, 4.890096485614777e-01, 4.890096485614777e-01, 4.890096485614777e-01, 4.890096485614777e-01, 4.890096485614777e-01, 4.890096485614777e-01, 4.890096485614777e-01, 4.890096485614777e-01, 4.890096485614777e-01, 4.890096485614777e-01, 4.890096485614777e-01, 4.890096485614777e-01, 4.890096485614777e-01, 4.890096485614777e-01, 4.890096485614777e-01, 4.890096485614777e-01, 4.890096485614777e-01, 4.890096485614777e-01, 4.890096485614777e-01, 4.890096485614777e-01, 4.890096485614777e-01, 4.890096485614777e-01, 4.890096485614777e-01, 4.890096485614777e-01, 4.890096485614777e-01, 4.890096485614777e-01, 4.890096485614777e-01]
hea4.m_flow=[0e+00, -4.890096485614777e-01, -4.890096485614777e-01, -4.890096485614777e-01, -4.890096485614777e-01, -4.890096485614777e-01, -4.890096485614777e-01, -4.890096485614777e-01, -4.890096485614777e-01, -4.890096485614777e-01, -4.890096485614777e-01, -4.890096485614777e-01, -4.890096485614777e-01, -4.890096485614777e-01, -4.890096485614777e-01, -4.890096485614777e-01, -4.890096485614777e-01, -4.890096485614777e-01, -4.890096485614777e-01, -4.890096485614777e-01, -4.890096485614777e-01, -4.890096485614777e-01, -4.890096485614777e-01, -4.890096485614777e-01, -4.890096485614777e-01, -4.890096485614777e-01, -4.890096485614777e-01, -4.890096485614777e-01, -4.890096485614777e-01, -4.890096485614777e-01, -4.890096485614777e-01, -4.890096485614777e-01, -4.890096485614777e-01, -4.890096485614777e-01, -4.890096485614777e-01, -4.890096485614777e-01, -4.890096485614777e-01, -4.890096485614777e-01, -4.890096485614777e-01, -4.890096485614777e-01, -4.890096485614777e-01, -4.890096485614777e-01, -4.890096485614777e-01, -4.890096485614777e-01, -4.890096485614777e-01, -4.890096485614777e-01, -4.890096485614777e-01, -4.890096485614777e-01, -4.890096485614777e-01, -4.890096485614777e-01, -4.890096485614777e-01, -4.890096485614777e-01, -4.890096485614777e-01, -4.890096485614777e-01, -4.890096485614777e-01, -4.890096485614777e-01, -4.890096485614777e-01, -4.890096485614777e-01, -4.890096485614777e-01, -4.890096485614777e-01, -4.890096485614777e-01, -4.890096485614777e-01, -4.890096485614777e-01, -4.890096485614777e-01, -4.890096485614777e-01, -4.890096485614777e-01, -4.890096485614777e-01, -4.890096485614777e-01, -4.890096485614777e-01, -4.890096485614777e-01, -4.890096485614777e-01, -4.890096485614777e-01, -4.890096485614777e-01, -4.890096485614777e-01, -4.890096485614777e-01, -4.890096485614777e-01, -4.890096485614777e-01, -4.890096485614777e-01, -4.890096485614777e-01, -4.890096485614777e-01, -4.890096485614777e-01, -4.890096485614777e-01, -4.890096485614777e-01, -4.890096485614777e-01, -4.890096485614777e-01, -4.890096485614777e-01, -4.890096485614777e-01, -4.890096485614777e-01, -4.890096485614777e-01, -4.890096485614777e-01, -4.890096485614777e-01, -4.890096485614777e-01, -4.890096485614777e-01, -4.890096485614777e-01, -4.890096485614777e-01, -4.890096485614777e-01, -4.890096485614777e-01, -4.890096485614777e-01, -4.890096485614777e-01, -4.890096485614777e-01, -4.890096485614777e-01]
hea5.sta_b.T=[2.931499938964844e+02, 2.931428833007812e+02, 2.930924682617188e+02, 2.930425720214844e+02, 2.929928588867188e+02, 2.929432067871094e+02, 2.928935852050781e+02, 2.928439331054688e+02, 2.927943115234375e+02, 2.927446899414062e+02, 2.92695068359375e+02, 2.926454467773438e+02, 2.925958251953125e+02, 2.925462036132812e+02, 2.9249658203125e+02, 2.924469604492188e+02, 2.923973388671875e+02, 2.923477172851562e+02, 2.922981262207031e+02, 2.922485046386719e+02, 2.921988830566406e+02, 2.921492919921875e+02, 2.920996704101562e+02, 2.920500793457031e+02, 2.9200048828125e+02, 2.919508666992188e+02, 2.919012756347656e+02, 2.918516845703125e+02, 2.918020935058594e+02, 2.917525024414062e+02, 2.91702880859375e+02, 2.916533203125e+02, 2.916037292480469e+02, 2.915541381835938e+02, 2.915045471191406e+02, 2.914549560546875e+02, 2.914053649902344e+02, 2.913558044433594e+02, 2.913062133789062e+02, 2.912566528320312e+02, 2.912070617675781e+02, 2.911575012207031e+02, 2.9110791015625e+02, 2.91058349609375e+02, 2.910087890625e+02, 2.909591979980469e+02, 2.909096374511719e+02, 2.908600769042969e+02, 2.908105163574219e+02, 2.907609558105469e+02, 2.907113952636719e+02, 2.906618347167969e+02, 2.906122741699219e+02, 2.90562744140625e+02, 2.9051318359375e+02, 2.90463623046875e+02, 2.904140930175781e+02, 2.903645324707031e+02, 2.903150024414062e+02, 2.902654418945312e+02, 2.902159118652344e+02, 2.901663513183594e+02, 2.901168212890625e+02, 2.900672912597656e+02, 2.900177612304688e+02, 2.899682312011719e+02, 2.89918701171875e+02, 2.89869140625e+02, 2.898196411132812e+02, 2.897701110839844e+02, 2.897205810546875e+02, 2.896710510253906e+02, 2.896215209960938e+02, 2.89572021484375e+02, 2.895224914550781e+02, 2.894729614257812e+02, 2.894234619140625e+02, 2.893739318847656e+02, 2.893244323730469e+02, 2.892749328613281e+02, 2.892254028320312e+02, 2.891759033203125e+02, 2.891264038085938e+02, 2.89076904296875e+02, 2.890274047851562e+02, 2.889779052734375e+02, 2.889284057617188e+02, 2.8887890625e+02, 2.888294067382812e+02, 2.887799072265625e+02, 2.887304077148438e+02, 2.88680908203125e+02, 2.886314392089844e+02, 2.885819396972656e+02, 2.88532470703125e+02, 2.884829711914062e+02, 2.884335021972656e+02, 2.883840026855469e+02, 2.883345336914062e+02, 2.882850646972656e+02, 2.88235595703125e+02]
hea5.sta_a.T=[2.931499938964844e+02, 2.931939086914062e+02, 2.931925659179688e+02, 2.931918640136719e+02, 2.931915588378906e+02, 2.931914672851562e+02, 2.9319140625e+02, 2.9319140625e+02, 2.9319140625e+02, 2.931913757324219e+02, 2.931913757324219e+02, 2.931913757324219e+02, 2.931913757324219e+02, 2.931913757324219e+02, 2.931913757324219e+02, 2.931913757324219e+02, 2.931913757324219e+02, 2.931913757324219e+02, 2.931913757324219e+02, 2.931913757324219e+02, 2.931913757324219e+02, 2.931913757324219e+02, 2.931913757324219e+02, 2.931913757324219e+02, 2.931913757324219e+02, 2.931913757324219e+02, 2.931913757324219e+02, 2.931913757324219e+02, 2.931913757324219e+02, 2.931913757324219e+02, 2.931913757324219e+02, 2.931913757324219e+02, 2.931913757324219e+02, 2.931913757324219e+02, 2.931913757324219e+02, 2.931913757324219e+02, 2.931913757324219e+02, 2.931913757324219e+02, 2.931913757324219e+02, 2.931913757324219e+02, 2.931913757324219e+02, 2.931913757324219e+02, 2.931913757324219e+02, 2.931913757324219e+02, 2.931913757324219e+02, 2.931913757324219e+02, 2.931913757324219e+02, 2.931913757324219e+02, 2.931913757324219e+02, 2.931913757324219e+02, 2.931913757324219e+02, 2.931913757324219e+02, 2.931913757324219e+02, 2.931913757324219e+02, 2.931913757324219e+02, 2.931913757324219e+02, 2.931913757324219e+02, 2.931913757324219e+02, 2.931913757324219e+02, 2.931913757324219e+02, 2.931913757324219e+02, 2.931913757324219e+02, 2.931913757324219e+02, 2.931913757324219e+02, 2.931913757324219e+02, 2.931913757324219e+02, 2.931913757324219e+02, 2.931913757324219e+02, 2.931913757324219e+02, 2.931913757324219e+02, 2.931913757324219e+02, 2.931913757324219e+02, 2.931913757324219e+02, 2.931913757324219e+02, 2.931913757324219e+02, 2.931913757324219e+02, 2.931913757324219e+02, 2.931913757324219e+02, 2.931913757324219e+02, 2.931913757324219e+02, 2.931913757324219e+02, 2.931913757324219e+02, 2.931913757324219e+02, 2.931913757324219e+02, 2.931913757324219e+02, 2.931913757324219e+02, 2.931913757324219e+02, 2.931913757324219e+02, 2.931913757324219e+02, 2.931913757324219e+02, 2.931913757324219e+02, 2.931913757324219e+02, 2.931913757324219e+02, 2.931913757324219e+02, 2.931913757324219e+02, 2.931913757324219e+02, 2.931913757324219e+02, 2.931913757324219e+02, 2.931913757324219e+02, 2.931913757324219e+02, 2.931913757324219e+02]
hea6.sta_b.T=[2.931499938964844e+02, 2.931428833007812e+02, 2.930924682617188e+02, 2.930425720214844e+02, 2.929928588867188e+02, 2.929432067871094e+02, 2.928935852050781e+02, 2.928439331054688e+02, 2.927943115234375e+02, 2.927446899414062e+02, 2.92695068359375e+02, 2.926454467773438e+02, 2.925958251953125e+02, 2.925462036132812e+02, 2.9249658203125e+02, 2.924469604492188e+02, 2.923973388671875e+02, 2.923477172851562e+02, 2.922981262207031e+02, 2.922485046386719e+02, 2.921988830566406e+02, 2.921492919921875e+02, 2.920996704101562e+02, 2.920500793457031e+02, 2.9200048828125e+02, 2.919508666992188e+02, 2.919012756347656e+02, 2.918516845703125e+02, 2.918020935058594e+02, 2.917525024414062e+02, 2.91702880859375e+02, 2.916533203125e+02, 2.916037292480469e+02, 2.915541381835938e+02, 2.915045471191406e+02, 2.914549560546875e+02, 2.914053649902344e+02, 2.913558044433594e+02, 2.913062133789062e+02, 2.912566528320312e+02, 2.912070617675781e+02, 2.911575012207031e+02, 2.9110791015625e+02, 2.91058349609375e+02, 2.910087890625e+02, 2.909591979980469e+02, 2.909096374511719e+02, 2.908600769042969e+02, 2.908105163574219e+02, 2.907609558105469e+02, 2.907113952636719e+02, 2.906618347167969e+02, 2.906122741699219e+02, 2.90562744140625e+02, 2.9051318359375e+02, 2.90463623046875e+02, 2.904140930175781e+02, 2.903645324707031e+02, 2.903150024414062e+02, 2.902654418945312e+02, 2.902159118652344e+02, 2.901663513183594e+02, 2.901168212890625e+02, 2.900672912597656e+02, 2.900177612304688e+02, 2.899682312011719e+02, 2.89918701171875e+02, 2.89869140625e+02, 2.898196411132812e+02, 2.897701110839844e+02, 2.897205810546875e+02, 2.896710510253906e+02, 2.896215209960938e+02, 2.89572021484375e+02, 2.895224914550781e+02, 2.894729614257812e+02, 2.894234619140625e+02, 2.893739318847656e+02, 2.893244323730469e+02, 2.892749328613281e+02, 2.892254028320312e+02, 2.891759033203125e+02, 2.891264038085938e+02, 2.89076904296875e+02, 2.890274047851562e+02, 2.889779052734375e+02, 2.889284057617188e+02, 2.8887890625e+02, 2.888294067382812e+02, 2.887799072265625e+02, 2.887304077148438e+02, 2.88680908203125e+02, 2.886314392089844e+02, 2.885819396972656e+02, 2.88532470703125e+02, 2.884829711914062e+02, 2.884335021972656e+02, 2.883840026855469e+02, 2.883345336914062e+02, 2.882850646972656e+02, 2.88235595703125e+02]
hea7.sta_a.T=[2.931499938964844e+02, 2.931946716308594e+02, 2.931941528320312e+02, 2.931936645507812e+02, 2.931934509277344e+02, 2.931933288574219e+02, 2.931932983398438e+02, 2.931932678222656e+02, 2.931932678222656e+02, 2.931932678222656e+02, 2.931932678222656e+02, 2.931932678222656e+02, 2.931932678222656e+02, 2.931932678222656e+02, 2.931932678222656e+02, 2.931932678222656e+02, 2.931932678222656e+02, 2.931932678222656e+02, 2.931932678222656e+02, 2.931932678222656e+02, 2.931932678222656e+02, 2.931932678222656e+02, 2.931932678222656e+02, 2.931932678222656e+02, 2.931932678222656e+02, 2.931932678222656e+02, 2.931932678222656e+02, 2.931932678222656e+02, 2.931932678222656e+02, 2.931932678222656e+02, 2.931932678222656e+02, 2.931932678222656e+02, 2.931932678222656e+02, 2.931932678222656e+02, 2.931932678222656e+02, 2.931932678222656e+02, 2.931932678222656e+02, 2.931932678222656e+02, 2.931932678222656e+02, 2.931932678222656e+02, 2.931932678222656e+02, 2.931932678222656e+02, 2.931932678222656e+02, 2.931932678222656e+02, 2.931932678222656e+02, 2.931932678222656e+02, 2.931932678222656e+02, 2.931932678222656e+02, 2.931932678222656e+02, 2.931932678222656e+02, 2.931932678222656e+02, 2.931932678222656e+02, 2.931932678222656e+02, 2.931932678222656e+02, 2.931932678222656e+02, 2.931932678222656e+02, 2.931932678222656e+02, 2.931932678222656e+02, 2.931932678222656e+02, 2.931932678222656e+02, 2.931932678222656e+02, 2.931932678222656e+02, 2.931932678222656e+02, 2.931932678222656e+02, 2.931932678222656e+02, 2.931932678222656e+02, 2.931932678222656e+02, 2.931932678222656e+02, 2.931932678222656e+02, 2.931932678222656e+02, 2.931932678222656e+02, 2.931932678222656e+02, 2.931932678222656e+02, 2.931932678222656e+02, 2.931932678222656e+02, 2.931932678222656e+02, 2.931932678222656e+02, 2.931932678222656e+02, 2.931932678222656e+02, 2.931932678222656e+02, 2.931932678222656e+02, 2.931932678222656e+02, 2.931932678222656e+02, 2.931932678222656e+02, 2.931932678222656e+02, 2.931932678222656e+02, 2.931932678222656e+02, 2.931932678222656e+02, 2.931932678222656e+02, 2.931932678222656e+02, 2.931932678222656e+02, 2.931932678222656e+02, 2.931932678222656e+02, 2.931932678222656e+02, 2.931932678222656e+02, 2.931932678222656e+02, 2.931932678222656e+02, 2.931932678222656e+02, 2.931932678222656e+02, 2.931932678222656e+02, 2.931932678222656e+02]
hea7.sta_b.T=[2.931499938964844e+02, 2.931437072753906e+02, 2.930921325683594e+02, 2.930411376953125e+02, 2.929902954101562e+02, 2.929395141601562e+02, 2.928887634277344e+02, 2.928380126953125e+02, 2.927872619628906e+02, 2.927365417480469e+02, 2.92685791015625e+02, 2.926350402832031e+02, 2.925843200683594e+02, 2.925335693359375e+02, 2.924828491210938e+02, 2.924320983886719e+02, 2.923813781738281e+02, 2.923306579589844e+02, 2.922799377441406e+02, 2.922291870117188e+02, 2.92178466796875e+02, 2.921277465820312e+02, 2.920770263671875e+02, 2.920263061523438e+02, 2.919755859375e+02, 2.919248962402344e+02, 2.918741760253906e+02, 2.918234558105469e+02, 2.917727661132812e+02, 2.917220458984375e+02, 2.916713256835938e+02, 2.916206359863281e+02, 2.915699462890625e+02, 2.915192260742188e+02, 2.914685363769531e+02, 2.914178466796875e+02, 2.913671569824219e+02, 2.913164367675781e+02, 2.912657470703125e+02, 2.912150573730469e+02, 2.911643676757812e+02, 2.911136779785156e+02, 2.910630187988281e+02, 2.910123291015625e+02, 2.909616394042969e+02, 2.909109497070312e+02, 2.908602905273438e+02, 2.908096008300781e+02, 2.907589416503906e+02, 2.90708251953125e+02, 2.906575927734375e+02, 2.9060693359375e+02, 2.905562438964844e+02, 2.905055847167969e+02, 2.904549255371094e+02, 2.904042663574219e+02, 2.903536071777344e+02, 2.903029479980469e+02, 2.902522888183594e+02, 2.902016296386719e+02, 2.901509704589844e+02, 2.90100341796875e+02, 2.900496826171875e+02, 2.899990234375e+02, 2.899483947753906e+02, 2.898977355957031e+02, 2.898471069335938e+02, 2.897964477539062e+02, 2.897458190917969e+02, 2.896951904296875e+02, 2.8964453125e+02, 2.895939025878906e+02, 2.895432739257812e+02, 2.894926452636719e+02, 2.894420166015625e+02, 2.893913879394531e+02, 2.893407592773438e+02, 2.892901306152344e+02, 2.89239501953125e+02, 2.891889038085938e+02, 2.891382751464844e+02, 2.89087646484375e+02, 2.890370483398438e+02, 2.889864196777344e+02, 2.889358215332031e+02, 2.888852233886719e+02, 2.888345947265625e+02, 2.887839965820312e+02, 2.887333984375e+02, 2.886828002929688e+02, 2.886321716308594e+02, 2.885815734863281e+02, 2.885309753417969e+02, 2.884803771972656e+02, 2.884298095703125e+02, 2.883792114257812e+02, 2.8832861328125e+02, 2.882780151367188e+02, 2.882274475097656e+02, 2.881768493652344e+02, 2.881262817382812e+02]
hea8.sta_a.T=[2.931499938964844e+02, 2.931499938964844e+02, 2.931499938964844e+02, 2.931499938964844e+02, 2.931499938964844e+02, 2.931499938964844e+02, 2.931499938964844e+02, 2.931499938964844e+02, 2.931499938964844e+02, 2.931499938964844e+02, 2.931499938964844e+02, 2.931499938964844e+02, 2.931499938964844e+02, 2.931499938964844e+02, 2.931499938964844e+02, 2.931499938964844e+02, 2.931499938964844e+02, 2.931499938964844e+02, 2.931499938964844e+02, 2.931499938964844e+02, 2.931499938964844e+02, 2.931499938964844e+02, 2.931499938964844e+02, 2.931499938964844e+02, 2.931499938964844e+02, 2.931499938964844e+02, 2.931499938964844e+02, 2.931499938964844e+02, 2.931499938964844e+02, 2.931499938964844e+02, 2.931499938964844e+02, 2.931499938964844e+02, 2.931499938964844e+02, 2.931499938964844e+02, 2.931499938964844e+02, 2.931499938964844e+02, 2.931499938964844e+02, 2.931499938964844e+02, 2.931499938964844e+02, 2.931499938964844e+02, 2.931499938964844e+02, 2.931499938964844e+02, 2.931499938964844e+02, 2.931499938964844e+02, 2.931499938964844e+02, 2.931499938964844e+02, 2.931499938964844e+02, 2.931499938964844e+02, 2.931499938964844e+02, 2.931499938964844e+02, 2.931499938964844e+02, 2.931499938964844e+02, 2.931499938964844e+02, 2.931499938964844e+02, 2.931499938964844e+02, 2.931499938964844e+02, 2.931499938964844e+02, 2.931499938964844e+02, 2.931499938964844e+02, 2.931499938964844e+02, 2.931499938964844e+02, 2.931499938964844e+02, 2.931499938964844e+02, 2.931499938964844e+02, 2.931499938964844e+02, 2.931499938964844e+02, 2.931499938964844e+02, 2.931499938964844e+02, 2.931499938964844e+02, 2.931499938964844e+02, 2.931499938964844e+02, 2.931499938964844e+02, 2.931499938964844e+02, 2.931499938964844e+02, 2.931499938964844e+02, 2.931499938964844e+02, 2.931499938964844e+02, 2.931499938964844e+02, 2.931499938964844e+02, 2.931499938964844e+02, 2.931499938964844e+02, 2.931499938964844e+02, 2.931499938964844e+02, 2.931499938964844e+02, 2.931499938964844e+02, 2.931499938964844e+02, 2.931499938964844e+02, 2.931499938964844e+02, 2.931499938964844e+02, 2.931499938964844e+02, 2.931499938964844e+02, 2.931499938964844e+02, 2.931499938964844e+02, 2.931499938964844e+02, 2.931499938964844e+02, 2.931499938964844e+02, 2.931499938964844e+02, 2.931499938964844e+02, 2.931499938964844e+02, 2.931499938964844e+02, 2.931499938964844e+02]
hea8.sta_b.T=[2.931499938964844e+02, 2.931437072753906e+02, 2.930921325683594e+02, 2.930411376953125e+02, 2.929902954101562e+02, 2.929395141601562e+02, 2.928887634277344e+02, 2.928380126953125e+02, 2.927872619628906e+02, 2.927365417480469e+02, 2.92685791015625e+02, 2.926350402832031e+02, 2.925843200683594e+02, 2.925335693359375e+02, 2.924828491210938e+02, 2.924320983886719e+02, 2.923813781738281e+02, 2.923306579589844e+02, 2.922799377441406e+02, 2.922291870117188e+02, 2.92178466796875e+02, 2.921277465820312e+02, 2.920770263671875e+02, 2.920263061523438e+02, 2.919755859375e+02, 2.919248962402344e+02, 2.918741760253906e+02, 2.918234558105469e+02, 2.917727661132812e+02, 2.917220458984375e+02, 2.916713256835938e+02, 2.916206359863281e+02, 2.915699462890625e+02, 2.915192260742188e+02, 2.914685363769531e+02, 2.914178466796875e+02, 2.913671569824219e+02, 2.913164367675781e+02, 2.912657470703125e+02, 2.912150573730469e+02, 2.911643676757812e+02, 2.911136779785156e+02, 2.910630187988281e+02, 2.910123291015625e+02, 2.909616394042969e+02, 2.909109497070312e+02, 2.908602905273438e+02, 2.908096008300781e+02, 2.907589416503906e+02, 2.90708251953125e+02, 2.906575927734375e+02, 2.9060693359375e+02, 2.905562438964844e+02, 2.905055847167969e+02, 2.904549255371094e+02, 2.904042663574219e+02, 2.903536071777344e+02, 2.903029479980469e+02, 2.902522888183594e+02, 2.902016296386719e+02, 2.901509704589844e+02, 2.90100341796875e+02, 2.900496826171875e+02, 2.899990234375e+02, 2.899483947753906e+02, 2.898977355957031e+02, 2.898471069335938e+02, 2.897964477539062e+02, 2.897458190917969e+02, 2.896951904296875e+02, 2.8964453125e+02, 2.895939025878906e+02, 2.895432739257812e+02, 2.894926452636719e+02, 2.894420166015625e+02, 2.893913879394531e+02, 2.893407592773438e+02, 2.892901306152344e+02, 2.89239501953125e+02, 2.891889038085938e+02, 2.891382751464844e+02, 2.89087646484375e+02, 2.890370483398438e+02, 2.889864196777344e+02, 2.889358215332031e+02, 2.888852233886719e+02, 2.888345947265625e+02, 2.887839965820312e+02, 2.887333984375e+02, 2.886828002929688e+02, 2.886321716308594e+02, 2.885815734863281e+02, 2.885309753417969e+02, 2.884803771972656e+02, 2.884298095703125e+02, 2.883792114257812e+02, 2.8832861328125e+02, 2.882780151367188e+02, 2.882274475097656e+02, 2.881768493652344e+02, 2.881262817382812e+02]
mix2.T=[2.931499938964844e+02, 2.931437072753906e+02, 2.930921325683594e+02, 2.930411376953125e+02, 2.929902954101562e+02, 2.929395141601562e+02, 2.928887634277344e+02, 2.928380126953125e+02, 2.927872619628906e+02, 2.927365417480469e+02, 2.92685791015625e+02, 2.926350402832031e+02, 2.925843200683594e+02, 2.925335693359375e+02, 2.924828491210938e+02, 2.924320983886719e+02, 2.923813781738281e+02, 2.923306579589844e+02, 2.922799377441406e+02, 2.922291870117188e+02, 2.92178466796875e+02, 2.921277465820312e+02, 2.920770263671875e+02, 2.920263061523438e+02, 2.919755859375e+02, 2.919248962402344e+02, 2.918741760253906e+02, 2.918234558105469e+02, 2.917727661132812e+02, 2.917220458984375e+02, 2.916713256835938e+02, 2.916206359863281e+02, 2.915699462890625e+02, 2.915192260742188e+02, 2.914685363769531e+02, 2.914178466796875e+02, 2.913671569824219e+02, 2.913164367675781e+02, 2.912657470703125e+02, 2.912150573730469e+02, 2.911643676757812e+02, 2.911136779785156e+02, 2.910630187988281e+02, 2.910123291015625e+02, 2.909616394042969e+02, 2.909109497070312e+02, 2.908602905273438e+02, 2.908096008300781e+02, 2.907589416503906e+02, 2.90708251953125e+02, 2.906575927734375e+02, 2.9060693359375e+02, 2.905562438964844e+02, 2.905055847167969e+02, 2.904549255371094e+02, 2.904042663574219e+02, 2.903536071777344e+02, 2.903029479980469e+02, 2.902522888183594e+02, 2.902016296386719e+02, 2.901509704589844e+02, 2.90100341796875e+02, 2.900496826171875e+02, 2.899990234375e+02, 2.899483947753906e+02, 2.898977355957031e+02, 2.898471069335938e+02, 2.897964477539062e+02, 2.897458190917969e+02, 2.896951904296875e+02, 2.8964453125e+02, 2.895939025878906e+02, 2.895432739257812e+02, 2.894926452636719e+02, 2.894420166015625e+02, 2.893913879394531e+02, 2.893407592773438e+02, 2.892901306152344e+02, 2.89239501953125e+02, 2.891889038085938e+02, 2.891382751464844e+02, 2.89087646484375e+02, 2.890370483398438e+02, 2.889864196777344e+02, 2.889358215332031e+02, 2.888852233886719e+02, 2.888345947265625e+02, 2.887839965820312e+02, 2.887333984375e+02, 2.886828002929688e+02, 2.886321716308594e+02, 2.885815734863281e+02, 2.885309753417969e+02, 2.884803771972656e+02, 2.884298095703125e+02, 2.883792114257812e+02, 2.8832861328125e+02, 2.882780151367188e+02, 2.882274475097656e+02, 2.881768493652344e+02, 2.881262817382812e+02]
hea5.m_flow=[0e+00, -5e-01, -5e-01, -5e-01, -5e-01, -5e-01, -5e-01, -5e-01, -5e-01, -5e-01, -5e-01, -5e-01, -5e-01, -5e-01, -5e-01, -5e-01, -5e-01, -5e-01, -5e-01, -5e-01, -5e-01, -5e-01, -5e-01, -5e-01, -5e-01, -5e-01, -5e-01, -5e-01, -5e-01, -5e-01, -5e-01, -5e-01, -5e-01, -5e-01, -5e-01, -5e-01, -5e-01, -5e-01, -5e-01, -5e-01, -5e-01, -5e-01, -5e-01, -5e-01, -5e-01, -5e-01, -5e-01, -5e-01, -5e-01, -5e-01, -5e-01, -5e-01, -5e-01, -5e-01, -5e-01, -5e-01, -5e-01, -5e-01, -5e-01, -5e-01, -5e-01, -5e-01, -5e-01, -5e-01, -5e-01, -5e-01, -5e-01, -5e-01, -5e-01, -5e-01, -5e-01, -5e-01, -5e-01, -5e-01, -5e-01, -5e-01, -5e-01, -5e-01, -5e-01, -5e-01, -5e-01, -5e-01, -5e-01, -5e-01, -5e-01, -5e-01, -5e-01, -5e-01, -5e-01, -5e-01, -5e-01, -5e-01, -5e-01, -5e-01, -5e-01, -5e-01, -5e-01, -5e-01, -5e-01, -5e-01, -5e-01]
hea6.m_flow=[7.071067690849304e-01, 5e-01, 5e-01, 5e-01, 5e-01, 5e-01, 5e-01, 5e-01, 5e-01, 5e-01, 5e-01, 5e-01, 5e-01, 5e-01, 5e-01, 5e-01, 5e-01, 5e-01, 5e-01, 5e-01, 5e-01, 5e-01, 5e-01, 5e-01, 5e-01, 5e-01, 5e-01, 5e-01, 5e-01, 5e-01, 5e-01, 5e-01, 5e-01, 5e-01, 5e-01, 5e-01, 5e-01, 5e-01, 5e-01, 5e-01, 5e-01, 5e-01, 5e-01, 5e-01, 5e-01, 5e-01, 5e-01, 5e-01, 5e-01, 5e-01, 5e-01, 5e-01, 5e-01, 5e-01, 5e-01, 5e-01, 5e-01, 5e-01, 5e-01, 5e-01, 5e-01, 5e-01, 5e-01, 5e-01, 5e-01, 5e-01, 5e-01, 5e-01, 5e-01, 5e-01, 5e-01, 5e-01, 5e-01, 5e-01, 5e-01, 5e-01, 5e-01, 5e-01, 5e-01, 5e-01, 5e-01, 5e-01, 5e-01, 5e-01, 5e-01, 5e-01, 5e-01, 5e-01, 5e-01, 5e-01, 5e-01, 5e-01, 5e-01, 5e-01, 5e-01, 5e-01, 5e-01, 5e-01, 5e-01, 5e-01, 5e-01]
hea7.m_flow=[0e+00, -4.890096485614777e-01, -4.890096485614777e-01, -4.890096485614777e-01, -4.890096485614777e-01, -4.890096485614777e-01, -4.890096485614777e-01, -4.890096485614777e-01, -4.890096485614777e-01, -4.890096485614777e-01, -4.890096485614777e-01, -4.890096485614777e-01, -4.890096485614777e-01, -4.890096485614777e-01, -4.890096485614777e-01, -4.890096485614777e-01, -4.890096485614777e-01, -4.890096485614777e-01, -4.890096485614777e-01, -4.890096485614777e-01, -4.890096485614777e-01, -4.890096485614777e-01, -4.890096485614777e-01, -4.890096485614777e-01, -4.890096485614777e-01, -4.890096485614777e-01, -4.890096485614777e-01, -4.890096485614777e-01, -4.890096485614777e-01, -4.890096485614777e-01, -4.890096485614777e-01, -4.890096485614777e-01, -4.890096485614777e-01, -4.890096485614777e-01, -4.890096485614777e-01, -4.890096485614777e-01, -4.890096485614777e-01, -4.890096485614777e-01, -4.890096485614777e-01, -4.890096485614777e-01, -4.890096485614777e-01, -4.890096485614777e-01, -4.890096485614777e-01, -4.890096485614777e-01, -4.890096485614777e-01, -4.890096485614777e-01, -4.890096485614777e-01, -4.890096485614777e-01, -4.890096485614777e-01, -4.890096485614777e-01, -4.890096485614777e-01, -4.890096485614777e-01, -4.890096485614777e-01, -4.890096485614777e-01, -4.890096485614777e-01, -4.890096485614777e-01, -4.890096485614777e-01, -4.890096485614777e-01, -4.890096485614777e-01, -4.890096485614777e-01, -4.890096485614777e-01, -4.890096485614777e-01, -4.890096485614777e-01, -4.890096485614777e-01, -4.890096485614777e-01, -4.890096485614777e-01, -4.890096485614777e-01, -4.890096485614777e-01, -4.890096485614777e-01, -4.890096485614777e-01, -4.890096485614777e-01, -4.890096485614777e-01, -4.890096485614777e-01, -4.890096485614777e-01, -4.890096485614777e-01, -4.890096485614777e-01, -4.890096485614777e-01, -4.890096485614777e-01, -4.890096485614777e-01, -4.890096485614777e-01, -4.890096485614777e-01, -4.890096485614777e-01, -4.890096485614777e-01, -4.890096485614777e-01, -4.890096485614777e-01, -4.890096485614777e-01, -4.890096485614777e-01, -4.890096485614777e-01, -4.890096485614777e-01, -4.890096485614777e-01, -4.890096485614777e-01, -4.890096485614777e-01, -4.890096485614777e-01, -4.890096485614777e-01, -4.890096485614777e-01, -4.890096485614777e-01, -4.890096485614777e-01, -4.890096485614777e-01, -4.890096485614777e-01, -4.890096485614777e-01, -4.890096485614777e-01]
hea8.m_flow=[7.071067690849304e-01, 4.890096485614777e-01, 4.890096485614777e-01, 4.890096485614777e-01, 4.890096485614777e-01, 4.890096485614777e-01, 4.890096485614777e-01, 4.890096485614777e-01, 4.890096485614777e-01, 4.890096485614777e-01, 4.890096485614777e-01, 4.890096485614777e-01, 4.890096485614777e-01, 4.890096485614777e-01, 4.890096485614777e-01, 4.890096485614777e-01, 4.890096485614777e-01, 4.890096485614777e-01, 4.890096485614777e-01, 4.890096485614777e-01, 4.890096485614777e-01, 4.890096485614777e-01, 4.890096485614777e-01, 4.890096485614777e-01, 4.890096485614777e-01, 4.890096485614777e-01, 4.890096485614777e-01, 4.890096485614777e-01, 4.890096485614777e-01, 4.890096485614777e-01, 4.890096485614777e-01, 4.890096485614777e-01, 4.890096485614777e-01, 4.890096485614777e-01, 4.890096485614777e-01, 4.890096485614777e-01, 4.890096485614777e-01, 4.890096485614777e-01, 4.890096485614777e-01, 4.890096485614777e-01, 4.890096485614777e-01, 4.890096485614777e-01, 4.890096485614777e-01, 4.890096485614777e-01, 4.890096485614777e-01, 4.890096485614777e-01, 4.890096485614777e-01, 4.890096485614777e-01, 4.890096485614777e-01, 4.890096485614777e-01, 4.890096485614777e-01, 4.890096485614777e-01, 4.890096485614777e-01, 4.890096485614777e-01, 4.890096485614777e-01, 4.890096485614777e-01, 4.890096485614777e-01, 4.890096485614777e-01, 4.890096485614777e-01, 4.890096485614777e-01, 4.890096485614777e-01, 4.890096485614777e-01, 4.890096485614777e-01, 4.890096485614777e-01, 4.890096485614777e-01, 4.890096485614777e-01, 4.890096485614777e-01, 4.890096485614777e-01, 4.890096485614777e-01, 4.890096485614777e-01, 4.890096485614777e-01, 4.890096485614777e-01, 4.890096485614777e-01, 4.890096485614777e-01, 4.890096485614777e-01, 4.890096485614777e-01, 4.890096485614777e-01, 4.890096485614777e-01, 4.890096485614777e-01, 4.890096485614777e-01, 4.890096485614777e-01, 4.890096485614777e-01, 4.890096485614777e-01, 4.890096485614777e-01, 4.890096485614777e-01, 4.890096485614777e-01, 4.890096485614777e-01, 4.890096485614777e-01, 4.890096485614777e-01, 4.890096485614777e-01, 4.890096485614777e-01, 4.890096485614777e-01, 4.890096485614777e-01, 4.890096485614777e-01, 4.890096485614777e-01, 4.890096485614777e-01, 4.890096485614777e-01, 4.890096485614777e-01, 4.890096485614777e-01, 4.890096485614777e-01, 4.890096485614777e-01]
che1.y=[0e+00, 0e+00, 0e+00, 0e+00, 0e+00, 0e+00, 0e+00, 0e+00, 0e+00, 0e+00, 0e+00, 0e+00, 0e+00, 0e+00, 0e+00, 0e+00, 0e+00, 0e+00, 0e+00, 0e+00, 0e+00, 0e+00, 0e+00, 0e+00, 0e+00, 0e+00, 0e+00, 0e+00, 0e+00, 0e+00, 0e+00, 0e+00, 0e+00, 0e+00, 0e+00, 0e+00, 0e+00, 0e+00, 0e+00, 0e+00, 0e+00, 0e+00, 0e+00, 0e+00, 0e+00, 0e+00, 0e+00, 0e+00, 0e+00, 0e+00, 0e+00, 0e+00, 0e+00, 0e+00, 0e+00, 0e+00, 0e+00, 0e+00, 0e+00, 0e+00, 0e+00, 0e+00, 0e+00, 0e+00, 0e+00, 0e+00, 0e+00, 0e+00, 0e+00, 0e+00, 0e+00, 0e+00, 0e+00, 0e+00, 0e+00, 0e+00, 0e+00, 0e+00, 0e+00, 0e+00, 0e+00, 0e+00, 0e+00, 0e+00, 0e+00, 0e+00, 0e+00, 0e+00, 0e+00, 0e+00, 0e+00, 0e+00, 0e+00, 0e+00, 0e+00, 0e+00, 0e+00, 0e+00, 0e+00, 0e+00, 0e+00]
che2.y=[0e+00, 4.390367120504379e-02, 4.256286099553108e-02, 4.186908155679703e-02, 4.157168790698051e-02, 4.14557158946991e-02, 4.141291975975037e-02, 4.1398074477911e-02, 4.139262437820435e-02, 4.139082878828049e-02, 4.139004275202751e-02, 4.138962179422379e-02, 4.138959944248199e-02, 4.13898192346096e-02, 4.138989746570587e-02, 4.138980805873871e-02, 4.138978570699692e-02, 4.13898378610611e-02, 4.13898304104805e-02, 4.138976335525513e-02, 4.138972982764244e-02, 4.138973727822304e-02, 4.138976335525513e-02, 4.138980060815811e-02, 4.13898192346096e-02, 4.138987138867378e-02, 4.138991236686707e-02, 4.138988256454468e-02, 4.138992726802826e-02, 4.138996452093124e-02, 4.138993844389915e-02, 4.138989746570587e-02, 4.138989001512527e-02, 4.138987138867378e-02, 4.13898341357708e-02, 4.138981178402901e-02, 4.138980060815811e-02, 4.138979688286781e-02, 4.138979688286781e-02, 4.138979688286781e-02, 4.138980060815811e-02, 4.138980433344841e-02, 4.138980805873871e-02, 4.138981178402901e-02, 4.138981178402901e-02, 4.138981550931931e-02, 4.138981178402901e-02, 4.138981178402901e-02, 4.138981550931931e-02, 4.13898229598999e-02, 4.13898341357708e-02, 4.138984158635139e-02, 4.138984903693199e-02, 4.138985648751259e-02, 4.138986393809319e-02, 4.138986766338348e-02, 4.138986766338348e-02, 4.138986766338348e-02, 4.138986393809319e-02, 4.138985276222229e-02, 4.138984158635139e-02, 4.13898229598999e-02, 4.13898229598999e-02, 4.13898229598999e-02, 4.13898266851902e-02, 4.13898266851902e-02, 4.13898304104805e-02, 4.13898304104805e-02, 4.13898304104805e-02, 4.13898304104805e-02, 4.13898304104805e-02, 4.13898266851902e-02, 4.13898229598999e-02, 4.13898192346096e-02, 4.138981550931931e-02, 4.138980805873871e-02, 4.138980805873871e-02, 4.138980805873871e-02, 4.138980805873871e-02, 4.138980433344841e-02, 4.138980433344841e-02, 4.138980433344841e-02, 4.138980433344841e-02, 4.138980433344841e-02, 4.138980433344841e-02, 4.138980433344841e-02, 4.138980433344841e-02, 4.138980433344841e-02, 4.138980433344841e-02, 4.138980433344841e-02, 4.138980433344841e-02, 4.138980060815811e-02, 4.138980060815811e-02, 4.138980060815811e-02, 4.138980060815811e-02, 4.138979688286781e-02, 4.138979688286781e-02, 4.138979688286781e-02, 4.138979688286781e-02, 4.138979688286781e-02, 4.138979688286781e-02]
che3.y=[0e+00, 3.557943273335695e-09, 3.491379629849689e-09, 3.470631781965494e-09, 3.464208475634223e-09, 3.462105269136373e-09, 3.461366304691182e-09, 3.461082087596878e-09, 3.460854713921435e-09, 3.460684183664853e-09, 3.460684183664853e-09, 3.46051365340827e-09, 3.46045680998941e-09, 3.460229436313966e-09, 3.460172592895105e-09, 3.460058906057384e-09, 3.459945219219662e-09, 3.45977468896308e-09, 3.459717845544219e-09, 3.459604158706497e-09, 3.459490471868776e-09, 3.459319941612193e-09, 3.459206254774472e-09, 3.45909256793675e-09, 3.458978881099029e-09, 3.458865194261307e-09, 3.458751507423585e-09, 3.458637820585864e-09, 3.458467290329281e-09, 3.45835360349156e-09, 3.458239916653838e-09, 3.458183073234977e-09, 3.458012542978395e-09, 3.457898856140673e-09, 3.457785169302952e-09, 3.45767148246523e-09, 3.457500952208648e-09, 3.457387265370926e-09, 3.457330421952065e-09, 3.457216735114343e-09, 3.457103048276622e-09, 3.456932518020039e-09, 3.456818831182318e-09, 3.456761987763457e-09, 3.456591457506875e-09, 3.456420927250292e-09, 3.456364083831431e-09, 3.45625039699371e-09, 3.456079866737127e-09, 3.455966179899406e-09, 3.455852493061684e-09, 3.455738806223962e-09, 3.455625119386241e-09, 3.455511432548519e-09, 3.455397745710798e-09, 3.455284058873076e-09, 3.455170372035354e-09, 3.454999841778772e-09, 3.454942998359911e-09, 3.45482931152219e-09, 3.454658781265607e-09, 3.454545094427885e-09, 3.454488251009025e-09, 3.454317720752442e-09, 3.454204033914721e-09, 3.454090347076999e-09, 3.453976660239277e-09, 3.453862973401556e-09, 3.453692443144973e-09, 3.453635599726113e-09, 3.453521912888391e-09, 3.453351382631809e-09, 3.453294539212948e-09, 3.453124008956365e-09, 3.453067165537504e-09, 3.452896635280922e-09, 3.4527829484432e-09, 3.452669261605479e-09, 3.452498731348896e-09, 3.452385044511175e-09, 3.452271357673453e-09, 3.452214514254592e-09, 3.452100827416871e-09, 3.451930297160288e-09, 3.451816610322567e-09, 3.451702923484845e-09, 3.451589236647123e-09, 3.451475549809402e-09, 3.45136186297168e-09, 3.451191332715098e-09, 3.451134489296237e-09, 3.450963959039655e-09, 3.450850272201933e-09, 3.450793428783072e-09, 3.45062289852649e-09, 3.450509211688768e-09, 3.450452368269907e-09, 3.450281838013325e-09, 3.450168151175603e-09, 3.450054464337882e-09, 3.44994077750016e-09]
che4.y=[0e+00, 4.466001689434052e-02, 4.413881525397301e-02, 4.367668554186821e-02, 4.343881458044052e-02, 4.333628341555595e-02, 4.329546913504601e-02, 4.328092560172081e-02, 4.327526316046715e-02, 4.327337071299553e-02, 4.32724617421627e-02, 4.327183589339256e-02, 4.32717390358448e-02, 4.327208921313286e-02, 4.327229410409927e-02, 4.327221214771271e-02, 4.327216371893883e-02, 4.32722382247448e-02, 4.327224940061569e-02, 4.327218607068062e-02, 4.327214509248734e-02, 4.327214509248734e-02, 4.327216744422913e-02, 4.327220469713211e-02, 4.32722270488739e-02, 4.327228665351868e-02, 4.327233880758286e-02, 4.327230527997017e-02, 4.327235743403435e-02, 4.327240213751793e-02, 4.327237233519554e-02, 4.327232390642166e-02, 4.327232018113136e-02, 4.327229410409927e-02, 4.327224940061569e-02, 4.32722233235836e-02, 4.327220469713211e-02, 4.327220469713211e-02, 4.327220097184181e-02, 4.327219724655151e-02, 4.327220469713211e-02, 4.327220842242241e-02, 4.327221214771271e-02, 4.327221587300301e-02, 4.32722195982933e-02, 4.32722195982933e-02, 4.32722195982933e-02, 4.327221587300301e-02, 4.32722195982933e-02, 4.32722307741642e-02, 4.32722419500351e-02, 4.327224940061569e-02, 4.327225685119629e-02, 4.327226802706718e-02, 4.327227175235748e-02, 4.327227547764778e-02, 4.327227920293808e-02, 4.327227547764778e-02, 4.327227175235748e-02, 4.327226430177689e-02, 4.327224940061569e-02, 4.32722307741642e-02, 4.32722307741642e-02, 4.32722307741642e-02, 4.32722344994545e-02, 4.32722344994545e-02, 4.32722382247448e-02, 4.32722382247448e-02, 4.32722382247448e-02, 4.32722382247448e-02, 4.32722382247448e-02, 4.32722344994545e-02, 4.32722307741642e-02, 4.32722270488739e-02, 4.32722233235836e-02, 4.327221587300301e-02, 4.327221587300301e-02, 4.327221587300301e-02, 4.327221214771271e-02, 4.327221214771271e-02, 4.327221214771271e-02, 4.327221214771271e-02, 4.327221214771271e-02, 4.327220842242241e-02, 4.327220842242241e-02, 4.327220842242241e-02, 4.327220842242241e-02, 4.327220842242241e-02, 4.327220842242241e-02, 4.327220842242241e-02, 4.327220842242241e-02, 4.327220842242241e-02, 4.327220842242241e-02, 4.327220469713211e-02, 4.327220469713211e-02, 4.327220469713211e-02, 4.327220469713211e-02, 4.327220469713211e-02, 4.327220097184181e-02, 4.327220097184181e-02, 4.327220097184181e-02]
che5.y=[0e+00, 0e+00, 0e+00, 0e+00, 0e+00, 0e+00, 0e+00, 0e+00, 0e+00, 0e+00, 0e+00, 0e+00, 0e+00, 0e+00, 0e+00, 0e+00, 0e+00, 0e+00, 0e+00, 0e+00, 0e+00, 0e+00, 0e+00, 0e+00, 0e+00, 0e+00, 0e+00, 0e+00, 0e+00, 0e+00, 0e+00, 0e+00, 0e+00, 0e+00, 0e+00, 0e+00, 0e+00, 0e+00, 0e+00, 0e+00, 0e+00, 0e+00, 0e+00, 0e+00, 0e+00, 0e+00, 0e+00, 0e+00, 0e+00, 0e+00, 0e+00, 0e+00, 0e+00, 0e+00, 0e+00, 0e+00, 0e+00, 0e+00, 0e+00, 0e+00, 0e+00, 0e+00, 0e+00, 0e+00, 0e+00, 0e+00, 0e+00, 0e+00, 0e+00, 0e+00, 0e+00, 0e+00, 0e+00, 0e+00, 0e+00, 0e+00, 0e+00, 0e+00, 0e+00, 0e+00, 0e+00, 0e+00, 0e+00, 0e+00, 0e+00, 0e+00, 0e+00, 0e+00, 0e+00, 0e+00, 0e+00, 0e+00, 0e+00, 0e+00, 0e+00, 0e+00, 0e+00, 0e+00, 0e+00, 0e+00, 0e+00]
che6.y=[0e+00, -4.390367120504379e-02, -4.256286099553108e-02, -4.186908155679703e-02, -4.157168790698051e-02, -4.14557158946991e-02, -4.141291975975037e-02, -4.1398074477911e-02, -4.139262437820435e-02, -4.139082878828049e-02, -4.139004275202751e-02, -4.138962179422379e-02, -4.138959944248199e-02, -4.13898192346096e-02, -4.138989746570587e-02, -4.138980805873871e-02, -4.138978570699692e-02, -4.13898378610611e-02, -4.13898304104805e-02, -4.138976335525513e-02, -4.138972982764244e-02, -4.138973727822304e-02, -4.138976335525513e-02, -4.138980060815811e-02, -4.13898192346096e-02, -4.138987138867378e-02, -4.138991236686707e-02, -4.138988256454468e-02, -4.138992726802826e-02, -4.138996452093124e-02, -4.138993844389915e-02, -4.138989746570587e-02, -4.138989001512527e-02, -4.138987138867378e-02, -4.13898341357708e-02, -4.138981178402901e-02, -4.138980060815811e-02, -4.138979688286781e-02, -4.138979688286781e-02, -4.138979688286781e-02, -4.138980060815811e-02, -4.138980433344841e-02, -4.138980805873871e-02, -4.138981178402901e-02, -4.138981178402901e-02, -4.138981550931931e-02, -4.138981178402901e-02, -4.138981178402901e-02, -4.138981550931931e-02, -4.13898229598999e-02, -4.13898341357708e-02, -4.138984158635139e-02, -4.138984903693199e-02, -4.138985648751259e-02, -4.138986393809319e-02, -4.138986766338348e-02, -4.138986766338348e-02, -4.138986766338348e-02, -4.138986393809319e-02, -4.138985276222229e-02, -4.138984158635139e-02, -4.13898229598999e-02, -4.13898229598999e-02, -4.13898229598999e-02, -4.13898266851902e-02, -4.13898266851902e-02, -4.13898304104805e-02, -4.13898304104805e-02, -4.13898304104805e-02, -4.13898304104805e-02, -4.13898304104805e-02, -4.13898266851902e-02, -4.13898229598999e-02, -4.13898192346096e-02, -4.138981550931931e-02, -4.138980805873871e-02, -4.138980805873871e-02, -4.138980805873871e-02, -4.138980805873871e-02, -4.138980433344841e-02, -4.138980433344841e-02, -4.138980433344841e-02, -4.138980433344841e-02, -4.138980433344841e-02, -4.138980433344841e-02, -4.138980433344841e-02, -4.138980433344841e-02, -4.138980433344841e-02, -4.138980433344841e-02, -4.138980433344841e-02, -4.138980433344841e-02, -4.138980060815811e-02, -4.138980060815811e-02, -4.138980060815811e-02, -4.138980060815811e-02, -4.138979688286781e-02, -4.138979688286781e-02, -4.138979688286781e-02, -4.138979688286781e-02, -4.138979688286781e-02, -4.138979688286781e-02]
che7.y=[0e+00, 1.401195959260804e-08, 1.824787432269659e-09, -2.713193225645227e-09, 1.156251983047696e-09, -3.696300154842902e-09, -1.155905238192645e-08, 9.749783203005778e-10, -5.398533176048659e-09, -3.316188212920679e-09, -4.008654741483042e-09, 7.920556299723103e-08, 1.078615241567604e-08, -1.775447344698478e-09, -3.460002062638523e-09, -3.459945219219662e-09, -3.459661002125358e-09, -3.459604158706497e-09, -3.459604158706497e-09, -3.459490471868776e-09, -3.459263098193333e-09, -3.459149411355611e-09, -3.459035724517889e-09, -3.458922037680168e-09, -3.458808350842446e-09, -3.458694664004724e-09, -3.458637820585864e-09, -3.458467290329281e-09, -3.45841044691042e-09, -3.45841044691042e-09, -3.458296760072699e-09, -3.458183073234977e-09, -3.458012542978395e-09, -3.457898856140673e-09, -3.457728325884091e-09, -3.457614639046369e-09, -3.457387265370926e-09, -3.457273578533204e-09, -3.457159891695483e-09, -3.4569893614389e-09, -3.456875674601179e-09, -3.456761987763457e-09, -3.456591457506875e-09, -3.456477770669153e-09, -3.456364083831431e-09, -3.45625039699371e-09, -3.456136710155988e-09, -3.456079866737127e-09, -3.455909336480545e-09, -3.455738806223962e-09, -3.45556827596738e-09, -3.455454589129658e-09, -3.455284058873076e-09, -3.455113528616494e-09, -3.454999841778772e-09, -3.45482931152219e-09, -3.454715624684468e-09, -3.454601937846746e-09, -3.454545094427885e-09, -3.454431407590164e-09, -3.454374564171303e-09, -3.454374564171303e-09, -3.454260877333581e-09, -3.45414719049586e-09, -3.454090347076999e-09, -3.453919816820417e-09, -3.453806129982695e-09, -3.453692443144973e-09, -3.453578756307252e-09, -3.45346506946953e-09, -3.453294539212948e-09, -3.453237695794087e-09, -3.453124008956365e-09, -3.453067165537504e-09, -3.452953478699783e-09, -3.452839791862061e-09, -3.4527829484432e-09, -3.452612418186618e-09, -3.452555574767757e-09, -3.452441887930036e-09, -3.452271357673453e-09, -3.452157670835732e-09, -3.45204398399801e-09, -3.451873453741428e-09, -3.451759766903706e-09, -3.451702923484845e-09, -3.451532393228263e-09, -3.451418706390541e-09, -3.451248176133959e-09, -3.451134489296237e-09, -3.450963959039655e-09, -3.450850272201933e-09, -3.450793428783072e-09, -3.450679741945351e-09, -3.450566055107629e-09, -3.450452368269907e-09, -3.450338681432186e-09, -3.450224994594464e-09, -3.450111307756742e-09, -3.449997620919021e-09, -3.449883934081299e-09]
che8.y=[0e+00, -4.465920850634575e-02, -4.413856565952301e-02, -4.367660731077194e-02, -4.343879222869873e-02, -4.333627596497536e-02, -4.329546540975571e-02, -4.328092560172081e-02, -4.327525943517685e-02, -4.327337071299553e-02, -4.32724617421627e-02, -4.327183589339256e-02, -4.32717390358448e-02, -4.327208921313286e-02, -4.327229410409927e-02, -4.327221214771271e-02, -4.327216371893883e-02, -4.32722382247448e-02, -4.327224940061569e-02, -4.327218607068062e-02, -4.327214509248734e-02, -4.327214509248734e-02, -4.327216744422913e-02, -4.327220469713211e-02, -4.32722270488739e-02, -4.327228665351868e-02, -4.327233880758286e-02, -4.327230527997017e-02, -4.327235743403435e-02, -4.327240213751793e-02, -4.327237233519554e-02, -4.327232390642166e-02, -4.327232018113136e-02, -4.327229410409927e-02, -4.327224940061569e-02, -4.32722233235836e-02, -4.327220469713211e-02, -4.327220469713211e-02, -4.327220097184181e-02, -4.327220097184181e-02, -4.327220469713211e-02, -4.327220842242241e-02, -4.327221214771271e-02, -4.327221587300301e-02, -4.32722195982933e-02, -4.32722195982933e-02, -4.32722195982933e-02, -4.327221587300301e-02, -4.32722195982933e-02, -4.32722307741642e-02, -4.32722419500351e-02, -4.327224940061569e-02, -4.327226057648659e-02, -4.327226802706718e-02, -4.327227175235748e-02, -4.327227547764778e-02, -4.327227920293808e-02, -4.327227547764778e-02, -4.327227175235748e-02, -4.327226430177689e-02, -4.327224940061569e-02, -4.32722307741642e-02, -4.32722307741642e-02, -4.32722307741642e-02, -4.32722344994545e-02, -4.32722344994545e-02, -4.32722382247448e-02, -4.32722382247448e-02, -4.32722382247448e-02, -4.32722382247448e-02, -4.32722382247448e-02, -4.32722344994545e-02, -4.32722307741642e-02, -4.32722270488739e-02, -4.32722233235836e-02, -4.327221587300301e-02, -4.327221587300301e-02, -4.327221587300301e-02, -4.327221214771271e-02, -4.327221214771271e-02, -4.327221214771271e-02, -4.327221214771271e-02, -4.327221214771271e-02, -4.327220842242241e-02, -4.327220842242241e-02, -4.327220842242241e-02, -4.327220842242241e-02, -4.327220842242241e-02, -4.327220842242241e-02, -4.327220842242241e-02, -4.327220842242241e-02, -4.327220842242241e-02, -4.327220842242241e-02, -4.327220469713211e-02, -4.327220469713211e-02, -4.327220469713211e-02, -4.327220469713211e-02, -4.327220469713211e-02, -4.327220097184181e-02, -4.327220097184181e-02, -4.327220097184181e-02]
che9.y=[0e+00, 0e+00, 0e+00, 0e+00, 0e+00, 0e+00, 0e+00, 0e+00, 0e+00, 0e+00, 0e+00, 0e+00, 0e+00, 0e+00, 5.684341886080757e-14, 0e+00, 0e+00, 0e+00, 0e+00, 0e+00, 0e+00, 0e+00, 0e+00, 0e+00, 0e+00, 0e+00, 0e+00, -5.684341886080891e-14, -5.684341886080801e-14, 0e+00, 0e+00, 0e+00, 0e+00, 5.684341886080801e-14, 5.684341886080801e-14, 5.684341886080801e-14, 0e+00, 0e+00, 5.684341886080801e-14, 5.684341886080801e-14, 0e+00, 0e+00, -5.684341886080801e-14, -5.684341886080801e-14, -5.684341886080801e-14, -5.684341886080801e-14, 0e+00, -5.684341886080801e-14, -5.684341886080801e-14, -5.684341886080801e-14, -1.13686837721616e-13, -1.13686837721616e-13, -1.70530256582424e-13, -2.273736754432321e-13, -1.705302565824258e-13, -2.273736754432321e-13, -2.273736754432321e-13, -2.273736754432321e-13, -1.70530256582424e-13, -1.70530256582424e-13, -1.13686837721616e-13, -1.13686837721616e-13, 0e+00, -5.684341886080801e-14, -1.13686837721616e-13, -5.684341886080801e-14, -5.684341886080801e-14, -5.684341886080801e-14, -5.684341886080801e-14, -1.13686837721616e-13, -5.684341886080801e-14, -1.13686837721616e-13, -5.684341886080801e-14, -5.684341886080801e-14, -5.684341886080801e-14, -5.684341886080801e-14, 0e+00, 0e+00, 0e+00, 0e+00, 0e+00, 0e+00, 0e+00, 0e+00, 0e+00, 0e+00, 0e+00, 0e+00, 0e+00, -5.684341886080801e-14, 0e+00, 0e+00, 0e+00, -5.684341886080801e-14, 0e+00, 0e+00, 5.684341886080801e-14, 0e+00, 0e+00, 0e+00, 0e+00]
che10.y=[0e+00, 8.068730039667571e-07, 2.48500498400972e-07, 7.497595788663602e-08, 2.329574044779292e-08, 7.479968644474866e-09, 2.918682184827048e-09, 8.420215635851485e-10, 3.383888724783901e-10, 6.804157237638719e-11, 1.235207491845358e-10, 4.318394530855585e-10, 5.310312189976685e-10, 2.573301571828779e-10, 1.705302565822575e-13, -7.105427357601002e-12, 5.019273885409348e-11, 6.480149750132114e-12, -3.359446054673754e-11, -2.819433575496078e-11, 2.216893335571513e-12, 1.529087967355736e-11, 1.455191522836685e-11, 7.389644451905042e-13, -1.966782292583957e-11, -5.280753612169065e-11, -7.599965101690032e-11, -5.54223333892878e-11, -6.696154741803188e-11, -6.986056177993305e-11, -4.001776687800884e-11, -5.286437954055145e-12, 4.376943252282217e-12, 5.74118530494161e-12, -3.353761712787673e-12, -1.767830326571129e-11, -4.149569576838985e-11, -7.531752999057062e-11, -9.350742402602918e-11, -9.129053069045767e-11, -5.74118530494161e-11, -3.848299456876703e-11, -5.485389920067973e-11, -6.826894605183043e-11, -7.156586434575729e-11, -5.786660040030256e-11, -2.012257027672604e-11, 4.871480996371247e-11, 2.614797267597169e-11, -5.121592039358802e-11, -1.323883225268219e-10, -2.123670128639787e-10, -2.8632030080189e-10, -3.49075435224222e-10, -3.957438821089456e-10, -4.213234205963091e-10, -4.208118298265616e-10, -3.892637323588133e-10, -3.217337507521734e-10, -2.131628207280301e-10, -5.849187800777145e-11, 1.470539245929103e-10, 1.740545485517941e-10, 1.500666257925332e-10, 1.267608240596019e-10, 1.050466380547732e-10, 8.571987564209849e-11, 6.957634468562901e-11, 5.752553988713771e-11, 5.03632691106759e-11, 4.89421836391557e-11, 5.405809133662842e-11, 6.656364348600619e-11, 8.72546479513403e-11, 1.170405994344037e-10, 1.566604623803869e-10, 1.529656401544344e-10, 1.431885721103754e-10, 1.325020093645435e-10, 1.20792265079217e-10, 1.081730260921177e-10, 9.447376214666292e-11, 7.980816008057445e-11, 6.411937647499144e-11, 4.746425474877469e-11, 2.972910806420259e-11, 1.097077984013595e-11, -8.924416761146858e-12, -2.984279490192421e-11, -5.17843545821961e-11, -5.24664756085258e-11, -5.32054400537163e-11, -5.394440449890681e-11, -5.46265255252365e-11, -5.525180313270539e-11, -5.587708074017428e-11, -5.661604518536478e-11, -5.724132279283367e-11, -5.780975698144175e-11, -5.837819117004983e-11, -5.900346877751872e-11]
che11.y=[0e+00, 0e+00, 0e+00, 0e+00, 0e+00, 0e+00, 0e+00, 0e+00, 0e+00, 0e+00, 0e+00, 0e+00, 0e+00, 0e+00, 0e+00, 0e+00, 0e+00, 0e+00, 0e+00, 0e+00, 0e+00, 0e+00, 0e+00, 0e+00, 0e+00, 0e+00, 0e+00, 0e+00, 0e+00, 0e+00, 0e+00, 0e+00, 0e+00, 0e+00, 0e+00, 0e+00, 0e+00, 0e+00, 0e+00, 0e+00, 0e+00, 0e+00, 0e+00, 0e+00, 0e+00, 0e+00, 0e+00, 0e+00, 0e+00, 0e+00, 0e+00, 0e+00, 0e+00, 0e+00, 0e+00, 0e+00, 0e+00, 0e+00, 0e+00, 0e+00, 0e+00, 0e+00, 0e+00, 0e+00, 0e+00, 0e+00, 0e+00, 0e+00, 0e+00, 0e+00, 0e+00, 0e+00, 0e+00, 0e+00, 0e+00, 0e+00, 0e+00, 0e+00, 0e+00, 0e+00, 0e+00, 0e+00, 0e+00, 0e+00, 0e+00, 0e+00, 0e+00, 0e+00, 0e+00, 0e+00, 0e+00, 0e+00, 0e+00, 0e+00, 0e+00, 0e+00, 0e+00, 0e+00, 0e+00, 0e+00, 0e+00]
che12.y=[0e+00, -5.625091489491751e-06, -1.152680670202244e-05, -1.45735384649015e-05, -1.587827864568681e-05, -1.63868007803103e-05, -1.657439679547679e-05, -1.663947296037804e-05, -1.666335992922541e-05, -1.667122523940634e-05, -1.667465949140023e-05, -1.667649485170841e-05, -1.667660399107262e-05, -1.667564720264636e-05, -1.66753106896067e-05, -1.667569085839204e-05, -1.667579635977745e-05, -1.66755671671126e-05, -1.667560536589008e-05, -1.667589640419465e-05, -1.667603646637872e-05, -1.667601281951647e-05, -1.667589094722643e-05, -1.667573633312713e-05, -1.667564356466755e-05, -1.667541800998151e-05, -1.667523974901997e-05, -1.667537071625702e-05, -1.667517608439084e-05, -1.667501601332333e-05, -1.667513424763456e-05, -1.667531250859611e-05, -1.667533615545835e-05, -1.667542710492853e-05, -1.667558535700664e-05, -1.667567266849801e-05, -1.667573087615892e-05, -1.667573815211654e-05, -1.667575088504236e-05, -1.667574906605296e-05, -1.667573451413773e-05, -1.66757181432331e-05, -1.667570177232847e-05, -1.667568540142383e-05, -1.667567448748741e-05, -1.66756690305192e-05, -1.667567084950861e-05, -1.667568722041324e-05, -1.66756672115298e-05, -1.667562719376292e-05, -1.667558717599604e-05, -1.667554715822916e-05, -1.667551077844109e-05, -1.667547803663183e-05, -1.667545257078018e-05, -1.667543619987555e-05, -1.667542892391793e-05, -1.667543619987555e-05, -1.667545620875899e-05, -1.667549440753646e-05, -1.667555079620797e-05, -1.667562719376292e-05, -1.667563628870994e-05, -1.667562537477352e-05, -1.66756162798265e-05, -1.667560718487948e-05, -1.667560172791127e-05, -1.667559808993246e-05, -1.667559627094306e-05, -1.667559808993246e-05, -1.667560354690067e-05, -1.667561082285829e-05, -1.667562355578411e-05, -1.667563992668875e-05, -1.667566175456159e-05, -1.667568903940264e-05, -1.667569449637085e-05, -1.667569813434966e-05, -1.667570177232847e-05, -1.667570541030727e-05, -1.667570904828608e-05, -1.667571086727548e-05, -1.667571268626489e-05, -1.667571450525429e-05, -1.667571632424369e-05, -1.66757181432331e-05, -1.66757181432331e-05, -1.66757181432331e-05, -1.667571632424369e-05, -1.667571450525429e-05, -1.66757199622225e-05, -1.667572360020131e-05, -1.667572723818012e-05, -1.667573087615892e-05, -1.667573451413773e-05, -1.667573815211654e-05, -1.667573997110594e-05, -1.667574360908475e-05, -1.667574542807415e-05, -1.667574906605296e-05, -1.667575088504236e-05]
che13.y=[0e+00, -9.62991839048577e-13, -1.26119080456899e-12, -1.353561360217803e-12, -1.381955314072592e-12, -1.390720871796702e-12, -1.393270915306388e-12, -1.394320423009354e-12, -1.394573692636847e-12, -1.394691653833213e-12, -1.394681245492357e-12, -1.394630938511554e-12, -1.394630938511554e-12, -1.394698592727117e-12, -1.394724613579257e-12, -1.394722878855781e-12, -1.394724613579257e-12, -1.394729817749685e-12, -1.394735021920113e-12, -1.394735021920113e-12, -1.394728083026209e-12, -1.394728083026209e-12, -1.394728083026209e-12, -1.394728083026209e-12, -1.394731552473161e-12, -1.394733287196637e-12, -1.394736756643589e-12, -1.394736756643589e-12, -1.394736756643589e-12, -1.394738491367065e-12, -1.394733287196637e-12, -1.394728083026209e-12, -1.394726348302733e-12, -1.394726348302733e-12, -1.394729817749685e-12, -1.394726348302733e-12, -1.394726348302733e-12, -1.394728083026209e-12, -1.394726348302733e-12, -1.394728083026209e-12, -1.394726348302733e-12, -1.394726348302733e-12, -1.394726348302733e-12, -1.394728083026209e-12, -1.394728083026209e-12, -1.394726348302733e-12, -1.394728083026209e-12, -1.394728083026209e-12, -1.394726348302733e-12, -1.394726348302733e-12, -1.394724613579257e-12, -1.394724613579257e-12, -1.394724613579257e-12, -1.394722878855781e-12, -1.394724613579257e-12, -1.394722878855781e-12, -1.394726348302733e-12, -1.394724613579257e-12, -1.394726348302733e-12, -1.394728083026209e-12, -1.394726348302733e-12, -1.394731552473161e-12, -1.394733287196637e-12, -1.394733287196637e-12, -1.394733287196637e-12, -1.394731552473161e-12, -1.394731552473161e-12, -1.394729817749685e-12, -1.394729817749685e-12, -1.394731552473161e-12, -1.394731552473161e-12, -1.394729817749685e-12, -1.394729817749685e-12, -1.394728083026209e-12, -1.394729817749685e-12, -1.394729817749685e-12, -1.394726348302733e-12, -1.394726348302733e-12, -1.394726348302733e-12, -1.394724613579257e-12, -1.394724613579257e-12, -1.394724613579257e-12, -1.394726348302733e-12, -1.394724613579257e-12, -1.394724613579257e-12, -1.394724613579257e-12, -1.394724613579257e-12, -1.394726348302733e-12, -1.394722878855781e-12, -1.394728083026209e-12, -1.394728083026209e-12, -1.394726348302733e-12, -1.394726348302733e-12, -1.394724613579257e-12, -1.394726348302733e-12, -1.394726348302733e-12, -1.394726348302733e-12, -1.394724613579257e-12, -1.394724613579257e-12, -1.394724613579257e-12, -1.394724613579257e-12]
che14.y=[0e+00, -5.714250164601253e-06, -1.18477100841119e-05, -1.509658704890171e-05, -1.652449282119051e-05, -1.7095804651035e-05, -1.73123389686225e-05, -1.738966602715664e-05, -1.741856613080017e-05, -1.742840140650515e-05, -1.743259599606972e-05, -1.743473330861889e-05, -1.743494794936851e-05, -1.743401844578329e-05, -1.743368557072245e-05, -1.743407665344421e-05, -1.743419488775544e-05, -1.743396569509059e-05, -1.743399843689986e-05, -1.743428583722562e-05, -1.74344313563779e-05, -1.743441498547327e-05, -1.743429857015144e-05, -1.743414213706274e-05, -1.743404391163494e-05, -1.743381108099129e-05, -1.743362190609332e-05, -1.743375287333038e-05, -1.743354914651718e-05, -1.743338361848146e-05, -1.743350185279269e-05, -1.743368557072245e-05, -1.74337110365741e-05, -1.743380562402308e-05, -1.74339711520588e-05, -1.743406573950779e-05, -1.743412940413691e-05, -1.743413849908393e-05, -1.743415305099916e-05, -1.743415305099916e-05, -1.743413849908393e-05, -1.743412030918989e-05, -1.743410575727466e-05, -1.743408938637003e-05, -1.743407847243361e-05, -1.7434071196476e-05, -1.74340748344548e-05, -1.743408756738063e-05, -1.743406755849719e-05, -1.743402935971972e-05, -1.743398934195284e-05, -1.743395114317536e-05, -1.743391476338729e-05, -1.743388384056743e-05, -1.743385837471578e-05, -1.743384200381115e-05, -1.743383654684294e-05, -1.743384200381115e-05, -1.743386383168399e-05, -1.743390021147206e-05, -1.743395296216477e-05, -1.743402754073031e-05, -1.743403481668793e-05, -1.743402572174091e-05, -1.743401662679389e-05, -1.743400935083628e-05, -1.743400207487866e-05, -1.743399843689986e-05, -1.743399843689986e-05, -1.743399843689986e-05, -1.743400389386807e-05, -1.743401298881508e-05, -1.743402390275151e-05, -1.743404027365614e-05, -1.743406210152898e-05, -1.743408756738063e-05, -1.743409484333824e-05, -1.743409848131705e-05, -1.743410211929586e-05, -1.743410393828526e-05, -1.743410757626407e-05, -1.743411121424288e-05, -1.743411303323228e-05, -1.743411485222168e-05, -1.743411667121109e-05, -1.743411667121109e-05, -1.743411667121109e-05, -1.743411667121109e-05, -1.743411667121109e-05, -1.743411485222168e-05, -1.743411849020049e-05, -1.74341221281793e-05, -1.743412758514751e-05, -1.743413122312631e-05, -1.743413486110512e-05, -1.743413668009453e-05, -1.743414031807333e-05, -1.743414395605214e-05, -1.743414577504154e-05, -1.743414759403095e-05, -1.743415123200975e-05]
che15.y=[0e+00, 0e+00, 0e+00, 0e+00, 0e+00, 0e+00, 0e+00, 0e+00, 0e+00, 0e+00, 0e+00, 0e+00, 0e+00, 0e+00, 0e+00, 0e+00, 0e+00, 0e+00, 0e+00, 0e+00, 0e+00, 0e+00, 0e+00, 0e+00, 0e+00, 0e+00, 0e+00, 0e+00, 0e+00, 0e+00, 0e+00, 0e+00, 0e+00, 0e+00, 0e+00, 0e+00, 0e+00, 0e+00, 0e+00, 0e+00, 0e+00, 0e+00, 0e+00, 0e+00, 0e+00, 0e+00, 0e+00, 0e+00, 0e+00, 0e+00, 0e+00, 0e+00, 0e+00, 0e+00, 0e+00, 0e+00, 0e+00, 0e+00, 0e+00, 0e+00, 0e+00, 0e+00, 0e+00, 0e+00, 0e+00, 0e+00, 0e+00, 0e+00, 0e+00, 0e+00, 0e+00, 0e+00, 0e+00, 0e+00, 0e+00, 0e+00, 0e+00, 0e+00, 0e+00, 0e+00, 0e+00, 0e+00, 0e+00, 0e+00, 0e+00, 0e+00, 0e+00, 0e+00, 0e+00, 0e+00, 0e+00, 0e+00, 0e+00, 0e+00, 0e+00, 0e+00, 0e+00, 0e+00, 0e+00, 0e+00, 0e+00]
che16.y=[0e+00, 5.625091489491751e-06, 1.152680670202244e-05, 1.45735384649015e-05, 1.587827864568681e-05, 1.63868007803103e-05, 1.657439679547679e-05, 1.663947296037804e-05, 1.666335992922541e-05, 1.667122523940634e-05, 1.667465949140023e-05, 1.667649485170841e-05, 1.667660399107262e-05, 1.667564720264636e-05, 1.66753106896067e-05, 1.667569085839204e-05, 1.667579635977745e-05, 1.66755671671126e-05, 1.667560536589008e-05, 1.667589640419465e-05, 1.667603646637872e-05, 1.667601281951647e-05, 1.667589094722643e-05, 1.667573633312713e-05, 1.667564356466755e-05, 1.667541800998151e-05, 1.667523974901997e-05, 1.667537071625702e-05, 1.667517608439084e-05, 1.667501601332333e-05, 1.667513424763456e-05, 1.667531250859611e-05, 1.667533615545835e-05, 1.667542710492853e-05, 1.667558535700664e-05, 1.667567266849801e-05, 1.667573087615892e-05, 1.667573815211654e-05, 1.667575088504236e-05, 1.667574906605296e-05, 1.667573451413773e-05, 1.66757181432331e-05, 1.667570177232847e-05, 1.667568540142383e-05, 1.667567448748741e-05, 1.66756690305192e-05, 1.667567084950861e-05, 1.667568722041324e-05, 1.66756672115298e-05, 1.667562719376292e-05, 1.667558717599604e-05, 1.667554715822916e-05, 1.667551077844109e-05, 1.667547803663183e-05, 1.667545257078018e-05, 1.667543619987555e-05, 1.667542892391793e-05, 1.667543619987555e-05, 1.667545620875899e-05, 1.667549440753646e-05, 1.667555079620797e-05, 1.667562719376292e-05, 1.667563628870994e-05, 1.667562537477352e-05, 1.66756162798265e-05, 1.667560718487948e-05, 1.667560172791127e-05, 1.667559808993246e-05, 1.667559627094306e-05, 1.667559808993246e-05, 1.667560354690067e-05, 1.667561082285829e-05, 1.667562355578411e-05, 1.667563992668875e-05, 1.667566175456159e-05, 1.667568903940264e-05, 1.667569449637085e-05, 1.667569813434966e-05, 1.667570177232847e-05, 1.667570541030727e-05, 1.667570904828608e-05, 1.667571086727548e-05, 1.667571268626489e-05, 1.667571450525429e-05, 1.667571632424369e-05, 1.66757181432331e-05, 1.66757181432331e-05, 1.66757181432331e-05, 1.667571632424369e-05, 1.667571450525429e-05, 1.66757199622225e-05, 1.667572360020131e-05, 1.667572723818012e-05, 1.667573087615892e-05, 1.667573451413773e-05, 1.667573815211654e-05, 1.667573997110594e-05, 1.667574360908475e-05, 1.667574542807415e-05, 1.667574906605296e-05, 1.667575088504236e-05]
che17.y=[0e+00, 9.631809239074585e-13, 1.261187335122038e-12, 1.353544012983043e-12, 1.38195184462564e-12, 1.390654952304615e-12, 1.393213669431681e-12, 1.394292667433739e-12, 1.394497364803904e-12, 1.394622264894174e-12, 1.394627469064602e-12, 1.395479218291307e-12, 1.394684714939309e-12, 1.394565019019467e-12, 1.394663898257598e-12, 1.394672571874978e-12, 1.394637877405458e-12, 1.394660428810646e-12, 1.394676041321929e-12, 1.394674306598453e-12, 1.394665632981074e-12, 1.394665632981074e-12, 1.394665632981074e-12, 1.394662163534122e-12, 1.394662163534122e-12, 1.394662163534122e-12, 1.39466736770455e-12, 1.39466736770455e-12, 1.394676041321929e-12, 1.394684714939309e-12, 1.394688184386261e-12, 1.394698592727117e-12, 1.394698592727117e-12, 1.394695123280165e-12, 1.394684714939309e-12, 1.394679510768881e-12, 1.394670837151502e-12, 1.394665632981074e-12, 1.394660428810646e-12, 1.394656959363694e-12, 1.39465869408717e-12, 1.39465869408717e-12, 1.394651755193266e-12, 1.39465002046979e-12, 1.394648285746314e-12, 1.39465002046979e-12, 1.394655224640218e-12, 1.394660428810646e-12, 1.39465869408717e-12, 1.394648285746314e-12, 1.394639612128934e-12, 1.394630938511554e-12, 1.394620530170698e-12, 1.394617060723746e-12, 1.394608387106366e-12, 1.394604917659414e-12, 1.394604917659414e-12, 1.394608387106366e-12, 1.394613591276794e-12, 1.394625734341126e-12, 1.394637877405458e-12, 1.394660428810646e-12, 1.394665632981074e-12, 1.394662163534122e-12, 1.394663898257598e-12, 1.394660428810646e-12, 1.394662163534122e-12, 1.394663898257598e-12, 1.394665632981074e-12, 1.394665632981074e-12, 1.394670837151502e-12, 1.394676041321929e-12, 1.394679510768881e-12, 1.394686449662785e-12, 1.394698592727117e-12, 1.394707266344497e-12, 1.394710735791449e-12, 1.394710735791449e-12, 1.394710735791449e-12, 1.394714205238401e-12, 1.394710735791449e-12, 1.394710735791449e-12, 1.394709001067973e-12, 1.394705531621021e-12, 1.394703796897545e-12, 1.394698592727117e-12, 1.394691653833213e-12, 1.394686449662785e-12, 1.394677776045405e-12, 1.394672571874978e-12, 1.394677776045405e-12, 1.394679510768881e-12, 1.394684714939309e-12, 1.394688184386261e-12, 1.394691653833213e-12, 1.394693388556689e-12, 1.394696858003641e-12, 1.394700327450593e-12, 1.394702062174069e-12, 1.394705531621021e-12, 1.394709001067973e-12]
che18.y=[0e+00, 5.714250164601253e-06, 1.18477100841119e-05, 1.509658704890171e-05, 1.652449282119051e-05, 1.7095804651035e-05, 1.73123389686225e-05, 1.738966602715664e-05, 1.741856613080017e-05, 1.742840140650515e-05, 1.743259599606972e-05, 1.743473330861889e-05, 1.743494794936851e-05, 1.743401844578329e-05, 1.743368557072245e-05, 1.743407665344421e-05, 1.743419488775544e-05, 1.743396569509059e-05, 1.743399843689986e-05, 1.743428583722562e-05, 1.74344313563779e-05, 1.743441498547327e-05, 1.743429857015144e-05, 1.743414213706274e-05, 1.743404391163494e-05, 1.743381108099129e-05, 1.743362190609332e-05, 1.743375287333038e-05, 1.743354914651718e-05, 1.743338361848146e-05, 1.743350185279269e-05, 1.743368557072245e-05, 1.74337110365741e-05, 1.743380562402308e-05, 1.74339711520588e-05, 1.743406573950779e-05, 1.743412940413691e-05, 1.743413849908393e-05, 1.743415305099916e-05, 1.743415305099916e-05, 1.743413849908393e-05, 1.743412030918989e-05, 1.743410575727466e-05, 1.743408938637003e-05, 1.743407847243361e-05, 1.7434071196476e-05, 1.74340748344548e-05, 1.743408756738063e-05, 1.743406755849719e-05, 1.743402935971972e-05, 1.743398934195284e-05, 1.743395114317536e-05, 1.743391476338729e-05, 1.743388384056743e-05, 1.743386019370519e-05, 1.743384382280055e-05, 1.743383654684294e-05, 1.743384382280055e-05, 1.743386383168399e-05, 1.743390021147206e-05, 1.743395296216477e-05, 1.743402754073031e-05, 1.743403481668793e-05, 1.743402572174091e-05, 1.743401662679389e-05, 1.743400935083628e-05, 1.743400207487866e-05, 1.743399843689986e-05, 1.743399843689986e-05, 1.743399843689986e-05, 1.743400389386807e-05, 1.743401298881508e-05, 1.743402390275151e-05, 1.743404027365614e-05, 1.743406210152898e-05, 1.743408756738063e-05, 1.743409484333824e-05, 1.743409848131705e-05, 1.743410211929586e-05, 1.743410393828526e-05, 1.743410757626407e-05, 1.743410939525347e-05, 1.743411303323228e-05, 1.743411485222168e-05, 1.743411667121109e-05, 1.743411667121109e-05, 1.743411667121109e-05, 1.743411667121109e-05, 1.743411667121109e-05, 1.743411485222168e-05, 1.743411849020049e-05, 1.74341221281793e-05, 1.743412758514751e-05, 1.743413122312631e-05, 1.743413486110512e-05, 1.743413668009453e-05, 1.743414031807333e-05, 1.743414395605214e-05, 1.743414577504154e-05, 1.743414759403095e-05, 1.743415123200975e-05]
che19.y=[0e+00, -3.469446951953614e-18, -3.469446951953614e-18, 0e+00, 3.469446951953614e-18, 1.734723475976807e-18, 1.734723475976807e-18, 0e+00, 0e+00, -1.734723475976807e-18, -1.734723475976807e-18, 0e+00, 3.469446951953614e-18, 0e+00, -1.369547860715155e-32, -1.734723475976807e-18, 1.734723475976807e-18, 1.734723475976807e-18, -1.734723475976807e-18, -1.734723475976807e-18, -1.734723475976807e-18, -1.734723475976807e-18, -1.734723475976807e-18, 0e+00, 1.734723475976807e-18, 5.204170427930421e-18, 1.387778780781446e-17, 2.255140518769852e-17, 2.602085213965213e-17, 2.602085213965211e-17, 1.561251128379126e-17, 3.469446951953614e-18, -3.469446951953614e-18, -8.673617379884035e-18, -6.938893903907228e-18, -1.040834085586084e-17, -8.673617379884035e-18, -5.204170427930421e-18, -3.469446951953614e-18, 0e+00, 1.734723475976807e-18, 3.469446951953614e-18, 1.040834085586084e-17, 1.214306433183765e-17, 1.387778780781446e-17, 1.734723475976807e-17, 1.387778780781446e-17, 8.673617379884035e-18, 1.214306433183765e-17, 2.42861286636753e-17, 3.642919299551295e-17, 4.683753385137379e-17, 5.551115123125783e-17, 6.591949208711867e-17, 7.285838599102595e-17, 7.632783294297951e-17, 7.806255641895632e-17, 7.632783294297951e-17, 6.938893903907228e-17, 5.898059818321144e-17, 4.510281037539698e-17, 2.602085213965211e-17, 2.255140518769849e-17, 2.42861286636753e-17, 2.775557561562891e-17, 2.949029909160572e-17, 3.122502256758253e-17, 3.469446951953614e-17, 3.295974604355933e-17, 3.295974604355933e-17, 3.122502256758253e-17, 2.949029909160572e-17, 2.602085213965211e-17, 2.081668171172169e-17, 1.734723475976807e-17, 8.673617379884035e-18, 5.204170427930421e-18, 6.938893903907228e-18, 3.469446951953614e-18, 3.469446951953614e-18, 1.734723475976807e-18, 1.734723475976807e-18, 0e+00, 0e+00, 0e+00, 0e+00, 0e+00, 0e+00, -1.734723475976807e-18, -1.734723475976807e-18, -1.734723475976807e-18, -1.734723475976807e-18, -3.469446951953614e-18, -5.204170427930421e-18, -5.204170427930421e-18, -5.204170427930421e-18, -6.938893903907228e-18, -1.040834085586084e-17, -8.673617379884035e-18, -8.673617379884035e-18, -8.673617379884035e-18]
che20.y=[0e+00, 8.770761894538737e-15, 2.669739429528306e-15, 2.792904796322659e-16, 3.972516759986888e-16, -1.821459649775647e-16, 7.632783294297951e-17, -9.194034422677232e-17, -7.042977312465837e-16, -1.52655665885959e-16, -1.098079960293319e-15, -6.900729987435739e-15, -8.056055822436292e-15, -8.690964614643804e-16, 7.754213937616334e-15, 5.85122228446977e-15, -4.423544863740858e-16, 5.551115123125783e-16, 2.975050761300224e-15, 2.099015405931937e-15, -4.845082668403222e-15, -6.581540867856006e-15, -5.167741234934908e-15, -4.874572967494828e-16, 6.248473960468459e-15, 1.37025807367408e-14, 1.758489187597689e-14, 1.194877530252823e-14, 1.012905037622857e-14, 6.007347397307683e-15, -3.139849491518021e-15, -1.212571709707788e-14, -1.510597202880604e-14, -1.264092996944299e-14, -3.837208328860697e-15, 5.190292640122607e-15, 1.71355984956989e-14, 3.128053371881379e-14, 3.93123034125864e-14, 3.85871889996281e-14, 2.439194679570988e-14, 1.625088952295073e-14, 2.260865106240573e-14, 2.773302421044122e-14, 2.883283889421051e-14, 2.312212921129486e-14, 7.816663982751493e-15, -1.98729921407903e-14, -1.114906778010294e-14, 1.936818760928105e-14, 5.141720382795256e-14, 8.302386556024999e-14, 1.122088533200838e-13, 1.369893781744125e-13, 1.553878553606226e-13, 1.654267001161003e-13, 1.651248582312803e-13, 1.52506479667025e-13, 1.255905102137689e-13, 8.239589566194638e-14, 2.094505124894397e-14, -6.07413425113279e-14, -7.14896891684802e-14, -6.19677920088435e-14, -5.27234506053631e-14, -4.407932352457067e-14, -3.637194712080571e-14, -2.992744940755188e-14, -2.508063201567268e-14, -2.215935768212773e-14, -2.149148914387666e-14, -2.341182803178299e-14, -2.82499718062823e-14, -3.633204848085825e-14, -4.799459440985032e-14, -6.356200288326619e-14, -6.197820034969936e-14, -5.797445856714489e-14, -5.358560817292357e-14, -4.88116491670354e-14, -4.365258154948037e-14, -3.810146642635459e-14, -3.215309962723012e-14, -2.580227698167903e-14, -1.905246793665327e-14, -1.189152942782101e-14, -4.326400349086157e-15, 3.660266534311063e-15, 1.206326705194272e-14, 2.086872341600099e-14, 2.125036258071589e-14, 2.161985868109895e-14, 2.197894644062615e-14, 2.232589113582151e-14, 2.266416221363698e-14, 2.29920249505966e-14, 2.330947934670036e-14, 2.361479067847227e-14, 2.390969366938833e-14, 2.419245359597255e-14, 2.446653990517689e-14]
