last-generated=2020-09-22
statistics-simulation=
{}
time=[0e+00, 8.26e+04]
solarThermal.senTCold.T=[2.931499938964844e+02, 2.931499938964844e+02, 2.931499938964844e+02, 2.931499938964844e+02, 2.931499938964844e+02, 2.931499938964844e+02, 2.931499938964844e+02, 2.931499938964844e+02, 2.931499938964844e+02, 2.931499938964844e+02, 2.931499938964844e+02, 2.931499938964844e+02, 2.931499938964844e+02, 2.931499938964844e+02, 2.931499938964844e+02, 2.931499938964844e+02, 2.931499938964844e+02, 2.931499938964844e+02, 2.931499938964844e+02, 2.931499938964844e+02, 2.931499938964844e+02, 2.931499938964844e+02, 2.931499938964844e+02, 2.931499938964844e+02]
solarThermal.senTHot.T=[2.931499938964844e+02, 2.931500852280769e+02, 2.931500854492188e+02, 2.931500854492188e+02, 2.93183300221024e+02, 2.937493704090948e+02, 2.947566811381907e+02, 2.958969021119933e+02, 2.969820509463693e+02, 2.979257540495499e+02, 2.986331443602336e+02, 2.99025283002623e+02, 2.991201247063236e+02, 2.98904177384676e+02, 2.983839571303216e+02, 2.975976122427678e+02, 2.966067274895267e+02, 2.954902448423819e+02, 2.940906345533288e+02, 2.933470186242735e+02, 2.931711707368565e+02, 2.931511343251104e+02, 2.931501049097034e+02, 2.931500854492188e+02]
solarThermal.solarThermalEfficiency.T_col=[2.931499938964844e+02, 2.931500243403485e+02, 2.931500244140625e+02, 2.931500244140625e+02, 2.931666469113262e+02, 2.934496972272938e+02, 2.939533377384794e+02, 2.94523463005029e+02, 2.950660376802159e+02, 2.955378743047299e+02, 2.958915542381397e+02, 2.960876528974892e+02, 2.961350597436877e+02, 2.960271004202285e+02, 2.957669760294007e+02, 2.953738177755604e+02, 2.948783759517946e+02, 2.943201346282222e+02, 2.936203294836956e+02, 2.93248492402155e+02, 2.931605815795309e+02, 2.931505785955899e+02, 2.931500646618829e+02, 2.931500244140625e+02]
solarThermal.solarThermalEfficiency.T_air=[2.941499938964844e+02, 2.937509661688321e+02, 2.936504770177574e+02, 2.935507124748783e+02, 2.931538585718127e+02, 2.936439552491414e+02, 2.955224516495414e+02, 2.972212558322483e+02, 2.994074998938519e+02, 3.015043361497962e+02, 3.031113464060613e+02, 3.046101388240206e+02, 3.046499938964844e+02, 3.056185929303008e+02, 3.056499938964844e+02, 3.056499938964844e+02, 3.056499938964844e+02, 3.056499938964844e+02, 3.047891301694124e+02, 3.039867266226506e+02, 2.964316314844693e+02, 2.944362370587777e+02, 2.937818843823124e+02, 2.934666748046875e+02]
solarThermal.solarThermalEfficiency.G=[9.999999776482582e-03, 9.999999776482582e-03, 9.999999776482582e-03, 9.999999776482582e-03, 5.952029212175504e+00, 1.048022726445959e+02, 2.489085453420445e+02, 3.994568694110079e+02, 5.373433430989584e+02, 6.544665315047555e+02, 7.370293334371227e+02, 7.760003479298763e+02, 7.779810242583786e+02, 7.382974493791515e+02, 6.597153237752867e+02, 5.481042126641757e+02, 4.123046957559632e+02, 2.631694300554803e+02, 6.857521621040664e+01, 7.534154730718548e+00, 2.515459045641748e-01, 9.999999776482582e-03, 9.999999776482582e-03, 9.999999776482582e-03]
solarThermal.solarThermalEfficiency.Q_flow=[8.00000037997961e-03, 8.00000037997961e-03, 8.00000037997961e-03, 8.00000037997961e-03, 4.678340786168182e+00, 8.384079945951271e+01, 1.991268392369367e+02, 3.1956548958009e+02, 4.298746623900778e+02, 5.235731891134511e+02, 5.896234658651306e+02, 6.208002426958315e+02, 6.223848301984261e+02, 5.906379244154779e+02, 5.277722223991357e+02, 4.384833688044894e+02, 3.298437507371395e+02, 2.105355379408686e+02, 5.486017343272323e+01, 6.027323546616977e+00, 2.012367103617714e-01, 8.00000037997961e-03, 8.00000037997961e-03, 8.00000037997961e-03]
solarThermal.heater.Q_flow=[1.600000075995922e-02, 1.600000075995922e-02, 1.600000075995922e-02, 1.600000075995922e-02, 9.356681572336363e+00, 1.676815989190254e+02, 3.982536784738733e+02, 6.3913097916018e+02, 8.597493247801556e+02, 1.047146378226902e+03, 1.179246931730261e+03, 1.241600485391663e+03, 1.244769660396852e+03, 1.181275848830956e+03, 1.055544444798271e+03, 8.769667376089787e+02, 6.596875014742791e+02, 4.210710758817372e+02, 1.097203468654465e+02, 1.205464709323395e+01, 4.024734207235428e-01, 1.600000075995922e-02, 1.600000075995922e-02, 1.600000075995922e-02]
massFlowSensor.m_flow=[4.977712780237198e-02, 4.977712780237198e-02]
system.m_flow_nominal=[4.975000023841858e-02, 4.975000023841858e-02]
source.p=[3.027e+05, 3.027e+05]
solarThermal.port_b.p=[3.0020021875e+05, 3.0020021875e+05]
pipe.port_b.p=[3e+05, 3e+05]
solarThermal.dp=[2.49978173828125e+03, 2.49978173828125e+03]
pipe.dp=[2.002181701660156e+02, 2.002181701660156e+02]
solarThermal.pressureDrop.dp_start=[0e+00, 0e+00]
