last-generated=2022-10-19
statistics-simulation=
{
  "linear": " ",
  "nonlinear": " ",
  "numerical Jacobians": "0"
}
time=[0e+00, 1e+00]
y=[-1.5e+00, -1.416000006705518e+00, -1.332000013411035e+00, -1.248000020116558e+00, -1.164000026822071e+00, -1.080000049173804e+00, -9.959970003444242e-01, -9.106118704783154e-01, -8.229300220764346e-01, -7.332849229634972e-01, -6.420097487936907e-01, -5.494381133793175e-01, -4.559032664986825e-01, -3.617386963866297e-01, -2.67277872234529e-01, -1.728540625147692e-01, -7.88005553420951e-02, 1.454897517928378e-02, 1.068612723465437e-01, 1.978030717307347e-01, 2.870407138836646e-01, 3.742410805309162e-01, 4.590704838347696e-01, 5.411957164559037e-01, 6.202834066190177e-01, 6.959999799728394e-01, 7.680122920444679e-01, 8.359866027222459e-01, 8.995898888380021e-01, 9.584886302355619e-01, 1.01203960149605e+00, 1.052792779316138e+00, 1.07839847822169e+00, 1.089801303692598e+00, 1.08794594058943e+00, 1.07377694777183e+00, 1.048239035404519e+00, 1.012276787712683e+00, 9.668346401625093e-01, 9.12857448555314e-01, 8.512899067265141e-01, 7.830763202481374e-01, 7.091614787440277e-01, 6.304902412990544e-01, 5.480067528832658e-01, 4.626558880146835e-01, 3.753825264824086e-01, 2.871307625266655e-01, 1.988454859250422e-01, 1.114715718343462e-01, 2.595312520861626e-02, -5.676496639446313e-02, -1.357380713159932e-01, -2.100215798935617e-01, -2.786704670166833e-01, -3.407409379349403e-01, -3.952879187318166e-01, -4.413668207513682e-01, -4.780329678576244e-01, -5.043418327481323e-01, -5.193485969083885e-01, -5.221089158512195e-01, -5.116780476254654e-01, -4.871113140758184e-01, -4.474641276212691e-01, -3.917918426950363e-01, -3.191503289239697e-01, -2.285941089698476e-01, -1.191789228439752e-01, 1.003984196918738e-02, 1.600068215472274e-01, 3.316666283106552e-01, 5.259626643891089e-01, 7.438418697647212e-01, 9.862477756131335e-01, 1.254124999046326e+00, 1.548418222000908e+00, 1.870071937521957e+00, 2.234912409442635e+00, 2.694595463194697e+00, 3.24133827895135e+00, 3.861357773296628e+00, 4.540873557904598e+00, 5.266105467339167e+00, 6.023272627057303e+00, 6.798590232699624e+00, 7.578286965190697e+00, 8.348578089138094e+00, 9.095683444555604e+00, 9.805822394206048e+00, 1.048000114438644e+01, 1.115199866488097e+01, 1.182399923707647e+01, 1.249599980927196e+01, 1.316800038147109e+01, 1.384000095365726e+01, 1.451200152585844e+01, 1.518399809267865e+01, 1.585599866487414e+01, 1.652799923707419e+01, 1.720000076293945e+01]
yMonotone=[-1.5e+00, -1.416000006705518e+00, -1.332000013411035e+00, -1.248000020116558e+00, -1.164000026822071e+00, -1.080000049173804e+00, -9.959928875531113e-01, -9.087142374986312e-01, -8.15999133176244e-01, -7.186367269867866e-01, -6.174160990974782e-01, -5.131264861951127e-01, -4.065570542720652e-01, -2.984969992127217e-01, -1.897355084927402e-01, -8.106172588417822e-02, 2.673536637667587e-02, 1.328662892684408e-01, 2.365420174569117e-01, 3.369735415309331e-01, 4.33371426285785e-01, 5.249467475221292e-01, 6.109100678263758e-01, 6.904723323770494e-01, 7.628445988533885e-01, 8.272373676300049e-01, 8.82861721530577e-01, 9.289282109158341e-01, 9.646480046043854e-01, 9.892317203146406e-01, 1.002225626309547e+00, 1.011124966473436e+00, 1.01935875978636e+00, 1.027005781919192e+00, 1.034144518272404e+00, 1.040853623441556e+00, 1.047211876530998e+00, 1.053297993661778e+00, 1.059190395265029e+00, 1.064967998136848e+00, 1.070709225090816e+00, 1.076492907706604e+00, 1.082397588029961e+00, 1.088501925800054e+00, 1.094884754796962e+00, 1.101624497161663e+00, 1.108799928238609e+00, 1.116489768985856e+00, 1.124772438772065e+00, 1.133726945646021e+00, 1.143431663513184e+00, 1.15396524530984e+00, 1.165406607666521e+00, 1.177834190522553e+00, 1.191326588288769e+00, 1.20596275912225e+00, 1.221821065815341e+00, 1.238980306129984e+00, 1.257519158316305e+00, 1.277516181460792e+00, 1.299049920637159e+00, 1.322199310568757e+00, 1.347043025236054e+00, 1.37365950475402e+00, 1.402127427501022e+00, 1.432525590874012e+00, 1.464932354564835e+00, 1.499426782743602e+00, 1.536087366906031e+00, 1.574992666313004e+00, 1.616221478768742e+00, 1.659852482307154e+00, 1.705963834413418e+00, 1.754634881568122e+00, 1.805944154374451e+00, 1.859969973564148e+00, 1.916791256458815e+00, 1.976486680895112e+00, 2.076793774247969e+00, 2.351094939017436e+00, 2.788468484403908e+00, 3.363100618518013e+00, 4.049178177052112e+00, 4.82088892031348e+00, 5.652419427999881e+00, 6.517951791456639e+00, 7.391684240151047e+00, 8.247798517772008e+00, 9.0604814411414e+00, 9.803920779972136e+00, 1.048000114438644e+01, 1.115199866488097e+01, 1.182399923707647e+01, 1.249599980927196e+01, 1.316800038147109e+01, 1.384000095365726e+01, 1.451200152585844e+01, 1.518399809267865e+01, 1.585599866487414e+01, 1.652799923707419e+01, 1.720000076293945e+01]
y2=[-1.5e+00, -1.416000006705518e+00, -1.332000013411035e+00, -1.248000020116558e+00, -1.164000026822071e+00, -1.080000049173804e+00, -9.959999806285015e-01, -9.120000029802344e-01, -8.279999940395781e-01, -7.440000476836306e-01, -6.600000387429835e-01, -5.759999701976918e-01, -4.919999910593273e-01, -4.079999523163979e-01, -3.240000059604501e-01, -2.400000447033859e-01, -1.559999731779684e-01, -7.200001192089954e-02, 1.199994002294671e-02, 9.600002086158661e-02, 1.799999821186555e-01, 2.640000536441216e-01, 3.479999999999894e-01, 4.319999761581795e-01, 5.160000178814254e-01, 6.000000238418579e-01, 6.840000953672043e-01, 7.679999165537532e-01, 8.519999880790997e-01, 9.360000596044457e-01, 1.01999988079135e+00, 1.103999952316412e+00, 1.188000023841901e+00, 1.271999845028627e+00, 1.355999916553689e+00, 1.440000107288041e+00, 1.523999928474341e+00, 1.607999999999971e+00, 1.692000071525318e+00, 1.77600014305038e+00, 1.859999964237178e+00, 1.944000035762808e+00, 2.028000226496947e+00, 2.11199992847481e+00, 2.196000119209162e+00, 2.280000071524934e+00, 2.364000011920382e+00, 2.447999964237149e+00, 2.532000154971501e+00, 2.615999856949364e+00, 2.700000047683716e+00, 2.783999999999432e+00, 2.868000190731453e+00, 2.952000143049442e+00, 3.035999833110832e+00, 3.119999785425411e+00, 3.203999976157972e+00, 3.288000166891726e+00, 3.372000119206305e+00, 3.456000309939463e+00, 3.539999761585684e+00, 3.623999952317137e+00, 3.707999904633421e+00, 3.792000095366579e+00, 3.876000047682863e+00, 3.960000238414316e+00, 4.043999928479116e+00, 4.127999642375116e+00, 4.211999833108274e+00, 4.296000023842028e+00, 4.380000214574589e+00, 4.464000405307747e+00, 4.547999618535389e+00, 4.631999809268547e+00, 4.716000000001705e+00, 4.800000190734863e+00, 4.883999904633137e+00, 4.968000095364022e+00, 5.052000286097179e+00, 5.13599997616198e+00, 5.219999690057979e+00, 5.30399988079054e+00, 5.388000071524294e+00, 5.472000262257453e+00, 5.55600045299061e+00, 5.639999666218253e+00, 5.72399985695141e+00, 5.808000047684568e+00, 5.892000238417727e+00, 5.975999952317137e+00, 6.060000143046884e+00, 6.143999833111685e+00, 6.228000023844842e+00, 6.311999737740843e+00, 6.395999928474597e+00, 6.480000119207157e+00, 6.564000309940315e+00, 6.647999523167957e+00, 6.731999713901115e+00, 6.815999904634274e+00, 6.900000095367432e+00]
y2Monotone=[-1.5e+00, -1.416000006705518e+00, -1.332000013411035e+00, -1.248000020116558e+00, -1.164000026822071e+00, -1.080000049173804e+00, -9.959999806285015e-01, -9.120000029802344e-01, -8.279999940395781e-01, -7.440000476836306e-01, -6.600000387429835e-01, -5.759999701976918e-01, -4.919999910593273e-01, -4.079999523163979e-01, -3.240000059604501e-01, -2.400000447033859e-01, -1.559999731779684e-01, -7.200001192089954e-02, 1.199994002294671e-02, 9.600002086158661e-02, 1.799999821186555e-01, 2.640000536441216e-01, 3.479999999999894e-01, 4.319999761581795e-01, 5.160000178814254e-01, 6.000000238418579e-01, 6.840000953672043e-01, 7.679999165537532e-01, 8.519999880790997e-01, 9.360000596044457e-01, 1.01999988079135e+00, 1.103999952316412e+00, 1.188000023841901e+00, 1.271999845028627e+00, 1.355999916553689e+00, 1.440000107288041e+00, 1.523999928474341e+00, 1.607999999999971e+00, 1.692000071525318e+00, 1.77600014305038e+00, 1.859999964237178e+00, 1.944000035762808e+00, 2.028000226496947e+00, 2.11199992847481e+00, 2.196000119209162e+00, 2.280000071524934e+00, 2.364000011920382e+00, 2.447999964237149e+00, 2.532000154971501e+00, 2.615999856949364e+00, 2.700000047683716e+00, 2.783999999999432e+00, 2.868000190731453e+00, 2.952000143049442e+00, 3.035999833110832e+00, 3.119999785425411e+00, 3.203999976157972e+00, 3.288000166891726e+00, 3.372000119206305e+00, 3.456000309939463e+00, 3.539999761585684e+00, 3.623999952317137e+00, 3.707999904633421e+00, 3.792000095366579e+00, 3.876000047682863e+00, 3.960000238414316e+00, 4.043999928479116e+00, 4.127999642375116e+00, 4.211999833108274e+00, 4.296000023842028e+00, 4.380000214574589e+00, 4.464000405307747e+00, 4.547999618535389e+00, 4.631999809268547e+00, 4.716000000001705e+00, 4.800000190734863e+00, 4.883999904633137e+00, 4.968000095364022e+00, 5.052000286097179e+00, 5.13599997616198e+00, 5.219999690057979e+00, 5.30399988079054e+00, 5.388000071524294e+00, 5.472000262257453e+00, 5.55600045299061e+00, 5.639999666218253e+00, 5.72399985695141e+00, 5.808000047684568e+00, 5.892000238417727e+00, 5.975999952317137e+00, 6.060000143046884e+00, 6.143999833111685e+00, 6.228000023844842e+00, 6.311999737740843e+00, 6.395999928474597e+00, 6.480000119207157e+00, 6.564000309940315e+00, 6.647999523167957e+00, 6.731999713901115e+00, 6.815999904634274e+00, 6.900000095367432e+00]
y1=[-1e+00, -1e+00, -1e+00, -1e+00, -1e+00, -1e+00, -1e+00, -1e+00, -1e+00, -1e+00, -1e+00, -1e+00, -1e+00, -1e+00, -1e+00, -1e+00, -1e+00, -1e+00, -1e+00, -1e+00, -1e+00, -1e+00, -1e+00, -1e+00, -1e+00, -1e+00, -1e+00, -1e+00, -1e+00, -1e+00, -1e+00, -1e+00, -1e+00, -1e+00, -1e+00, -1e+00, -1e+00, -1e+00, -1e+00, -1e+00, -1e+00, -1e+00, -1e+00, -1e+00, -1e+00, -1e+00, -1e+00, -1e+00, -1e+00, -1e+00, -1e+00, -1e+00, -1e+00, -1e+00, -1e+00, -1e+00, -1e+00, -1e+00, -1e+00, -1e+00, -1e+00, -1e+00, -1e+00, -1e+00, -1e+00, -1e+00, -1e+00, -1e+00, -1e+00, -1e+00, -1e+00, -1e+00, -1e+00, -1e+00, -1e+00, -1e+00, -1e+00, -1e+00, -1e+00, -1e+00, -1e+00, -1e+00, -1e+00, -1e+00, -1e+00, -1e+00, -1e+00, -1e+00, -1e+00, -1e+00, -1e+00, -1e+00, -1e+00, -1e+00, -1e+00, -1e+00, -1e+00, -1e+00, -1e+00, -1e+00, -1e+00]
y1Monotone=[-1e+00, -1e+00, -1e+00, -1e+00, -1e+00, -1e+00, -1e+00, -1e+00, -1e+00, -1e+00, -1e+00, -1e+00, -1e+00, -1e+00, -1e+00, -1e+00, -1e+00, -1e+00, -1e+00, -1e+00, -1e+00, -1e+00, -1e+00, -1e+00, -1e+00, -1e+00, -1e+00, -1e+00, -1e+00, -1e+00, -1e+00, -1e+00, -1e+00, -1e+00, -1e+00, -1e+00, -1e+00, -1e+00, -1e+00, -1e+00, -1e+00, -1e+00, -1e+00, -1e+00, -1e+00, -1e+00, -1e+00, -1e+00, -1e+00, -1e+00, -1e+00, -1e+00, -1e+00, -1e+00, -1e+00, -1e+00, -1e+00, -1e+00, -1e+00, -1e+00, -1e+00, -1e+00, -1e+00, -1e+00, -1e+00, -1e+00, -1e+00, -1e+00, -1e+00, -1e+00, -1e+00, -1e+00, -1e+00, -1e+00, -1e+00, -1e+00, -1e+00, -1e+00, -1e+00, -1e+00, -1e+00, -1e+00, -1e+00, -1e+00, -1e+00, -1e+00, -1e+00, -1e+00, -1e+00, -1e+00, -1e+00, -1e+00, -1e+00, -1e+00, -1e+00, -1e+00, -1e+00, -1e+00, -1e+00, -1e+00, -1e+00]
