last-generated=2022-06-02
statistics-initialization=
{
  "nonlinear": "73, 1",
  "numerical Jacobians": "0"
}
statistics-simulation=
{
  "linear": "0, 0, 0, 0, 0, 0, 0, 0, 0, 0, 0, 0, 0, 0, 0, 0, 0",
  "nonlinear": "23, 1",
  "number of continuous time states": "57",
  "numerical Jacobians": "0"
}
time=[0e+00, 8.64e+04]
TRoom=[2.941499938964844e+02, 2.911652954101563e+02, 2.916948120117187e+02, 2.917238403320313e+02, 2.917199645996094e+02, 2.917113952636719e+02, 2.917000915527344e+02, 2.916892944335938e+02, 2.916790588378906e+02, 2.916747680664063e+02, 2.9168017578125e+02, 2.916873107910156e+02, 2.916953186035156e+02, 2.917023132324219e+02, 2.917045104980469e+02, 2.91706298828125e+02, 2.917082092285156e+02, 2.917098693847656e+02, 2.917088439941406e+02, 2.917073547363281e+02, 2.917059020996094e+02, 2.917046813964844e+02, 2.917063903808594e+02, 2.917091491699219e+02, 2.917122131347656e+02, 2.917154846191406e+02, 2.917938903808594e+02, 2.918049682617187e+02, 2.918096801757812e+02, 2.918129333496094e+02, 2.918193359375e+02, 2.918290771484375e+02, 2.91839208984375e+02, 2.918494506835938e+02, 2.918587585449219e+02, 2.918672180175781e+02, 2.918767456054687e+02, 2.91887060546875e+02, 2.919003295898438e+02, 2.919227478027344e+02, 2.919487609863281e+02, 2.919769104003906e+02, 2.920070007324219e+02, 2.920408325195312e+02, 2.920769775390625e+02, 2.921147155761719e+02, 2.921545227050781e+02, 2.922154846191406e+02, 2.922869812011719e+02, 2.923629638671875e+02, 2.924417114257812e+02, 2.92492529296875e+02, 2.925204895019531e+02, 2.925402709960937e+02, 2.92555126953125e+02, 2.925583190917969e+02, 2.925495483398437e+02, 2.925364013671875e+02, 2.92520166015625e+02, 2.925044006347656e+02, 2.924939880371094e+02, 2.924852111816406e+02, 2.924769775390625e+02, 2.924663208007813e+02, 2.92447802734375e+02, 2.924280395507812e+02, 2.924076599121094e+02, 2.923863037109375e+02, 2.923618835449219e+02, 2.923355346679688e+02, 2.923078308105469e+02, 2.922795349121094e+02, 2.922646179199219e+02, 2.922558166503906e+02, 2.922491333007812e+02, 2.922437744140625e+02, 2.922342712402344e+02, 2.922227844238281e+02, 2.92211328125e+02, 2.921999633789063e+02, 2.921828918457031e+02, 2.921603942871094e+02, 2.921371398925781e+02, 2.921135009765625e+02, 2.920922241210938e+02, 2.920752563476562e+02, 2.920587219238281e+02, 2.920422546386719e+02, 2.920257995605469e+02, 2.920093017578125e+02, 2.919927673339844e+02, 2.919761901855469e+02, 2.919125854492187e+02, 2.918568237304688e+02, 2.9183798828125e+02, 2.91822021484375e+02, 2.918069946289062e+02, 2.917953735351563e+02, 2.917850524902344e+02, 2.917751708984375e+02, 2.917655639648438e+02]
Q_flowToRoomConv=[-6.904750823974609e+00, 5.218639282226562e+02, 5.198139404296875e+02, 5.19089990234375e+02, 5.190717041015625e+02, 5.192357177734375e+02, 5.194980712890625e+02, 5.197634155273438e+02, 5.200159790039063e+02, 5.20150830078125e+02, 5.200565795898438e+02, 5.198947143554688e+02, 5.19701806640625e+02, 5.195198974609375e+02, 5.194424682617188e+02, 5.193895874023438e+02, 5.193385009765625e+02, 5.192921630859375e+02, 5.193035278320312e+02, 5.193345825195313e+02, 5.193684692382812e+02, 5.193985717773437e+02, 5.193679809570312e+02, 5.193038818359375e+02, 5.192278686523438e+02, 5.191448974609375e+02, 5.33831005859375e+02, 5.335359130859375e+02, 5.3341025390625e+02, 5.33331787109375e+02, 5.332003784179688e+02, 5.329976318359375e+02, 5.327815551757812e+02, 5.3256005859375e+02, 5.323569702148437e+02, 5.321737670898438e+02, 5.319699584960938e+02, 5.317482421875e+02, 5.314697021484375e+02, 5.31000927734375e+02, 5.3043505859375e+02, 5.298050659179687e+02, 5.291193359375e+02, 5.283362182617187e+02, 5.274720581054687e+02, 5.265386352539062e+02, 5.255266723632812e+02, 5.240173950195312e+02, 5.220800048828125e+02, 5.198219848632813e+02, 5.1725146484375e+02, 5.149822875976563e+02, 5.134989868164063e+02, 5.124612182617187e+02, 5.116878173828125e+02, 5.112890930175781e+02, 5.114411926269531e+02, 5.118871826171875e+02, 5.12503564453125e+02, 5.131738403320312e+02, 5.136746826171875e+02, 5.14067138671875e+02, 5.14411767578125e+02, 5.147921508789062e+02, 5.154248413085937e+02, 5.161565551757812e+02, 5.169151000976562e+02, 5.176893676757812e+02, 5.185326049804687e+02, 5.194091430664063e+02, 5.203104248046875e+02, 5.212156494140625e+02, 5.217985229492188e+02, 5.22134423828125e+02, 5.223669311523438e+02, 5.225447387695312e+02, 5.22799267578125e+02, 5.23124951171875e+02, 5.234589721679688e+02, 5.237900024414063e+02, 5.242364501953125e+02, 5.248385131835937e+02, 5.254720458984375e+02, 5.261095581054688e+02, 5.266901611328125e+02, 5.271517944335938e+02, 5.27581298828125e+02, 5.279987670898438e+02, 5.284089721679687e+02, 5.2881376953125e+02, 5.29214111328125e+02, 5.296103881835937e+02, 5.126035400390625e+02, 5.14701513671875e+02, 5.155526733398438e+02, 5.161013793945312e+02, 5.165583374023438e+02, 5.16915185546875e+02, 5.172151489257812e+02, 5.17491796875e+02, 5.177551879882812e+02]
Q_flowToRoomRad=[-3.270439386367798e+00, 2.727572937011719e+02, 2.764569946289063e+02, 2.7640498046875e+02, 2.764428100585938e+02, 2.765351257324219e+02, 2.766536010742187e+02, 2.767750122070312e+02, 2.768915283203125e+02, 2.769935668945312e+02, 2.770505981445312e+02, 2.770796142578125e+02, 2.770943176269531e+02, 2.771017578125e+02, 2.771217041015625e+02, 2.771505737304688e+02, 2.771806091308594e+02, 2.772098999023438e+02, 2.772461059570313e+02, 2.772888488769531e+02, 2.773330993652344e+02, 2.773765869140625e+02, 2.774119750976562e+02, 2.77436572265625e+02, 2.774554565429688e+02, 2.774709777832031e+02, 2.85919189453125e+02, 2.858466674804687e+02, 2.858216430664062e+02, 2.858163757324219e+02, 2.8581396484375e+02, 2.858024536132813e+02, 2.857858947753906e+02, 2.857665283203125e+02, 2.8567412109375e+02, 2.855379333496094e+02, 2.853918518066406e+02, 2.852378479003906e+02, 2.849931274414063e+02, 2.846236389160156e+02, 2.842140197753906e+02, 2.837746704101563e+02, 2.832885986328125e+02, 2.827226623535156e+02, 2.821188537597656e+02, 2.814800720214844e+02, 2.807517700195312e+02, 2.79625634765625e+02, 2.783142395019531e+02, 2.768357116699219e+02, 2.751879272460938e+02, 2.744281311035156e+02, 2.739819580078125e+02, 2.737575988769531e+02, 2.736665588378906e+02, 2.738847961425781e+02, 2.74374365234375e+02, 2.750148742675781e+02, 2.757428466796875e+02, 2.763196533203125e+02, 2.76736328125e+02, 2.770989868164062e+02, 2.774370727539062e+02, 2.777726989746094e+02, 2.781788757324219e+02, 2.786329040527344e+02, 2.791007202148438e+02, 2.795958251953125e+02, 2.801566650390625e+02, 2.807299438476563e+02, 2.813134460449219e+02, 2.818593994140625e+02, 2.821230285644531e+02, 2.822842895507812e+02, 2.823951354980469e+02, 2.824796752929688e+02, 2.825645080566406e+02, 2.826689025878906e+02, 2.827776245117187e+02, 2.828849975585937e+02, 2.830049133300781e+02, 2.831639831542969e+02, 2.833367553710938e+02, 2.835104858398437e+02, 2.836762268066406e+02, 2.838153381347656e+02, 2.839398681640625e+02, 2.840579895019531e+02, 2.841721862792969e+02, 2.842834167480469e+02, 2.843920288085938e+02, 2.8449833984375e+02, 2.749772216796875e+02, 2.757027221679688e+02, 2.760697387695312e+02, 2.762875061035156e+02, 2.764577575683594e+02, 2.765993286132813e+02, 2.767180725097656e+02, 2.768252746582031e+02, 2.769259948730469e+02]
m_flowHC=[8.198654651641846e-02, 6.396539136767387e-02, 7.628165930509567e-02, 7.557349503040314e-02, 7.533157467842103e-02, 7.539687305688858e-02, 7.56183460354805e-02, 7.587444186210632e-02, 7.612179666757583e-02, 7.632181495428085e-02, 7.632529735565186e-02, 7.621154189109802e-02, 7.604820728302002e-02, 7.586357295513153e-02, 7.574906349182128e-02, 7.568740844726562e-02, 7.563780844211579e-02, 7.558928579092025e-02, 7.557661384344101e-02, 7.559994012117385e-02, 7.563357800245285e-02, 7.566730529069901e-02, 7.566869109869004e-02, 7.562272995710373e-02, 7.555555552244186e-02, 7.547873258590698e-02, 2.266300290822983e-01, 2.2405746281147e-01, 2.229890555143356e-01, 2.224773675203323e-01, 2.220560908317566e-01, 2.213452100753784e-01, 2.204665184020996e-01, 2.195167362689972e-01, 2.18547597527504e-01, 2.176669090986252e-01, 2.167488366365433e-01, 2.157358944416046e-01, 2.145767748355865e-01, 2.126986920833588e-01, 2.100628912448883e-01, 2.068851500749588e-01, 2.032844692468643e-01, 1.990927189588547e-01, 1.942324787378311e-01, 1.887802630662918e-01, 1.82794252038002e-01, 1.748682498931885e-01, 1.638725727796554e-01, 1.509414792060852e-01, 1.369103789329529e-01, 1.23916032910347e-01, 1.160174176096916e-01, 1.110911801457405e-01, 1.077070236206055e-01, 1.056627184152603e-01, 1.058427780866623e-01, 1.073966175317764e-01, 1.097633570432663e-01, 1.125990837812424e-01, 1.149539723992348e-01, 1.168008908629417e-01, 1.184101104736328e-01, 1.200192987918854e-01, 1.226408898830414e-01, 1.260280162096024e-01, 1.297325223684311e-01, 1.336437046527862e-01, 1.379633873701096e-01, 1.425358176231384e-01, 1.47415667772293e-01, 1.525196522474289e-01, 1.566683143377304e-01, 1.591107994318008e-01, 1.607097178697586e-01, 1.618888825178146e-01, 1.631488710641861e-01, 1.649479389190674e-01, 1.669149696826935e-01, 1.688985824584961e-01, 1.711701154708862e-01, 1.744572252035141e-01, 1.781664222478866e-01, 1.819634228944778e-01, 1.856399476528168e-01, 1.886474788188934e-01, 1.912694752216339e-01, 1.937405586242676e-01, 1.961254000663757e-01, 1.984430611133575e-01, 2.006981074810028e-01, 2.028921157121658e-01, 6.669948399066924e-02, 6.965685039758682e-02, 7.107253819704056e-02, 7.184145599603653e-02, 7.241519838571549e-02, 7.287400662899017e-02, 7.323768883943557e-02, 7.355694472789764e-02, 7.38530308008194e-02]
