last-generated=2019-05-31
statistics-initialization=
{
  "nonlinear": "2, 1, 1, 1, 1",
  "numerical Jacobians": "0"
}
statistics-simulation=
{
  "linear": "0, 0",
  "nonlinear": "2, 0, 1, 1, 0",
  "number of continuous time states": "25",
  "numerical Jacobians": "0"
}
supplyAirTemperature.T=[2.931499938964844e+02, 3.003374328613281e+02, 3.00324951171875e+02, 3.003125305175781e+02, 3.0030029296875e+02, 3.002882385253906e+02, 3.002763671875e+02, 3.002648315429688e+02, 3.002536315917969e+02, 3.002427978515625e+02, 3.00232421875e+02, 3.002224731445312e+02, 3.002130432128906e+02, 3.002041931152344e+02, 3.001958618164062e+02, 3.001881408691406e+02, 3.001810913085938e+02, 3.001746826171875e+02, 3.001690063476562e+02, 3.001640014648438e+02, 3.001597290039062e+02, 3.001562194824219e+02, 3.001534729003906e+02, 3.001515197753906e+02, 3.001502990722656e+02, 3.0014990234375e+02, 3.001502990722656e+02, 3.001514892578125e+02, 3.001534423828125e+02, 3.001561889648438e+02, 3.001596984863281e+02, 3.001639709472656e+02, 3.001689453125e+02, 3.001746215820312e+02, 3.001810302734375e+02, 3.001881103515625e+02, 3.0019580078125e+02, 3.002041015625e+02, 3.002129821777344e+02, 3.00222412109375e+02, 2.860904235839844e+02, 2.858305969238281e+02, 2.855603332519531e+02, 2.852804870605469e+02, 2.849924011230469e+02, 2.846968994140625e+02, 2.84395263671875e+02, 2.840887756347656e+02, 2.837785949707031e+02, 2.834658203125e+02, 2.831518859863281e+02, 2.828379211425781e+02, 2.825252075195312e+02, 2.822149658203125e+02, 2.819083862304688e+02, 2.816067504882812e+02, 2.813111572265625e+02, 2.810228271484375e+02, 2.807429809570312e+02, 2.804725036621094e+02, 2.802126159667969e+02, 2.799644470214844e+02, 2.79728759765625e+02, 2.795065612792969e+02, 2.792989196777344e+02, 2.791062316894531e+02, 2.789295349121094e+02, 2.7876953125e+02, 2.786267395019531e+02, 2.785020141601562e+02, 2.783954772949219e+02, 2.783077087402344e+02, 2.782391662597656e+02, 2.781898803710938e+02, 2.781603088378906e+02, 2.781502685546875e+02, 2.781600341796875e+02, 2.781895141601562e+02, 2.782384948730469e+02, 2.783069763183594e+02, 2.783944702148438e+02, 2.785008544921875e+02, 2.786254272460938e+02, 2.787679443359375e+02, 2.789277954101562e+02, 2.791042785644531e+02, 2.792967224121094e+02, 2.795043640136719e+02, 2.797264404296875e+02, 2.799618835449219e+02, 3.00467529296875e+02, 3.004571228027344e+02, 3.004463195800781e+02, 3.004351196289062e+02, 3.004236145019531e+02, 3.004118041992188e+02, 3.003997497558594e+02, 3.003874816894531e+02, 3.003750610351562e+02, 3.003625793457031e+02, 3.003499755859375e+02]
freshAirSource.T_in=[2.831499938964844e+02, 2.834639587402344e+02, 2.837766723632812e+02, 2.840869140625e+02, 2.843934631347656e+02, 2.846950988769531e+02, 2.849906311035156e+02, 2.852789001464844e+02, 2.855587768554688e+02, 2.858291320800781e+02, 2.860889282226562e+02, 2.863371276855469e+02, 2.865727233886719e+02, 2.867948303222656e+02, 2.870025634765625e+02, 2.871950988769531e+02, 2.873716430664062e+02, 2.875315246582031e+02, 2.876741333007812e+02, 2.877988891601562e+02, 2.879052734375e+02, 2.87992919921875e+02, 2.880614318847656e+02, 2.881105651855469e+02, 2.8814013671875e+02, 2.881499938964844e+02, 2.8814013671875e+02, 2.881105651855469e+02, 2.880614318847656e+02, 2.87992919921875e+02, 2.879052734375e+02, 2.877988891601562e+02, 2.876741333007812e+02, 2.875315246582031e+02, 2.873716430664062e+02, 2.871950988769531e+02, 2.870025634765625e+02, 2.867948303222656e+02, 2.865727233886719e+02, 2.863371276855469e+02, 2.860889282226562e+02, 2.858291320800781e+02, 2.855587768554688e+02, 2.852789001464844e+02, 2.849906311035156e+02, 2.846950988769531e+02, 2.843934631347656e+02, 2.840869140625e+02, 2.837766723632812e+02, 2.834639587402344e+02, 2.831499938964844e+02, 2.828360595703125e+02, 2.825233459472656e+02, 2.822131042480469e+02, 2.819065551757812e+02, 2.816049194335938e+02, 2.813093872070312e+02, 2.810211181640625e+02, 2.807412414550781e+02, 2.804708557128906e+02, 2.802110595703125e+02, 2.79962890625e+02, 2.797272644042969e+02, 2.795051574707031e+02, 2.792974243164062e+02, 2.791049194335938e+02, 2.789283752441406e+02, 2.787684631347656e+02, 2.786258544921875e+02, 2.785011291503906e+02, 2.783947143554688e+02, 2.783070983886719e+02, 2.782385559082031e+02, 2.781894226074219e+02, 2.781598815917969e+02, 2.781499938964844e+02, 2.781598815917969e+02, 2.781894226074219e+02, 2.782385559082031e+02, 2.783070983886719e+02, 2.783947143554688e+02, 2.785011291503906e+02, 2.786258544921875e+02, 2.787684631347656e+02, 2.789283752441406e+02, 2.791049194335938e+02, 2.792974243164062e+02, 2.795051574707031e+02, 2.797272644042969e+02, 2.79962890625e+02, 2.802110595703125e+02, 2.804708557128906e+02, 2.807412414550781e+02, 2.810211181640625e+02, 2.813093872070312e+02, 2.816049194335938e+02, 2.819065551757812e+02, 2.822131042480469e+02, 2.825233459472656e+02, 2.828360595703125e+02, 2.831499938964844e+02]
time=[0e+00, 8.64e+04]
