last-generated=2026-06-02
statistics-initialization=
{
  "linear": "21"
}
statistics-simulation=
{
  "linear": "5, 0, 0, 7, 6, 0, 0, 0",
  "nonlinear": "1, 1, 1, 0, 1, 0, 1, 0, 1, 0, 1, 0, 1, 0, 1, 0, 1, 0, 1, 0, 1",
  "number of continuous time states": "32",
  "numerical Jacobians": "0"
}
time=[2.7972e+06, 3.3012e+06]
multizone.TAir[1]=[2.771499938964844e+02, 2.77642578125e+02, 2.772864685058594e+02, 2.77244384765625e+02, 2.776905212402344e+02, 2.776355285644531e+02, 2.772439575195312e+02, 2.772451477050781e+02, 2.77258056640625e+02, 2.772711486816406e+02, 2.772841186523438e+02, 2.772969360351562e+02, 2.773096313476562e+02, 2.773221130371094e+02, 2.773341979980469e+02, 2.77345458984375e+02, 2.773562622070312e+02, 2.776845092773438e+02, 2.779016418457031e+02, 2.775953979492188e+02, 2.774025573730469e+02, 2.778800964355469e+02, 2.778664855957031e+02, 2.774486389160156e+02, 2.774319763183594e+02, 2.774356994628906e+02, 2.774395751953125e+02, 2.774432373046875e+02, 2.774466552734375e+02, 2.774498291015625e+02, 2.774528198242188e+02, 2.774556274414062e+02, 2.77458251953125e+02, 2.774609069824219e+02, 2.776940612792969e+02, 2.780057067871094e+02, 2.777560729980469e+02, 2.774820861816406e+02, 2.779248657226562e+02, 2.77959228515625e+02, 2.773848266601562e+02, 2.767748413085938e+02, 2.768192443847656e+02, 2.768645324707031e+02, 2.772672119140625e+02, 2.769151000976562e+02, 2.766375427246094e+02, 2.768402099609375e+02, 2.765692443847656e+02, 2.765618286132812e+02, 2.763033142089844e+02, 2.768891296386719e+02, 2.774082641601562e+02, 2.777927551269531e+02, 2.78057861328125e+02, 2.791492919921875e+02, 2.798563232421875e+02, 2.793915100097656e+02, 2.785952453613281e+02, 2.784248657226562e+02, 2.78384765625e+02, 2.7616455078125e+02, 2.749954528808594e+02, 2.740959167480469e+02, 2.736776733398438e+02, 2.731880798339844e+02, 2.732315673828125e+02, 2.733135375976562e+02, 2.735293579101562e+02, 2.756429138183594e+02, 2.784801025390625e+02, 2.808603820800781e+02, 2.846020202636719e+02, 2.846512756347656e+02, 2.835594787597656e+02, 2.814529113769531e+02, 2.80497802734375e+02, 2.807226867675781e+02, 2.804085693359375e+02, 2.800326232910156e+02, 2.796795654296875e+02, 2.791645202636719e+02, 2.794193420410156e+02, 2.810729675292969e+02, 2.817100219726562e+02, 2.818335266113281e+02, 2.8228173828125e+02, 2.835281982421875e+02, 2.842591247558594e+02, 2.860881652832031e+02, 2.86200927734375e+02, 2.844708862304688e+02, 2.828504943847656e+02, 2.817093505859375e+02, 2.804947509765625e+02, 2.803773803710938e+02, 2.799131774902344e+02, 2.792921447753906e+02, 2.793951110839844e+02, 2.796475524902344e+02, 2.794070129394531e+02]
multizone.TAir[2]=[2.771499938964844e+02, 2.78673828125e+02, 2.787056579589844e+02, 2.788896179199219e+02, 2.791230163574219e+02, 2.790958557128906e+02, 2.788775939941406e+02, 2.784056091308594e+02, 2.784065856933594e+02, 2.784308471679688e+02, 2.784697570800781e+02, 2.785184631347656e+02, 2.78573974609375e+02, 2.786345520019531e+02, 2.786985168457031e+02, 2.787640380859375e+02, 2.796165771484375e+02, 2.799447021484375e+02, 2.802523193359375e+02, 2.803338928222656e+02, 2.804635009765625e+02, 2.807062377929688e+02, 2.807110290527344e+02, 2.805774536132812e+02, 2.799696655273438e+02, 2.799400939941406e+02, 2.7993115234375e+02, 2.799336547851562e+02, 2.799425964355469e+02, 2.799552307128906e+02, 2.799699401855469e+02, 2.7998583984375e+02, 2.800023193359375e+02, 2.807589721679688e+02, 2.810440673828125e+02, 2.813128967285156e+02, 2.813943786621094e+02, 2.8142578125e+02, 2.8163671875e+02, 2.816392517089844e+02, 2.81505859375e+02, 2.807001953125e+02, 2.806415100097656e+02, 2.805914306640625e+02, 2.806159973144531e+02, 2.80524658203125e+02, 2.804626770019531e+02, 2.804695434570312e+02, 2.803997802734375e+02, 2.803531799316406e+02, 2.809494018554688e+02, 2.813133239746094e+02, 2.815433349609375e+02, 2.817020263671875e+02, 2.817440795898438e+02, 2.820536193847656e+02, 2.821932373046875e+02, 2.821347351074219e+02, 2.81406494140625e+02, 2.813517761230469e+02, 2.813309936523438e+02, 2.81028076171875e+02, 2.808165283203125e+02, 2.806664123535156e+02, 2.805835571289062e+02, 2.804894409179688e+02, 2.804855651855469e+02, 2.809951782226562e+02, 2.814354553222656e+02, 2.819016418457031e+02, 2.82412109375e+02, 2.8278369140625e+02, 2.836433715820312e+02, 2.839415283203125e+02, 2.838740844726562e+02, 2.83113037109375e+02, 2.829491271972656e+02, 2.830107727050781e+02, 2.830025939941406e+02, 2.829978942871094e+02, 2.829994812011719e+02, 2.829657287597656e+02, 2.8305615234375e+02, 2.833556213378906e+02, 2.838299865722656e+02, 2.844579772949219e+02, 2.847689514160156e+02, 2.850989074707031e+02, 2.852201538085938e+02, 2.857045288085938e+02, 2.859931640625e+02, 2.859178161621094e+02, 2.853671264648438e+02, 2.8500341796875e+02, 2.848414611816406e+02, 2.848006286621094e+02, 2.847622680664062e+02, 2.847273864746094e+02, 2.847546081542969e+02, 2.847875671386719e+02, 2.847005004882812e+02]
multizone.TAir[3]=[2.771499938964844e+02, 2.879300231933594e+02, 2.884745483398438e+02, 2.891221313476562e+02, 2.897767333984375e+02, 2.902310485839844e+02, 2.905186767578125e+02, 2.906150817871094e+02, 2.910634155273438e+02, 2.914997253417969e+02, 2.919247741699219e+02, 2.923391418457031e+02, 2.927434387207031e+02, 2.931380920410156e+02, 2.931499938964844e+02, 2.931499938964844e+02, 2.931500244140625e+02, 2.931500244140625e+02, 2.931499938964844e+02, 2.931499938964844e+02, 2.931499938964844e+02, 2.931499938964844e+02, 2.931499938964844e+02, 2.931499938964844e+02, 2.931499938964844e+02, 2.931499938964844e+02, 2.931499938964844e+02, 2.931499938964844e+02, 2.931499938964844e+02, 2.931499938964844e+02, 2.931499938964844e+02, 2.931499938964844e+02, 2.931499938964844e+02, 2.931499938964844e+02, 2.931499938964844e+02, 2.931499938964844e+02, 2.931499938964844e+02, 2.931499938964844e+02, 2.931499938964844e+02, 2.931499938964844e+02, 2.943111267089844e+02, 2.931499938964844e+02, 2.931499938964844e+02, 2.931499938964844e+02, 2.931499938964844e+02, 2.931499938964844e+02, 2.931499938964844e+02, 2.931499938964844e+02, 2.931499938964844e+02, 2.931499938964844e+02, 2.931500244140625e+02, 2.931499938964844e+02, 2.931499938964844e+02, 2.931499938964844e+02, 2.931499938964844e+02, 2.931499938964844e+02, 2.970761108398438e+02, 2.974426574707031e+02, 2.971255187988281e+02, 2.974618835449219e+02, 2.977588500976562e+02, 2.980025634765625e+02, 2.98256591796875e+02, 2.9844873046875e+02, 2.986466979980469e+02, 2.988251647949219e+02, 2.990280456542969e+02, 2.995923156738281e+02, 3.000253295898438e+02, 3.0050390625e+02, 3.011569213867188e+02, 3.017097778320312e+02, 3.021887817382812e+02, 3.024403686523438e+02, 3.026420288085938e+02, 3.02298828125e+02, 3.024081726074219e+02, 3.027520446777344e+02, 3.03007568359375e+02, 3.029442138671875e+02, 3.031041870117188e+02, 3.03449462890625e+02, 3.035270690917969e+02, 3.031778564453125e+02, 3.033630981445312e+02, 3.042312927246094e+02, 3.043598022460938e+02, 3.048477783203125e+02, 3.055088195800781e+02, 3.058770141601562e+02, 3.054787292480469e+02, 3.060171203613281e+02, 3.054710998535156e+02, 3.050898132324219e+02, 3.055479431152344e+02, 3.056321411132812e+02, 3.057633361816406e+02, 3.05398193359375e+02, 3.053723754882812e+02, 3.055245971679688e+02, 3.058854370117188e+02]
