last-generated=2022-10-31
statistics-initialization=
{
  "linear": "5"
}
statistics-simulation=
{
  "linear": "4, 0",
  "nonlinear": "0, 1, 0, 1, 0, 1",
  "number of continuous time states": "8",
  "numerical Jacobians": "0"
}
time=[0e+00, 3.1536e+07]
thermalZone.TAir=[2.931499938964844e+02, 2.909496719102557e+02, 2.874315298559513e+02, 2.881358000656654e+02, 2.890127347863239e+02, 2.881329345703125e+02, 2.8803587777274e+02, 2.879085170200893e+02, 2.872675043279474e+02, 2.884928100585938e+02, 2.893926086425781e+02, 2.881822102864583e+02, 2.894566218538104e+02, 2.905080623986586e+02, 2.898530085637019e+02, 2.899630432128906e+02, 2.905302429810794e+02, 2.903185532513787e+02, 2.930004345703125e+02, 2.900636046609761e+02, 2.910876770019531e+02, 2.915275695870843e+02, 2.903841829463751e+02, 2.895768737792969e+02, 2.923750519448138e+02, 2.910108032226562e+02, 2.913372855808424e+02, 2.915722595214844e+02, 2.912838657924107e+02, 2.91106201171875e+02, 2.928039855957031e+02, 2.905254537892896e+02, 2.914083471963572e+02, 2.952298925063189e+02, 2.914805559430803e+02, 2.91890625e+02, 2.930112222811071e+02, 2.924412628173828e+02, 2.928126803017337e+02, 2.919638839381939e+02, 2.916547241210938e+02, 2.932381190249794e+02, 2.925789267492382e+02, 2.929317349520597e+02, 2.932613343934755e+02, 2.917575988769531e+02, 2.909232177734375e+02, 2.919148664202009e+02, 2.909176159667969e+02, 2.922068876378676e+02, 2.937941589355469e+02, 2.922088599571815e+02, 2.929250742261094e+02, 2.949250962999132e+02, 2.926492319414693e+02, 2.932351684570312e+02, 2.93704154179014e+02, 2.924480529785156e+02, 2.939773808327042e+02, 2.940132537235488e+02, 2.931935119628906e+02, 2.955115693857972e+02, 2.928505113389757e+02, 2.931942138671875e+02, 2.952323749248798e+02, 2.921472778320312e+02, 2.9241943359375e+02, 2.937888586425781e+02, 2.925232325962612e+02, 2.934034118652344e+02, 2.9442431640625e+02, 2.929278853132918e+02, 2.936819291548296e+02, 2.956307983398438e+02, 2.933107845908717e+02, 2.927951354980469e+02, 2.946276385967548e+02, 2.924953131424753e+02, 2.938464324951172e+02, 2.928567482552878e+02, 2.926840209960938e+02, 2.93624032156808e+02, 2.915083261622061e+02, 2.910695254303688e+02, 2.916631631212667e+02, 2.899750671386719e+02, 2.899147727272727e+02, 2.911365923200335e+02, 2.897028137207031e+02, 2.910327055557914e+02, 2.907109375e+02, 2.898467433198969e+02, 2.896033325195312e+02, 2.904225100562686e+02, 2.884463581941566e+02, 2.89142578125e+02, 2.894103071973868e+02, 2.885557434082031e+02, 2.8944885952249e+02, 2.885541453642004e+02, 2.884770202636719e+02]
thermalZone.X_w=[9.999999776482582e-03, 6.606600841063657e-03, 5.519628811232795e-03, 6.828581769790115e-03, 7.713750045260657e-03, 8.496363647282124e-03, 8.388670560504709e-03, 6.039195694029331e-03, 5.776203576136719e-03, 5.174734104763378e-03, 7.243935484439135e-03, 6.810550112277269e-03, 7.551576371111398e-03, 7.213290297549288e-03, 7.815314456820488e-03, 5.077897105365992e-03, 6.614659245654134e-03, 8.845011265400578e-03, 8.372121043503284e-03, 6.678956445812443e-03, 5.654946900904179e-03, 7.304390361423882e-03, 4.768175941607929e-03, 7.021122612059116e-03, 9.36745537167534e-03, 6.240749731659889e-03, 6.418788441173408e-03, 6.491276466598113e-03, 8.881441849683012e-03, 8.458335968581114e-03, 7.653029635548592e-03, 6.383876034686732e-03, 6.561807259310817e-03, 6.658957257647724e-03, 6.727016730500119e-03, 6.541228387504816e-03, 8.258901559179875e-03, 1.085922084748745e-02, 6.842621845644059e-03, 7.415499054941295e-03, 7.122071925550699e-03, 7.27482828752775e-03, 8.148857764211138e-03, 6.931184960359877e-03, 7.213441504014505e-03, 7.242658641189337e-03, 6.16896990686655e-03, 7.422911442284073e-03, 7.68645728006959e-03, 7.832051172633381e-03, 6.210758350789547e-03, 7.252713808646569e-03, 7.711044153220571e-03, 8.393691024846502e-03, 8.067186260896345e-03, 8.110817521810532e-03, 8.722464457668107e-03, 7.972369901835918e-03, 9.044392245719913e-03, 9.457293379780473e-03, 7.546450011432171e-03, 8.55296658693065e-03, 8.436744411786398e-03, 9.151333710178733e-03, 8.875069495003957e-03, 8.890806697309017e-03, 7.906853769193678e-03, 8.543242663145066e-03, 8.148403040000371e-03, 8.269304409623146e-03, 8.774722926318645e-03, 8.171304934532256e-03, 9.211446835913441e-03, 1.133452110776776e-02, 9.908811875471943e-03, 8.296942338347435e-03, 8.546954450699e-03, 7.957265712320805e-03, 8.339903317391872e-03, 5.175493634873774e-03, 6.012130528688431e-03, 7.71662187097328e-03, 7.396633003718487e-03, 7.11705012593505e-03, 6.595549861584704e-03, 7.666680961847305e-03, 8.866242217746649e-03, 9.33617792491402e-03, 7.624704887469609e-03, 4.581410862991343e-03, 7.888813503086567e-03, 3.737087416006847e-03, 7.678928785026073e-03, 8.510432960022064e-03, 5.446052283276708e-03, 5.868964828550816e-03, 7.78831781012017e-03, 5.593104511499405e-03, 4.687275915476973e-03, 5.115281708319397e-03, 8.183191530406475e-03]
thermalZone.CO2Con=[0e+00, 6.240417721165084e+02, 4.026660461425781e+02, 4.261222586796201e+02, 5.32605832307235e+02, 4.0266796875e+02, 4.097262595040457e+02, 5.345402548653739e+02, 4.045990323153409e+02, 4.555292785644531e+02, 5.701056518554688e+02, 4.027977905273438e+02, 4.331158383927255e+02, 4.026660461425781e+02, 4.040612065241887e+02, 4.026671142578125e+02, 5.070318972906751e+02, 4.026660461425781e+02, 5.154577783203125e+02, 4.026660461425781e+02, 4.026824340820312e+02, 4.026660461425781e+02, 4.026920992164536e+02, 4.026660461425781e+02, 4.90330389793883e+02, 4.026660461425781e+02, 4.043928633980129e+02, 4.738631368001302e+02, 4.026661071777344e+02, 4.056180669611151e+02, 5.0752978515625e+02, 4.026829826887264e+02, 4.10886480996775e+02, 5.545954733455883e+02, 4.026712602887835e+02, 4.493336791992188e+02, 4.026660461425781e+02, 4.026666717529297e+02, 4.026660461425781e+02, 4.026660766601562e+02, 4.026660461425781e+02, 5.909000918739721e+02, 4.026660461425781e+02, 4.026818098588423e+02, 4.026660461425781e+02, 4.026664733886719e+02, 4.026660461425781e+02, 4.356971915108817e+02, 4.026660461425781e+02, 4.032295209099265e+02, 4.53469482421875e+02, 4.026664898212139e+02, 4.054270103124616e+02, 5.289488321940104e+02, 4.026661583685106e+02, 4.226507263183594e+02, 5.090057394093481e+02, 4.026666625976562e+02, 4.628512257808397e+02, 4.026660461425781e+02, 4.026693725585938e+02, 4.026660461425781e+02, 4.026660461425781e+02, 4.026660461425781e+02, 5.00483633188101e+02, 4.026660461425781e+02, 4.030220875459559e+02, 4.026660461425781e+02, 4.026660461425781e+02, 4.026660461425781e+02, 4.479835510253906e+02, 4.026660461425781e+02, 4.051122214577415e+02, 5.150849127518503e+02, 4.026663127698396e+02, 4.177138366699219e+02, 5.284475895808293e+02, 4.026664187782689e+02, 4.732761322021485e+02, 4.150571839867569e+02, 4.026712036132812e+02, 5.631717878069196e+02, 4.026660461425781e+02, 4.03043320057004e+02, 4.026660461425781e+02, 4.026788330078125e+02, 4.026660461425781e+02, 4.230426592145647e+02, 4.026660461425781e+02, 4.049024432638417e+02, 4.026660461425781e+02, 4.027005543810256e+02, 4.026660461425781e+02, 5.35129632859003e+02, 4.026660461425781e+02, 5.069108276367188e+02, 5.783400160449689e+02, 4.035222387695313e+02, 5.508598592308621e+02, 4.425382726332721e+02, 4.045414428710938e+02]
