last-generated=2019-04-17
statistics-initialization=
{
  "nonlinear": "1",
  "numerical Jacobians": "0"
}
statistics-simulation=
{
  "linear": " ",
  "nonlinear": "1",
  "number of continuous time states": "11",
  "numerical Jacobians": "0"
}
heatPump.sigBusHP.T_flow_co=[3.031499938964844e+02, 2.931579895019531e+02, 2.931525268554688e+02, 2.931543273925781e+02, 2.931558837890625e+02, 2.931571350097656e+02, 2.931580200195312e+02, 2.931585998535156e+02, 2.931588745117188e+02, 2.931588134765625e+02, 2.931584777832031e+02, 2.931578674316406e+02, 2.931569519042969e+02, 2.931557922363281e+02, 2.931543884277344e+02, 2.931527404785156e+02, 2.931509094238281e+02, 2.931488342285156e+02, 2.931466064453125e+02, 2.931442260742188e+02, 2.931416931152344e+02, 2.931390075683594e+02, 2.9313623046875e+02, 2.931333923339844e+02, 2.931304626464844e+02, 2.931275024414062e+02, 2.931244812011719e+02, 2.931214904785156e+02, 2.931185302734375e+02, 2.931155700683594e+02, 2.931126708984375e+02, 2.931098937988281e+02, 2.93107177734375e+02, 2.931046142578125e+02, 2.931021728515625e+02, 2.930999145507812e+02, 2.930978393554688e+02, 2.930959777832031e+02, 2.930943298339844e+02, 2.930929260253906e+02, 2.930917663574219e+02, 2.930908813476562e+02, 2.930902709960938e+02, 2.930899353027344e+02, 2.930899353027344e+02, 2.930902404785156e+02, 2.930908813476562e+02, 2.930918273925781e+02, 2.930931091308594e+02, 2.930947570800781e+02, 2.930967407226562e+02, 2.930990905761719e+02, 2.931017761230469e+02, 2.931047973632812e+02, 2.931082153320312e+02, 2.931119384765625e+02, 2.931160278320312e+02, 2.931204528808594e+02, 2.93125244140625e+02, 2.931303100585938e+02, 2.931357116699219e+02, 2.931414184570312e+02, 2.931474304199219e+02, 2.931537170410156e+02, 2.931602478027344e+02, 2.931670227050781e+02, 2.931740417480469e+02, 2.931812744140625e+02, 2.93188720703125e+02, 2.931963195800781e+02, 2.932041015625e+02, 2.932120056152344e+02, 2.932200317382812e+02, 2.932281799316406e+02, 2.932363891601562e+02, 2.932446594238281e+02, 2.932529907226562e+02, 2.932613220214844e+02, 2.932696533203125e+02, 2.932779541015625e+02, 2.932862243652344e+02, 2.9329443359375e+02, 2.933025817871094e+02, 2.933106079101562e+02, 2.933185119628906e+02, 2.933262634277344e+02, 2.933338928222656e+02, 2.933413391113281e+02, 2.933485717773438e+02, 2.933556213378906e+02, 2.933624572753906e+02, 2.933690490722656e+02, 2.933754272460938e+02, 2.933815307617188e+02, 2.933873596191406e+02, 2.933929138183594e+02, 2.93398193359375e+02, 2.934031982421875e+02, 2.934078674316406e+02, 2.934122619628906e+02, 2.934163513183594e+02]
heatPump.sigBusHP.T_ret_co=[3.031499938964844e+02, 3.031378479003906e+02, 3.031171875e+02, 3.030967407226562e+02, 3.030765075683594e+02, 3.030565185546875e+02, 3.030367126464844e+02, 3.030171508789062e+02, 3.029977416992188e+02, 3.029785766601562e+02, 3.029595642089844e+02, 3.029407653808594e+02, 3.02922119140625e+02, 3.029036560058594e+02, 3.028853759765625e+02, 3.028672790527344e+02, 3.028493347167969e+02, 3.0283154296875e+02, 3.028139343261719e+02, 3.027964477539062e+02, 3.027791442871094e+02, 3.02761962890625e+02, 3.027449340820312e+02, 3.027280578613281e+02, 3.027113342285156e+02, 3.026947326660156e+02, 3.026782836914062e+02, 3.026619567871094e+02, 3.026458129882812e+02, 3.026324157714844e+02, 3.026237182617188e+02, 3.026192321777344e+02, 3.026177673339844e+02, 3.026192321777344e+02, 3.026234741210938e+02, 3.026298522949219e+02, 3.026381225585938e+02, 3.026482543945312e+02, 3.026602478027344e+02, 3.02674072265625e+02, 3.026897277832031e+02, 3.027071838378906e+02, 3.027264404296875e+02, 3.027474975585938e+02, 3.02770263671875e+02, 3.027948608398438e+02, 3.028215026855469e+02, 3.028504028320312e+02, 3.028815307617188e+02, 3.029148559570312e+02, 3.029503479003906e+02, 3.029879760742188e+02, 3.030277709960938e+02, 3.030697021484375e+02, 3.031137084960938e+02, 3.031597900390625e+02, 3.032078247070312e+02, 3.032560119628906e+02, 3.033037719726562e+02, 3.0335107421875e+02, 3.0339794921875e+02, 3.034443969726562e+02, 3.034904479980469e+02, 3.035360717773438e+02, 3.035812683105469e+02, 3.036260986328125e+02, 3.036705322265625e+02, 3.037145690917969e+02, 3.037582092285156e+02, 3.03801513671875e+02, 3.038444213867188e+02, 3.03886962890625e+02, 3.039291687011719e+02, 3.039710083007812e+02, 3.040125122070312e+02, 3.040536499023438e+02, 3.040944519042969e+02, 3.041349182128906e+02, 3.04175048828125e+02, 3.0421484375e+02, 3.042543334960938e+02, 3.0429345703125e+02, 3.043323059082031e+02, 3.043707885742188e+02, 3.044089965820312e+02, 3.044468688964844e+02, 3.044844360351562e+02, 3.045216674804688e+02, 3.045586242675781e+02, 3.045952453613281e+02, 3.046315612792969e+02, 3.046675720214844e+02, 3.047032775878906e+02, 3.047386779785156e+02, 3.047737731933594e+02, 3.0480859375e+02, 3.048430786132812e+02, 3.048772583007812e+02, 3.049111328125e+02, 3.049447326660156e+02, 3.049779968261719e+02]
heatPump.sigBusHP.T_flow_ev=[2.931499938964844e+02, 2.78e+02, 2.78e+02, 2.78e+02, 2.78e+02, 2.78e+02, 2.78e+02, 2.78e+02, 2.78e+02, 2.78e+02, 2.78e+02, 2.78e+02, 2.78e+02, 2.78e+02, 2.78e+02, 2.78e+02, 2.78e+02, 2.78e+02, 2.78e+02, 2.78e+02, 2.78e+02, 2.78e+02, 2.78e+02, 2.78e+02, 2.78e+02, 2.78e+02, 2.78e+02, 2.78e+02, 2.781874694824219e+02, 2.790874938964844e+02, 2.799874877929688e+02, 2.808875122070312e+02, 2.817875061035156e+02, 2.826875e+02, 2.835874938964844e+02, 2.844874877929688e+02, 2.853875122070312e+02, 2.862875061035156e+02, 2.871875e+02, 2.880874938964844e+02, 2.889874877929688e+02, 2.898875122070312e+02, 2.907875061035156e+02, 2.916875e+02, 2.925874938964844e+02, 2.934874877929688e+02, 2.943874816894531e+02, 2.952875061035156e+02, 2.961875e+02, 2.970874938964844e+02, 2.979874877929688e+02, 2.988874816894531e+02, 2.997875061035156e+02, 3.006875e+02, 3.015874938964844e+02, 3.024874877929688e+02, 3.03e+02, 3.03e+02, 3.03e+02, 3.03e+02, 3.03e+02, 3.03e+02, 3.03e+02, 3.03e+02, 3.03e+02, 3.03e+02, 3.03e+02, 3.03e+02, 3.03e+02, 3.03e+02, 3.03e+02, 3.03e+02, 3.03e+02, 3.03e+02, 3.03e+02, 3.03e+02, 3.03e+02, 3.03e+02, 3.03e+02, 3.03e+02, 3.03e+02, 3.03e+02, 3.03e+02, 3.03e+02, 3.03e+02, 3.03e+02, 3.03e+02, 3.03e+02, 3.03e+02, 3.03e+02, 3.03e+02, 3.03e+02, 3.03e+02, 3.03e+02, 3.03e+02, 3.03e+02, 3.03e+02, 3.03e+02, 3.03e+02, 3.03e+02, 3.03e+02]
heatPump.sigBusHP.T_ret_ev=[2.931499938964844e+02, 2.838181762695312e+02, 2.799609069824219e+02, 2.783987731933594e+02, 2.777660522460938e+02, 2.775097351074219e+02, 2.774057922363281e+02, 2.773635864257812e+02, 2.773464050292969e+02, 2.773393249511719e+02, 2.773363342285156e+02, 2.773350219726562e+02, 2.773343811035156e+02, 2.773340148925781e+02, 2.77333740234375e+02, 2.773335266113281e+02, 2.773333435058594e+02, 2.773331604003906e+02, 2.773329772949219e+02, 2.773327941894531e+02, 2.773326110839844e+02, 2.773324584960938e+02, 2.77332275390625e+02, 2.773320922851562e+02, 2.773319396972656e+02, 2.77331787109375e+02, 2.773316040039062e+02, 2.773314514160156e+02, 2.7734716796875e+02, 2.777350769042969e+02, 2.783994750976562e+02, 2.791790466308594e+02, 2.800100402832031e+02, 2.808619384765625e+02, 2.817233276367188e+02, 2.825936889648438e+02, 2.834683532714844e+02, 2.843447265625e+02, 2.852218322753906e+02, 2.860992736816406e+02, 2.869768371582031e+02, 2.878544616699219e+02, 2.887321472167969e+02, 2.8960986328125e+02, 2.904876098632812e+02, 2.913649597167969e+02, 2.922393798828125e+02, 2.931119384765625e+02, 2.939838256835938e+02, 2.948554382324219e+02, 2.957269592285156e+02, 2.965984802246094e+02, 2.974700012207031e+02, 2.983415222167969e+02, 2.99213134765625e+02, 3.000847473144531e+02, 3.008918762207031e+02, 3.012809143066406e+02, 3.014388122558594e+02, 3.015030822753906e+02, 3.015295104980469e+02, 3.015406188964844e+02, 3.0154541015625e+02, 3.015477600097656e+02, 3.015491027832031e+02, 3.015499877929688e+02, 3.015506896972656e+02, 3.015513610839844e+02, 3.015519714355469e+02, 3.015525512695312e+02, 3.015531311035156e+02, 3.015537109375e+02, 3.015542602539062e+02, 3.015548400878906e+02, 3.015553894042969e+02, 3.015559387207031e+02, 3.015564880371094e+02, 3.015570373535156e+02, 3.015575866699219e+02, 3.0155810546875e+02, 3.015586547851562e+02, 3.015591735839844e+02, 3.015596923828125e+02, 3.015602111816406e+02, 3.015607299804688e+02, 3.015612487792969e+02, 3.01561767578125e+02, 3.01562255859375e+02, 3.01562744140625e+02, 3.015632629394531e+02, 3.015637512207031e+02, 3.01564208984375e+02, 3.01564697265625e+02, 3.01565185546875e+02, 3.015656433105469e+02, 3.015661315917969e+02, 3.015665893554688e+02, 3.015670471191406e+02, 3.015675048828125e+02, 3.015679626464844e+02, 3.015684204101562e+02]
time=[0e+00, 3.6e+03]
heatPump.innerCycle.Pel=[7.05e+02, 7.11060302734375e+02, 7.106534423828125e+02, 7.10250732421875e+02, 7.098524169921875e+02, 7.094583129882812e+02, 7.090684204101562e+02, 7.086825561523438e+02, 7.083006591796875e+02, 7.079226684570312e+02, 7.075484008789062e+02, 7.071777954101562e+02, 7.06810791015625e+02, 7.06447265625e+02, 7.06087158203125e+02, 7.057303466796875e+02, 7.053768310546875e+02, 7.050264892578125e+02, 7.046792602539062e+02, 7.043351440429688e+02, 7.039939575195312e+02, 7.036557006835938e+02, 7.033203735351562e+02, 7.029878540039062e+02, 7.026581420898438e+02, 7.023311767578125e+02, 7.020069580078125e+02, 7.016854248046875e+02, 7.045527954101562e+02, 7.195529174804688e+02, 7.346150512695312e+02, 7.323447875976562e+02, 7.263099365234375e+02, 7.203447265625e+02, 7.162468872070312e+02, 7.141032104492188e+02, 7.120065307617188e+02, 7.099569091796875e+02, 7.079544067382812e+02, 7.059991455078125e+02, 7.040911865234375e+02, 7.022306518554688e+02, 7.004176025390625e+02, 6.986522216796875e+02, 6.969345703125e+02, 6.942529296875e+02, 6.899408569335938e+02, 6.856900024414062e+02, 6.815004272460938e+02, 6.773722534179688e+02, 6.733056030273438e+02, 6.69300537109375e+02, 6.653571166992188e+02, 6.614754638671875e+02, 6.576556396484375e+02, 6.53897705078125e+02, 6.523273315429688e+02, 6.535797729492188e+02, 6.548206176757812e+02, 6.560499877929688e+02, 6.572681274414062e+02, 6.584751586914062e+02, 6.596713256835938e+02, 6.608568115234375e+02, 6.6203173828125e+02, 6.631962890625e+02, 6.643507080078125e+02, 6.654951171875e+02, 6.666295776367188e+02, 6.6775439453125e+02, 6.688695678710938e+02, 6.699752807617188e+02, 6.710717163085938e+02, 6.72158935546875e+02, 6.73237060546875e+02, 6.743062133789062e+02, 6.753665161132812e+02, 6.764180297851562e+02, 6.774608764648438e+02, 6.784951782226562e+02, 6.795208740234375e+02, 6.805381469726562e+02, 6.815469970703125e+02, 6.82547607421875e+02, 6.835399169921875e+02, 6.845240478515625e+02, 6.855e+02, 6.864679565429688e+02, 6.87427734375e+02, 6.883795166015625e+02, 6.893233032226562e+02, 6.902591552734375e+02, 6.911870727539062e+02, 6.921069946289062e+02, 6.9301904296875e+02, 6.939232177734375e+02, 6.948194580078125e+02, 6.957078857421875e+02, 6.9658837890625e+02, 6.974610595703125e+02, 6.983258056640625e+02]
heatPump.innerCycle.QEva=[-4.765e+03, -2.778205810546875e+03, -2.779065185546875e+03, -2.77991552734375e+03, -2.780756591796875e+03, -2.7815888671875e+03, -2.782412109375e+03, -2.783226806640625e+03, -2.784033447265625e+03, -2.78483154296875e+03, -2.7856220703125e+03, -2.786404541015625e+03, -2.7871796875e+03, -2.787947265625e+03, -2.78870751953125e+03, -2.7894609375e+03, -2.79020751953125e+03, -2.790947265625e+03, -2.7916806640625e+03, -2.7924072265625e+03, -2.793127685546875e+03, -2.793842041015625e+03, -2.79455029296875e+03, -2.79525244140625e+03, -2.795948486328125e+03, -2.796638916015625e+03, -2.79732373046875e+03, -2.798002685546875e+03, -2.839916259765625e+03, -3.03840478515625e+03, -3.236634521484375e+03, -3.38852392578125e+03, -3.53015234375e+03, -3.6716640625e+03, -3.79000732421875e+03, -3.883904052734375e+03, -3.977708740234375e+03, -4.071421142578125e+03, -4.16504052734375e+03, -4.25856591796875e+03, -4.35199658203125e+03, -4.44533251953125e+03, -4.538572265625e+03, -4.63171484375e+03, -4.7247607421875e+03, -4.8278798828125e+03, -4.94782373046875e+03, -5.06762158203125e+03, -5.18726904296875e+03, -5.30676416015625e+03, -5.42610302734375e+03, -5.5452822265625e+03, -5.6642998046875e+03, -5.78315234375e+03, -5.901836425781251e+03, -6.020349121093751e+03, -6.08659228515625e+03, -6.08389892578125e+03, -6.0812294921875e+03, -6.0785849609375e+03, -6.07596484375e+03, -6.07336865234375e+03, -6.07079541015625e+03, -6.06824560546875e+03, -6.06571826171875e+03, -6.063212890625e+03, -6.06072998046875e+03, -6.05826806640625e+03, -6.055828125e+03, -6.05340869140625e+03, -6.051009765625e+03, -6.04863134765625e+03, -6.04627294921875e+03, -6.04393408203125e+03, -6.04161474609375e+03, -6.03931494140625e+03, -6.0370341796875e+03, -6.0347724609375e+03, -6.032529296875e+03, -6.0303046875e+03, -6.02809814453125e+03, -6.02591015625e+03, -6.02373974609375e+03, -6.02158740234375e+03, -6.019453125e+03, -6.0173359375e+03, -6.01523681640625e+03, -6.01315478515625e+03, -6.01108984375e+03, -6.00904296875e+03, -6.0070126953125e+03, -6.00499951171875e+03, -6.00300341796875e+03, -6.00102490234375e+03, -5.99906298828125e+03, -5.9971181640625e+03, -5.99518994140625e+03, -5.993279296875e+03, -5.99138525390625e+03, -5.9895078125e+03, -5.98764794921875e+03]
heatPump.innerCycle.QCon=[5.47e+03, 3.48926611328125e+03, 3.489718505859375e+03, 3.490166259765625e+03, 3.490609130859375e+03, 3.491047119140625e+03, 3.49148046875e+03, 3.491909423828125e+03, 3.492333984375e+03, 3.49275439453125e+03, 3.49317041015625e+03, 3.493582275390625e+03, 3.493990234375e+03, 3.49439453125e+03, 3.494794677734375e+03, 3.49519140625e+03, 3.49558447265625e+03, 3.495973876953125e+03, 3.49635986328125e+03, 3.496742431640625e+03, 3.497121826171875e+03, 3.497497802734375e+03, 3.49787060546875e+03, 3.498240234375e+03, 3.498606689453125e+03, 3.49897021484375e+03, 3.49933056640625e+03, 3.49968798828125e+03, 3.544468994140625e+03, 3.75795751953125e+03, 3.97124951171875e+03, 4.12086865234375e+03, 4.25646240234375e+03, 4.3920087890625e+03, 4.50625439453125e+03, 4.59800732421875e+03, 4.68971533203125e+03, 4.7813779296875e+03, 4.87299462890625e+03, 4.96456494140625e+03, 5.056087890625e+03, 5.14756298828125e+03, 5.23898974609375e+03, 5.3303671875e+03, 5.4216953125e+03, 5.5221328125e+03, 5.6377646484375e+03, 5.7533115234375e+03, 5.86876953125e+03, 5.98413623046875e+03, 6.099408203125e+03, 6.2145830078125e+03, 6.32965673828125e+03, 6.44462744140625e+03, 6.559491699218751e+03, 6.674247070312501e+03, 6.738919921875e+03, 6.737478515625e+03, 6.73605029296875e+03, 6.73463525390625e+03, 6.73323291015625e+03, 6.73184375e+03, 6.730466796875e+03, 6.72910205078125e+03, 6.72775e+03, 6.7264091796875e+03, 6.72508056640625e+03, 6.72376318359375e+03, 6.72245751953125e+03, 6.72116259765625e+03, 6.71987939453125e+03, 6.7186064453125e+03, 6.71734423828125e+03, 6.7160927734375e+03, 6.71485205078125e+03, 6.71362158203125e+03, 6.71240087890625e+03, 6.7111904296875e+03, 6.709990234375e+03, 6.7087998046875e+03, 6.707619140625e+03, 6.7064482421875e+03, 6.70528662109375e+03, 6.70413525390625e+03, 6.70299267578125e+03, 6.7018603515625e+03, 6.70073681640625e+03, 6.69962255859375e+03, 6.698517578125e+03, 6.69742236328125e+03, 6.6963359375e+03, 6.6952587890625e+03, 6.6941904296875e+03, 6.6931318359375e+03, 6.69208203125e+03, 6.691041015625e+03, 6.690009765625e+03, 6.68898681640625e+03, 6.6879736328125e+03, 6.68696923828125e+03, 6.6859736328125e+03]
