last-generated=2022-02-25
statistics-simulation=
{
  "linear": " ",
  "nonlinear": " ",
  "number of continuous time states": "1",
  "numerical Jacobians": "0"
}
time=[0e+00, 5e+01]
movingAverage.u=[1e+00, 1e+00, 1e+00, 1e+00, 1e+00, 1e+00, 1e+00, 1e+00, 1e+00, 1e+00, 1e+00, 0e+00, 0e+00, 0e+00, 0e+00, 0e+00, 0e+00, 0e+00, 0e+00, 0e+00, 0e+00, 1e+00, 1e+00, 1e+00, 1e+00, 1e+00, 1e+00, 1e+00, 1e+00, 1e+00, 1e+00, 0e+00, 0e+00, 0e+00, 0e+00, 0e+00, 0e+00, 0e+00, 0e+00, 0e+00, 0e+00, 1e+00, 1e+00, 1e+00, 1e+00, 1e+00, 1e+00, 1e+00, 1e+00, 1e+00, 1e+00, 0e+00, 0e+00, 0e+00, 0e+00, 0e+00, 0e+00, 0e+00, 0e+00, 0e+00, 0e+00, 1e+00, 1e+00, 1e+00, 1e+00, 1e+00, 1e+00, 1e+00, 1e+00, 1e+00, 1e+00, 0e+00, 0e+00, 0e+00, 0e+00, 0e+00, 0e+00, 0e+00, 0e+00, 0e+00, 0e+00, 1e+00, 1e+00, 1e+00, 1e+00, 1e+00, 1e+00, 1e+00, 1e+00, 1e+00, 1e+00, 0e+00, 0e+00, 0e+00, 0e+00, 0e+00, 0e+00, 0e+00, 0e+00, 0e+00, 0e+00]
movingAverage.y=[0e+00, 1.000000014901161e-01, 2.000000029802322e-01, 3.00000011920929e-01, 4.000000059604645e-01, 5e-01, 6.000000238418579e-01, 6.999999880790712e-01, 8.00000011920929e-01, 8.999999761581421e-01, 1e+00, 8.999999761581421e-01, 8.00000011920929e-01, 6.99999988079071e-01, 6.000000238418577e-01, 5e-01, 4.000000059604645e-01, 3.00000011920929e-01, 2.000000029802322e-01, 1.000000014901161e-01, 3.552713678800501e-15, 1.000000014901161e-01, 2.000000029802322e-01, 3.00000011920929e-01, 4.000000059604645e-01, 5e-01, 6.000000238418579e-01, 6.99999988079071e-01, 8.000000119209293e-01, 8.999999761581418e-01, 1e+00, 8.999999761581421e-01, 8.00000011920929e-01, 6.99999988079071e-01, 6.000000238418579e-01, 5e-01, 4.000000059604645e-01, 3.00000011920929e-01, 2.000000029802322e-01, 1.000000014901161e-01, 2.000504623067556e-10, 1.000000014901161e-01, 2.000000029802322e-01, 3.00000011920929e-01, 4.000000059604645e-01, 5e-01, 6.000000238418579e-01, 6.99999988079071e-01, 8.00000011920929e-01, 8.999999761581421e-01, 1e+00, 8.999999761581421e-01, 8.00000011920929e-01, 6.99999988079071e-01, 6.000000238418579e-01, 4.999999999999993e-01, 4.000000059604638e-01, 3.000000119209297e-01, 2.00000002980233e-01, 1.000000014901161e-01, 2.000575677341132e-10, 1.000000014901161e-01, 2.000000029802322e-01, 3.00000011920929e-01, 4.000000059604645e-01, 5e-01, 6.000000238418579e-01, 6.99999988079071e-01, 8.00000011920929e-01, 8.999999761581421e-01, 1e+00, 8.999999761581421e-01, 8.00000011920929e-01, 6.99999988079071e-01, 6.000000238418579e-01, 5e-01, 4.000000059604645e-01, 3.00000011920929e-01, 2.000000029802322e-01, 1.000000014901161e-01, 2.001399879159038e-10, 1.000000014901161e-01, 2.000000029802322e-01, 3.00000011920929e-01, 4.000000059604645e-01, 5e-01, 6.000000238418579e-01, 6.99999988079071e-01, 8.00000011920929e-01, 8.999999761581421e-01, 1e+00, 8.999999761581421e-01, 8.00000011920929e-01, 6.99999988079071e-01, 6.000000238418579e-01, 5e-01, 4.000000059604645e-01, 3.00000011920929e-01, 2.000000029802322e-01, 1.000000014901161e-01, 2.001996762812652e-10]
