last-generated=2021-05-11
statistics-simulation=
{
  "linear": " ",
  "nonlinear": "0",
  "number of continuous time states": "4",
  "numerical Jacobians": "0"
}
time=[0e+00, 6e+01]
masFloRat.ports[1].m_flow=[-1e+01, -9.80000019868214e+00, -9.600000397364283e+00, -9.399999602635717e+00, -9.199999841054218e+00, -9e+00, -8.800000158945783e+00, -8.600000317891691e+00, -8.399999682108309e+00, -8.19999984105428e+00, -8e+00, -7.80000015894572e+00, -7.599999841054533e+00, -7.400000158945467e+00, -7.199999682109572e+00, -7e+00, -6.800000317890428e+00, -6.59999984105428e+00, -6.40000015894572e+00, -6.199999682109572e+00, -6e+00, -5.800000317890428e+00, -5.599999841054281e+00, -5.400000158945719e+00, -5.199999682109572e+00, -5e+00, -4.800000317890428e+00, -4.600000158943697e+00, -4.399999841056301e+00, -4.199999682109572e+00, -4e+00, -3.800000079471848e+00, -3.600000158945214e+00, -3.399999841054786e+00, -3.19999992052815e+00, -3e+00, -2.80000007947185e+00, -2.600000158945214e+00, -2.399999841054786e+00, -2.19999992052815e+00, -2e+00, -1.800000079472229e+00, -1.600000278152988e+00, -1.399999721847012e+00, -1.199999920527772e+00, -1e+00, -8.000001390764935e-01, -6.000002781529881e-01, -3.99999751649146e-01, -1.999998758245256e-01, 2.309263891220326e-14, 1.999998758245256e-01, 3.99999751649146e-01, 6.000002781529881e-01, 7.999995033059972e-01, 1e+00, 1.200000556297892e+00, 1.399999721842969e+00, 1.600000278157029e+00, 1.799999443702108e+00, 2e+00, 2.200000556297892e+00, 2.399999841050744e+00, 2.600000158949256e+00, 2.799999443702108e+00, 3e+00, 3.200000556297892e+00, 3.399999841050744e+00, 3.600000158949258e+00, 3.799999443702108e+00, 4e+00, 4.200000317879311e+00, 4.399999841052258e+00, 4.60000015894774e+00, 4.799999682120687e+00, 5e+00, 5.200000317879313e+00, 5.39999984105226e+00, 5.600000158947742e+00, 5.799999682120689e+00, 6e+00, 6.200000317879313e+00, 6.399999841052258e+00, 6.60000015894774e+00, 6.799999682120687e+00, 7e+00, 7.200000317879313e+00, 7.39999984105226e+00, 7.60000015894774e+00, 7.799999682120687e+00, 8e+00, 8.200000317879313e+00, 8.399999364215102e+00, 8.6000006357849e+00, 8.799999682120687e+00, 9e+00, 9.20000031787931e+00, 9.3999993642151e+00, 9.600000635784898e+00, 9.799999682120687e+00, 1e+01]
senDenVol.d=[1.200000047683716e+00, 1.202274918559908e+00, 1.202183008201217e+00, 1.202093005173301e+00, 1.202004909529213e+00, 1.201918601989746e+00, 1.20183432100877e+00, 1.201751828167896e+00, 1.201671361948608e+00, 1.201592683804525e+00, 1.201515913009644e+00, 1.201441168773348e+00, 1.201368212676963e+00, 1.201297044776387e+00, 1.201227903322888e+00, 1.201160669326782e+00, 1.201095223468125e+00, 1.201031804064883e+00, 1.200970172901407e+00, 1.200910568199788e+00, 1.200852751731873e+00, 1.200796842609937e+00, 1.200742840750043e+00, 1.200690746323668e+00, 1.200640439956108e+00, 1.200592160224915e+00, 1.20054578784008e+00, 1.200501203593072e+00, 1.200458526559033e+00, 1.200417876218201e+00, 1.200379014015198e+00, 1.200342059158553e+00, 1.20030701164751e+00, 1.200273990590176e+00, 1.200242876987583e+00, 1.200213670730591e+00, 1.200186491029626e+00, 1.200163483646975e+00, 1.20014345643555e+00, 1.200126409520787e+00, 1.200112223625183e+00, 1.200098872193469e+00, 1.200086236015219e+00, 1.200074076637369e+00, 1.20006251334424e+00, 1.200051426887512e+00, 1.200040817267563e+00, 1.200030446065436e+00, 1.200020074831476e+00, 1.200009942048306e+00, 1.200000047683716e+00, 1.199989914900546e+00, 1.199979662908845e+00, 1.199969410883417e+00, 1.199958920506105e+00, 1.199948310852051e+00, 1.199937224359322e+00, 1.199925780311484e+00, 1.199913740142165e+00, 1.199900984797446e+00, 1.199887275695801e+00, 1.199872374493681e+00, 1.199855566047518e+00, 1.199836373301878e+00, 1.199813604417006e+00, 1.19978666305542e+00, 1.199757575914496e+00, 1.19972753528873e+00, 1.199689984270814e+00, 1.19965171822908e+00, 1.199622988700867e+00, 1.199590563649814e+00, 1.199534058655749e+00, 1.199486613241788e+00, 1.199457645539039e+00, 1.199407577514648e+00, 1.199358224758122e+00, 1.199306726527691e+00, 1.199251174909326e+00, 1.199206471394671e+00, 1.199143528938293e+00, 1.199090361429933e+00, 1.199029922561901e+00, 1.198968291203072e+00, 1.198904752895029e+00, 1.198839426040649e+00, 1.198772191827027e+00, 1.19870305070208e+00, 1.198632001784365e+00, 1.198559045978068e+00, 1.198484182357788e+00, 1.198407411376749e+00, 1.198328733545775e+00, 1.198248267069932e+00, 1.198165774557608e+00, 1.198081493377686e+00, 1.197995304838519e+00, 1.197907209509292e+00, 1.19781720626679e+00, 1.197725296255455e+00, 1.197631478309631e+00]
senDenFlo.d=[1.200000047683716e+00, 1.200000047683716e+00, 1.200000047683716e+00, 1.200000047683716e+00, 1.200000047683716e+00, 1.200000047683716e+00, 1.200000047683716e+00, 1.200000047683716e+00, 1.200000047683716e+00, 1.200000047683716e+00, 1.200000047683716e+00, 1.200000047683716e+00, 1.200000047683716e+00, 1.200000047683716e+00, 1.200000047683716e+00, 1.200000047683716e+00, 1.200000047683716e+00, 1.200000047683716e+00, 1.200000047683716e+00, 1.200000047683716e+00, 1.200000047683716e+00, 1.200000047683716e+00, 1.200000047683716e+00, 1.200000047683716e+00, 1.200000047683716e+00, 1.200000047683716e+00, 1.200000047683716e+00, 1.200000047683716e+00, 1.200000047683716e+00, 1.200000047683716e+00, 1.200000047683716e+00, 1.200000047683716e+00, 1.200000047683716e+00, 1.200000047683716e+00, 1.200000047683716e+00, 1.200000047683716e+00, 1.200000047683716e+00, 1.200000047683716e+00, 1.200000047683716e+00, 1.200000047683716e+00, 1.200000047683716e+00, 1.200000047683716e+00, 1.200000047683716e+00, 1.200000047683716e+00, 1.200000047683716e+00, 1.200000047683716e+00, 1.200000047683716e+00, 1.200000047683716e+00, 1.200000047683716e+00, 1.200000047683716e+00, 1.200000047683716e+00, 1.200000047683716e+00, 1.200000047683716e+00, 1.200000047683716e+00, 1.200000047683716e+00, 1.200000047683716e+00, 1.200000047683716e+00, 1.200000047683716e+00, 1.200000047683716e+00, 1.200000047683716e+00, 1.200000047683716e+00, 1.200000047683716e+00, 1.200000047683716e+00, 1.200000047683716e+00, 1.200000047683716e+00, 1.200000047683716e+00, 1.200000047683716e+00, 1.200000047683716e+00, 1.200000047683716e+00, 1.200000047683716e+00, 1.200000047683716e+00, 1.200000047683716e+00, 1.200000047683716e+00, 1.200000047683716e+00, 1.200000047683716e+00, 1.200000047683716e+00, 1.200000047683716e+00, 1.200000047683716e+00, 1.200000047683716e+00, 1.200000047683716e+00, 1.200000047683716e+00, 1.200000047683716e+00, 1.200000047683716e+00, 1.200000047683716e+00, 1.200000047683716e+00, 1.200000047683716e+00, 1.200000047683716e+00, 1.200000047683716e+00, 1.200000047683716e+00, 1.200000047683716e+00, 1.200000047683716e+00, 1.200000047683716e+00, 1.200000047683716e+00, 1.200000047683716e+00, 1.200000047683716e+00, 1.200000047683716e+00, 1.200000047683716e+00, 1.200000047683716e+00, 1.200000047683716e+00, 1.200000047683716e+00, 1.200000047683716e+00]
