last-generated=2021-05-09
statistics-simulation=
{
  "linear": " ",
  "nonlinear": " ",
  "number of continuous time states": "4",
  "numerical Jacobians": "0"
}
time=[0e+00, 5e+00]
eigPor.Q1_flow=[0e+00, 0e+00]
eigPor.Q2_flow=[0e+00, 0e+00]
eigPor.Q3_flow=[0e+00, 0e+00]
eigPor.Q4_flow=[0e+00, 0e+00]
eigPor.vol1.T=[2.931499938964844e+02, 2.926622924875924e+02, 2.921983337537858e+02, 2.91757049612097e+02, 2.913372802979575e+02, 2.9093798828125e+02, 2.905581665926728e+02, 2.901968993722622e+02, 2.898532104893638e+02, 2.895263060767103e+02, 2.8921533203125e+02, 2.88919525215606e+02, 2.886381532076477e+02, 2.883704832746013e+02, 2.881159057028198e+02, 2.878737182617188e+02, 2.876433106007171e+02, 2.874241639208043e+02, 2.872156981457815e+02, 2.870174254912344e+02, 2.868287963867188e+02, 2.866493833788844e+02, 2.864786988102861e+02, 2.863163756572612e+02, 2.861619264138864e+02, 2.860150451660156e+02, 2.858753050464146e+02, 2.857423706676055e+02, 2.856159362207981e+02, 2.854956666162471e+02, 2.853812561035156e+02, 2.852724303192225e+02, 2.85168914843307e+02, 2.850704650423431e+02, 2.849768067280821e+02, 2.848876953125e+02, 2.84802947919612e+02, 2.847223205943301e+02, 2.846456298473058e+02, 2.845726929391968e+02, 2.845032958984375e+02, 2.84437286315835e+02, 2.843744810850475e+02, 2.843147584125401e+02, 2.84257934623427e+02, 2.842039184570312e+02, 2.841524962903058e+02, 2.841036070872213e+02, 2.840570984756924e+02, 2.840128479417181e+02, 2.839707641601562e+02, 2.839307555781269e+02, 2.83892669607303e+02, 2.83856445380312e+02, 2.838219909989567e+02, 2.837892150878906e+02, 2.837580566116667e+02, 2.837283934996812e+02, 2.83700195365178e+02, 2.836733703863574e+02, 2.836478271484375e+02, 2.836235656512727e+02, 2.836004638244048e+02, 2.83578491251974e+02, 2.835576172069996e+02, 2.835377197265625e+02, 2.835188293280953e+02, 2.83500823941431e+02, 2.834837341628736e+02, 2.834674377594201e+02, 2.834519653320312e+02, 2.834372253282636e+02, 2.834232177475351e+02, 2.834099121341133e+02, 2.833972168088076e+02, 2.833851623535156e+02, 2.833736877335177e+02, 2.833627929483773e+02, 2.83352417011396e+02, 2.833425293061882e+02, 2.833331604003906e+02, 2.833242187831776e+02, 2.833157043299874e+02, 2.833076477199207e+02, 2.832999572468695e+02, 2.832926330566406e+02, 2.832856750750209e+02, 2.832790527221517e+02, 2.832727661249225e+02, 2.832667846458504e+02, 2.832610778808594e+02, 2.832556762893214e+02, 2.832505187892241e+02, 2.83245605478063e+02, 2.832409362624171e+02, 2.832365112304688e+02, 2.832322998204032e+02, 2.832282714770992e+02, 2.832244567943852e+02, 2.83220825181925e+02, 2.832173767089844e+02]
eigPor.vol2.T=[2.931499938964844e+02, 2.921864929338553e+02, 2.912922058364084e+02, 2.904621888167275e+02, 2.896915894000431e+02, 2.889758911132812e+02, 2.883110963452561e+02, 2.876934203397252e+02, 2.87119537419945e+02, 2.865862730717056e+02, 2.860907287597656e+02, 2.856302186124523e+02, 2.852023622585975e+02, 2.848048093889965e+02, 2.844354857556245e+02, 2.840924377441406e+02, 2.837739258549555e+02, 2.834781800685007e+02, 2.832037962617184e+02, 2.829493712799376e+02, 2.827135620117188e+02, 2.824951475061533e+02, 2.822929688434234e+02, 2.821059874638449e+02, 2.819332276985517e+02, 2.817737426757812e+02, 2.816267088507883e+02, 2.814913025526621e+02, 2.813668517502519e+02, 2.812526551343618e+02, 2.811480712890625e+02, 2.810525206656602e+02, 2.809653931064241e+02, 2.808861999155196e+02, 2.808143921556185e+02, 2.807495727539062e+02, 2.806912536100135e+02, 2.806390381097299e+02, 2.80592529276284e+02, 2.805514221563936e+02, 2.805153503417969e+02, 2.804839477265486e+02, 2.804569701682776e+02, 2.804341125895735e+02, 2.80415100114391e+02, 2.80399658203125e+02, 2.803875121972815e+02, 2.803784789899364e+02, 2.803722839451511e+02, 2.803687133813801e+02, 2.803679809570312e+02, 2.803744201794034e+02, 2.803935547384318e+02, 2.80425384451053e+02, 2.804698485856642e+02, 2.805267639160156e+02, 2.805959778562538e+02, 2.806773072977086e+02, 2.807704771083662e+02, 2.80875213518855e+02, 2.809912719726562e+02, 2.811182252248401e+02, 2.81255768096424e+02, 2.814034726110983e+02, 2.815609739672798e+02, 2.81727783203125e+02, 2.819034425552529e+02, 2.820874942567901e+02, 2.822794185736562e+02, 2.824786985376557e+02, 2.826847839355469e+02, 2.828971559676285e+02, 2.831152653145841e+02, 2.833385310645677e+02, 2.835664365485716e+02, 2.837983703613281e+02, 2.840338442204231e+02, 2.842722782895439e+02, 2.845130915800105e+02, 2.847557675903079e+02, 2.849998168945312e+02, 2.852446584890345e+02, 2.854898381138812e+02, 2.85734801779279e+02, 2.859791269061176e+02, 2.862222900390625e+02, 2.864639273035783e+02, 2.867035527006852e+02, 2.869408259654986e+02, 2.871753243739747e+02, 2.874067077636719e+02, 2.876346426909056e+02, 2.878588566240409e+02, 2.880790095930083e+02, 2.882948616529862e+02, 2.885061645507812e+02, 2.887127372565625e+02, 2.889143375368353e+02, 2.891108394729757e+02, 2.893020637053832e+02, 2.894878845214844e+02]
eigPor.vol3.T=[2.931499938964844e+02, 2.936376953053764e+02, 2.941016540391829e+02, 2.945429686984317e+02, 2.949627074950113e+02, 2.953619995117188e+02, 2.95741821200296e+02, 2.961031189382665e+02, 2.96446777303605e+02, 2.967737122338365e+02, 2.970846862792969e+02, 2.973804625773627e+02, 2.97661834585321e+02, 2.979295045183674e+02, 2.981841126077271e+02, 2.984263000488281e+02, 2.986566771922516e+02, 2.988758238721644e+02, 2.990842896472599e+02, 2.992825928193125e+02, 2.9947119140625e+02, 2.996506349316625e+02, 2.998212889827554e+02, 2.999836426532129e+02, 3.001380613790824e+02, 3.002849731445312e+02, 3.004246827465541e+02, 3.005576171253633e+02, 3.006840515721706e+02, 3.008043211767216e+02, 3.009187316894531e+02, 3.010275574737462e+02, 3.011310729496617e+02, 3.012295227506984e+02, 3.013232115823193e+02, 3.014122924804688e+02, 3.014970398733568e+02, 3.015776671986386e+02, 3.01654357945663e+02, 3.017273253712046e+02, 3.017967224121094e+02, 3.018627319945663e+02, 3.019255067079213e+02, 3.019852293807197e+02, 3.020420531695417e+02, 3.020960998535156e+02, 3.021474915026629e+02, 3.021963807057474e+02, 3.022429198348545e+02, 3.022871398512506e+02, 3.023292236328125e+02, 3.023692627322744e+02, 3.024073487032438e+02, 3.024435424129478e+02, 3.024779967940121e+02, 3.025107727050781e+02, 3.025419616987347e+02, 3.025715942932875e+02, 3.025998229450778e+02, 3.026266479240439e+02, 3.026521606445312e+02, 3.026764526591287e+02, 3.026995239685639e+02, 3.027214965409948e+02, 3.027424011035473e+02, 3.027622680664062e+02, 3.02781188982306e+02, 3.027991638518288e+02, 3.028162841476732e+02, 3.028325500336941e+02, 3.028480529785156e+02, 3.028627624648507e+02, 3.028767700454337e+02, 3.028901061761426e+02, 3.029027709843067e+02, 3.029148254394531e+02, 3.02926300059451e+02, 3.029372253618785e+02, 3.029476012988598e+02, 3.02957458486926e+02, 3.029668579101562e+02, 3.029757995267872e+02, 3.029842834629814e+02, 3.029923705903351e+02, 3.030000610636774e+02, 3.030073547363281e+02, 3.030143127185298e+02, 3.030209350708171e+02, 3.030272216680463e+02, 3.030332336646965e+02, 3.030389099121094e+02, 3.030443420206434e+02, 3.030494995210317e+02, 3.030543823151968e+02, 3.030590515311338e+02, 3.030634765625e+02, 3.030677184901436e+02, 3.030717163161606e+02, 3.030755309988746e+02, 3.030791626110437e+02, 3.030826110839844e+02]
eigPor.vol4.T=[2.931499938964844e+02, 2.931499938964844e+02, 2.931499938964844e+02, 2.931499938964844e+02, 2.931499938964844e+02, 2.931499938964844e+02, 2.931499938964844e+02, 2.931499938964844e+02, 2.931499938964844e+02, 2.931499938964844e+02, 2.931499938964844e+02, 2.931499938964844e+02, 2.931499938964844e+02, 2.931499938964844e+02, 2.931499938964844e+02, 2.931499938964844e+02, 2.931499938964844e+02, 2.931499938964844e+02, 2.931499938964844e+02, 2.931499938964844e+02, 2.931499938964844e+02, 2.931499938964844e+02, 2.931499938964844e+02, 2.931499938964844e+02, 2.931499938964844e+02, 2.931499938964844e+02, 2.931499938964844e+02, 2.931499938964844e+02, 2.931499938964844e+02, 2.931499938964844e+02, 2.931499938964844e+02, 2.931499938964844e+02, 2.931499938964844e+02, 2.931499938964844e+02, 2.931499938964844e+02, 2.931499938964844e+02, 2.931499938964844e+02, 2.931499938964844e+02, 2.931499938964844e+02, 2.931499938964844e+02, 2.931499938964844e+02, 2.931499938964844e+02, 2.931499938964844e+02, 2.931499938964844e+02, 2.931499938964844e+02, 2.931499938964844e+02, 2.931499938964844e+02, 2.931499938964844e+02, 2.931499938964844e+02, 2.931499938964844e+02, 2.931494445800781e+02, 2.931418456872634e+02, 2.931191710817511e+02, 2.930811768419226e+02, 2.930277710528463e+02, 2.929589538574219e+02, 2.92874725252739e+02, 2.927751157595774e+02, 2.926602785511061e+02, 2.925302735673032e+02, 2.923853759765625e+02, 2.922257383648828e+02, 2.920516964289706e+02, 2.918635257599529e+02, 2.916615602563544e+02, 2.914461975097656e+02, 2.91217864765116e+02, 2.90976989272865e+02, 2.90724091067445e+02, 2.904596865357018e+02, 2.901842651367188e+02, 2.898984677391997e+02, 2.896028131459019e+02, 2.892979131858452e+02, 2.88984375302098e+02, 2.88662841796875e+02, 2.883339230221752e+02, 2.87998259850486e+02, 2.87656494796917e+02, 2.873092654698124e+02, 2.869572448730469e+02, 2.86600984030954e+02, 2.86241210247755e+02, 2.858785102150128e+02, 2.855134568555833e+02, 2.85146728515625e+02, 2.847788710334249e+02, 2.844104302053617e+02, 2.840419928900504e+02, 2.836740403464385e+02, 2.833070983886719e+02, 2.829416517823383e+02, 2.8257815482696e+02, 2.822170417024597e+02, 2.818587327711596e+02, 2.815036010742188e+02, 2.811520399094719e+02, 2.808043206307489e+02, 2.804608160815984e+02, 2.801217943714294e+02, 2.797874755859375e+02]
sou1.T=[2.831499938964844e+02, 2.831499938964844e+02]
sou2.T_in=[2.731499938964844e+02, 2.732499999985107e+02, 2.733500061005325e+02, 2.734500121950987e+02, 2.735499877870116e+02, 2.736499938964844e+02, 2.737499999761713e+02, 2.7385000611543e+02, 2.739500121950987e+02, 2.740499878168338e+02, 2.741499938964844e+02, 2.742499999761712e+02, 2.743500060557856e+02, 2.744500122546885e+02, 2.745499878168339e+02, 2.746499938964844e+02, 2.747499999761712e+02, 2.748500060557856e+02, 2.749500122546885e+02, 2.750499878168339e+02, 2.751499938964844e+02, 2.752500000953152e+02, 2.753500060557853e+02, 2.754500122546888e+02, 2.755499876976536e+02, 2.756499938964844e+02, 2.757500000953152e+02, 2.758500060557853e+02, 2.759500122546888e+02, 2.760499876976536e+02, 2.761499938964844e+02, 2.762500000953152e+02, 2.763500060557853e+02, 2.764500122546888e+02, 2.765499876976536e+02, 2.766499938964844e+02, 2.767500000953152e+02, 2.768500060557853e+02, 2.769500122546888e+02, 2.770499876976536e+02, 2.771499938964844e+02, 2.772500000953152e+02, 2.773500062941459e+02, 2.7745001201611e+02, 2.775499876976536e+02, 2.776499938964844e+02, 2.777500000953152e+02, 2.778500062941459e+02, 2.7795001201611e+02, 2.780499876976536e+02, 2.781499938964844e+02, 2.782500000953152e+02, 2.783500062941459e+02, 2.7845001201611e+02, 2.785499876976536e+02, 2.786499938964844e+02, 2.787500000953152e+02, 2.788500062941459e+02, 2.7895001201611e+02, 2.790499876976536e+02, 2.791499938964844e+02, 2.792500000953152e+02, 2.793500062941459e+02, 2.7945001201611e+02, 2.795499876976536e+02, 2.796499938964844e+02, 2.797500000953152e+02, 2.798500062941459e+02, 2.7995001201611e+02, 2.800499876976536e+02, 2.801499938964844e+02, 2.802500000953152e+02, 2.803500062941459e+02, 2.8045001201611e+02, 2.805499876976536e+02, 2.806499938964844e+02, 2.807500000953152e+02, 2.808500062941459e+02, 2.8095001201611e+02, 2.810499876976536e+02, 2.811499938964844e+02, 2.812499996187486e+02, 2.813500062941413e+02, 2.814500120161145e+02, 2.815499881748023e+02, 2.816499938964844e+02, 2.817499996187486e+02, 2.818500062941413e+02, 2.819500120161145e+02, 2.820499881748023e+02, 2.821499938964844e+02, 2.822499996187486e+02, 2.823500062941413e+02, 2.824500120161145e+02, 2.825499881748023e+02, 2.826499938964844e+02, 2.827499996187486e+02, 2.828500062941413e+02, 2.829500120161145e+02, 2.830499881748023e+02, 2.831499938964844e+02]
sou3.T=[3.031499938964844e+02, 3.031499938964844e+02]
sou4.T_in=[2.831499938964844e+02, 2.830499877944603e+02, 2.829500122100098e+02, 2.8285000611543e+02, 2.827500000059572e+02, 2.826499938964844e+02, 2.825499878168338e+02, 2.824500121950987e+02, 2.8235000611543e+02, 2.822499999761713e+02, 2.821499938964844e+02, 2.820499878168339e+02, 2.819500122546885e+02, 2.818500060557856e+02, 2.817499999761712e+02, 2.816499938964844e+02, 2.815499878168339e+02, 2.814500122546885e+02, 2.813500060557856e+02, 2.812499999761712e+02, 2.811499938964844e+02, 2.810499876976536e+02, 2.809500122546888e+02, 2.808500060557853e+02, 2.807500000953152e+02, 2.806499938964844e+02, 2.805499876976536e+02, 2.804500122546888e+02, 2.803500060557853e+02, 2.802500000953152e+02, 2.801499938964844e+02, 2.800499876976536e+02, 2.799500122546888e+02, 2.798500060557853e+02, 2.797500000953152e+02, 2.796499938964844e+02, 2.795499876976536e+02, 2.794500122546888e+02, 2.793500060557853e+02, 2.792500000953152e+02, 2.791499938964844e+02, 2.790499876976536e+02, 2.7895001201611e+02, 2.788500062941459e+02, 2.787500000953152e+02, 2.786499938964844e+02, 2.785499876976536e+02, 2.7845001201611e+02, 2.783500062941459e+02, 2.782500000953152e+02, 2.781499938964844e+02, 2.780499876976536e+02, 2.7795001201611e+02, 2.778500062941459e+02, 2.777500000953152e+02, 2.776499938964844e+02, 2.775499876976536e+02, 2.7745001201611e+02, 2.773500062941459e+02, 2.772500000953152e+02, 2.771499938964844e+02, 2.770499876976536e+02, 2.7695001201611e+02, 2.768500062941459e+02, 2.767500000953152e+02, 2.766499938964844e+02, 2.765499876976536e+02, 2.7645001201611e+02, 2.763500062941459e+02, 2.762500000953152e+02, 2.761499938964844e+02, 2.760499876976536e+02, 2.7595001201611e+02, 2.758500062941459e+02, 2.757500000953152e+02, 2.756499938964844e+02, 2.755499876976536e+02, 2.7545001201611e+02, 2.753500062941459e+02, 2.752500000953152e+02, 2.751499938964844e+02, 2.750499881748023e+02, 2.749500120161145e+02, 2.748500062941413e+02, 2.747499996187486e+02, 2.746499938964844e+02, 2.745499881748023e+02, 2.744500120161145e+02, 2.743500062941413e+02, 2.742499996187486e+02, 2.741499938964844e+02, 2.740499881748023e+02, 2.739500120161145e+02, 2.738500062941413e+02, 2.737499996187486e+02, 2.736499938964844e+02, 2.735499881748023e+02, 2.734500120161145e+02, 2.733500062941413e+02, 2.732499996187486e+02, 2.731499938964844e+02]
sin.T=[2.931499938964844e+02, 2.931499938964844e+02]
