last-generated=2021-05-19
statistics-initialization=
{
  "nonlinear": "0, 1",
  "numerical Jacobians": "0"
}
statistics-simulation=
{
  "linear": " ",
  "nonlinear": "0, 1",
  "number of continuous time states": "6",
  "numerical Jacobians": "0"
}
time=[0e+00, 3.6e+03]
conPID.u_s=[7.5e-01, 7.5e-01, 7.5e-01, 7.5e-01, 7.5e-01, 7.5e-01, 7.5e-01, 7.5e-01, 7.5e-01, 7.5e-01, 7.5e-01, 7.5e-01, 7.5e-01, 2.5e-01, 2.5e-01, 2.5e-01, 2.5e-01, 2.5e-01, 2.5e-01, 2.5e-01, 2.5e-01, 2.5e-01, 2.5e-01, 2.5e-01, 2.5e-01, 2.5e-01, 7.5e-01, 7.5e-01, 7.5e-01, 7.5e-01, 7.5e-01, 7.5e-01, 7.5e-01, 7.5e-01, 7.5e-01, 7.5e-01, 7.5e-01, 7.5e-01, 2.5e-01, 2.5e-01, 2.5e-01, 2.5e-01, 2.5e-01, 2.5e-01, 2.5e-01, 2.5e-01, 2.5e-01, 2.5e-01, 2.5e-01, 2.5e-01, 2.5e-01, 7.5e-01, 7.5e-01, 7.5e-01, 7.5e-01, 7.5e-01, 7.5e-01, 7.5e-01, 7.5e-01, 7.5e-01, 7.5e-01, 7.5e-01, 7.5e-01, 2.5e-01, 2.5e-01, 2.5e-01, 2.5e-01, 2.5e-01, 2.5e-01, 2.5e-01, 2.5e-01, 2.5e-01, 2.5e-01, 2.5e-01, 2.5e-01, 2.5e-01, 7.5e-01, 7.5e-01, 7.5e-01, 7.5e-01, 7.5e-01, 7.5e-01, 7.5e-01, 7.5e-01, 7.5e-01, 7.5e-01, 7.5e-01, 7.5e-01, 2.5e-01, 2.5e-01, 2.5e-01, 2.5e-01, 2.5e-01, 2.5e-01, 2.5e-01, 2.5e-01, 2.5e-01, 2.5e-01, 2.5e-01, 2.5e-01, 2.5e-01]
conPID.u_m=[0e+00, 5.239059925079346e-01, 6.585351824760437e-01, 7.132495045661926e-01, 7.354500889778137e-01, 7.451563477516174e-01, 7.476317882537842e-01, 7.490484118461609e-01, 7.496169209480286e-01, 7.498464584350586e-01, 7.499386072158813e-01, 7.499758005142212e-01, 7.499904632568359e-01, 4.752587974071503e-01, 3.409955501556395e-01, 2.864581048488617e-01, 2.642678320407867e-01, 2.554869055747986e-01, 2.520987093448639e-01, 2.507965862751007e-01, 2.503017783164978e-01, 2.501148283481598e-01, 2.500680387020111e-01, 2.500520050525665e-01, 2.501018941402435e-01, 2.500458657741547e-01, 6.069340109825134e-01, 6.924217939376832e-01, 7.270705103874208e-01, 7.418561577796936e-01, 7.473304271697998e-01, 7.485125660896301e-01, 7.494020462036133e-01, 7.49759316444397e-01, 7.499051690101624e-01, 7.499639987945557e-01, 7.499862313270569e-01, 7.499946355819702e-01, 4.752607941627502e-01, 3.409963548183441e-01, 2.86458432674408e-01, 2.642679214477539e-01, 2.554869651794434e-01, 2.520987391471863e-01, 2.507966160774231e-01, 2.50301867723465e-01, 2.501150071620941e-01, 2.50068187713623e-01, 2.500551342964172e-01, 2.501134276390076e-01, 2.500484883785248e-01, 6.069541573524475e-01, 6.928738355636597e-01, 7.286262512207031e-01, 7.407456040382385e-01, 7.462829351425171e-01, 7.485116124153137e-01, 7.494059801101685e-01, 7.497622966766357e-01, 7.499050498008728e-01, 7.499620318412781e-01, 7.499850392341614e-01, 7.499943375587463e-01, 4.752603471279144e-01, 3.409961760044098e-01, 2.864583730697632e-01, 2.642678916454315e-01, 2.55486935377121e-01, 2.520987093448639e-01, 2.507966160774231e-01, 2.50301867723465e-01, 2.501149773597717e-01, 2.500681579113007e-01, 2.500544488430023e-01, 2.50110924243927e-01, 2.500479221343994e-01, 6.069495677947998e-01, 6.925187110900879e-01, 7.270228862762451e-01, 7.406539916992188e-01, 7.462004423141479e-01, 7.495582699775696e-01, 7.497891187667847e-01, 7.490941882133484e-01, 7.499082684516907e-01, 7.499633431434631e-01, 7.499848008155823e-01, 7.499937415122986e-01, 4.752600193023682e-01, 3.409960567951202e-01, 2.864583134651184e-01, 2.642678916454315e-01, 2.55486935377121e-01, 2.520987093448639e-01, 2.507966160774231e-01, 2.503018379211426e-01, 2.501149475574493e-01, 2.500681281089783e-01, 2.500539422035217e-01, 2.501090168952942e-01, 2.500474750995636e-01]
conPID.y=[3.75e-01, 5.638429522514343e-01, 6.758241057395935e-01, 7.204530835151672e-01, 7.382534742355347e-01, 7.450096607208252e-01, 7.484360933303833e-01, 7.495926022529602e-01, 7.500559091567993e-01, 7.502431869506836e-01, 7.503182888031006e-01, 7.503486275672913e-01, 7.503605484962463e-01, 4.351249039173126e-01, 3.241538703441619e-01, 2.798387706279755e-01, 2.62495219707489e-01, 2.558555006980896e-01, 2.533198893070221e-01, 2.523501813411713e-01, 2.519822418689728e-01, 2.518415749073029e-01, 2.517761588096619e-01, 2.517517805099487e-01, 2.517150342464447e-01, 2.517380118370056e-01, 6.337044239044189e-01, 7.03599512577057e-01, 7.31496274471283e-01, 7.422620058059692e-01, 7.468250393867493e-01, 7.491551637649536e-01, 7.498809099197388e-01, 7.501720786094666e-01, 7.502910494804382e-01, 7.503393292427063e-01, 7.503570914268494e-01, 7.503640055656433e-01, 4.351265132427216e-01, 3.241545259952545e-01, 2.79839038848877e-01, 2.624953091144562e-01, 2.558555603027344e-01, 2.533198893070221e-01, 2.523502111434937e-01, 2.519822120666504e-01, 2.518414855003357e-01, 2.517760992050171e-01, 2.517502009868622e-01, 2.517093122005463e-01, 2.517367303371429e-01, 6.336943507194519e-01, 7.033748030662537e-01, 7.307252287864685e-01, 7.428250312805176e-01, 7.473384141921997e-01, 7.491550445556641e-01, 7.498841285705566e-01, 7.501745820045471e-01, 7.502909302711487e-01, 7.503373622894287e-01, 7.50356137752533e-01, 7.503637075424194e-01, 4.351261258125305e-01, 3.241543769836426e-01, 2.798389792442322e-01, 2.624952793121338e-01, 2.55855530500412e-01, 2.533198893070221e-01, 2.523501813411713e-01, 2.519822418689728e-01, 2.518414855003357e-01, 2.517760992050171e-01, 2.517505586147308e-01, 2.517105638980865e-01, 2.517369985580444e-01, 6.336966156959534e-01, 7.035495042800903e-01, 7.315225601196289e-01, 7.428640723228455e-01, 7.473798990249634e-01, 7.486302852630615e-01, 7.496899366378784e-01, 7.505179047584534e-01, 7.502933740615845e-01, 7.503380179405212e-01, 7.503560185432434e-01, 7.503632307052612e-01, 4.351258873939514e-01, 3.241542875766754e-01, 2.798389196395874e-01, 2.624952793121338e-01, 2.55855530500412e-01, 2.533198893070221e-01, 2.523501813411713e-01, 2.519822418689728e-01, 2.518415153026581e-01, 2.517760992050171e-01, 2.517507970333099e-01, 2.51711517572403e-01, 2.517372071743011e-01]
