last-generated=2021-05-11
statistics-initialization=
{
  "linear": "8"
}
statistics-simulation=
{
  "linear": "0, 5, 0",
  "nonlinear": " ",
  "number of continuous time states": "7",
  "numerical Jacobians": "0"
}
time=[0e+00, 6.048e+05]
thermalZoneFourElements.TAir=[2.951499938964844e+02, 2.914476928710938e+02, 2.912712707519531e+02, 2.910437927246094e+02, 2.909283142089844e+02, 2.938579406738281e+02, 2.9486865234375e+02, 2.940953369140625e+02, 2.941466369628906e+02, 2.941595153808594e+02, 2.935064086914062e+02, 2.9227294921875e+02, 2.921208190917969e+02, 2.919379577636719e+02, 2.917140502929688e+02, 2.91614990234375e+02, 2.913622436523438e+02, 2.911587524414062e+02, 2.910886535644531e+02, 2.928405151367188e+02, 2.948938903808594e+02, 2.944250183105469e+02, 2.942880249023438e+02, 2.942935791015625e+02, 2.937380676269531e+02, 2.924240112304688e+02, 2.923162231445312e+02, 2.921078186035156e+02, 2.919567565917969e+02, 2.918091430664062e+02, 2.917217407226562e+02, 2.91727783203125e+02, 2.915832824707031e+02, 2.927510681152344e+02, 2.946160583496094e+02, 2.947566528320312e+02, 2.945548400878906e+02, 2.946983642578125e+02, 2.943751525878906e+02, 2.928410949707031e+02, 2.926642150878906e+02, 2.924691772460938e+02, 2.922913208007812e+02, 2.921401062011719e+02, 2.919593200683594e+02, 2.917916870117188e+02, 2.915244140625e+02, 2.914275207519531e+02, 2.936539611816406e+02, 2.938768005371094e+02, 2.941807861328125e+02, 2.942742614746094e+02, 2.940802307128906e+02, 2.929750366210938e+02, 2.922174682617188e+02, 2.9206201171875e+02, 2.91927001953125e+02, 2.917531127929688e+02, 2.9159619140625e+02, 2.913449096679688e+02, 2.911518249511719e+02, 2.909981384277344e+02, 2.929313354492188e+02, 2.938295288085938e+02, 2.938801879882812e+02, 2.937262268066406e+02, 2.938322143554688e+02, 2.931800537109375e+02, 2.91957275390625e+02, 2.917854919433594e+02, 2.916269226074219e+02, 2.91472412109375e+02, 2.9131640625e+02, 2.911526489257812e+02, 2.910143737792969e+02, 2.90844482421875e+02, 2.921770629882812e+02, 2.942006225585938e+02, 2.936254577636719e+02, 2.936772766113281e+02, 2.936727600097656e+02, 2.932725830078125e+02, 2.918532409667969e+02, 2.916776123046875e+02, 2.914907531738281e+02, 2.91481689453125e+02, 2.913122863769531e+02, 2.912054138183594e+02, 2.909681396484375e+02, 2.90879638671875e+02, 2.918453674316406e+02, 2.922160949707031e+02, 2.929531860351562e+02, 2.927793579101562e+02, 2.932393493652344e+02, 2.931247253417969e+02, 2.913820495605469e+02, 2.911976928710938e+02, 2.910282592773438e+02, 2.908981628417969e+02, 2.907615661621094e+02]
thermalZoneFourElements.volAir.C[1]=[0e+00, 5.737139892578125e+02, 5.98146728515625e+02, 6.034967041015625e+02, 6.081876220703125e+02, 6.128550415039062e+02, 6.17521728515625e+02, 6.221884155273438e+02, 2.578884887695312e+02, 2.413738098144531e+02, 2.453042755126953e+02, 2.499453582763672e+02, 2.546111450195312e+02, 2.592777709960938e+02, 2.639444580078125e+02, 6.24060302734375e+02, 6.629541625976562e+02, 6.688125610351562e+02, 6.73520263671875e+02, 6.781883544921875e+02, 6.828551025390625e+02, 6.87521728515625e+02, 3.58588623046875e+02, 3.079344177246094e+02, 3.106802062988281e+02, 3.152801818847656e+02, 3.199445190429688e+02, 3.246111145019531e+02, 3.292777709960938e+02, 6.322381591796875e+02, 7.263090209960938e+02, 7.340753784179688e+02, 7.388512573242188e+02, 7.435216064453125e+02, 7.481884155273438e+02, 7.528551025390625e+02, 5.1629052734375e+02, 3.764745483398438e+02, 3.761245422363281e+02, 3.806173706054688e+02, 3.852779846191406e+02, 3.899444580078125e+02, 3.946111145019531e+02, 5.481615600585938e+02, 7.824763793945312e+02, 7.90619140625e+02, 7.909007568359375e+02, 7.909102783203125e+02, 7.9091064453125e+02, 7.9091064453125e+02, 7.9091064453125e+02, 4.135791931152344e+02, 4.004709777832031e+02, 4.000163269042969e+02, 4.000005493164062e+02, 4.000000305175781e+02, 4e+02, 4e+02, 7.68966552734375e+02, 7.901480712890625e+02, 7.908844604492188e+02, 7.909097290039062e+02, 7.909105834960938e+02, 7.9091064453125e+02, 7.9091064453125e+02, 4.354601135253906e+02, 4.012306823730469e+02, 4.00042724609375e+02, 4.0000146484375e+02, 4.000000610351562e+02, 4e+02, 4e+02, 7.336052856445312e+02, 7.889186401367188e+02, 7.908397216796875e+02, 7.90908203125e+02, 7.909105834960938e+02, 7.9091064453125e+02, 7.9091064453125e+02, 4.926209411621094e+02, 4.032102661132812e+02, 4.001109924316406e+02, 4.000038452148438e+02, 4.000001220703125e+02, 4e+02, 4e+02, 6.4123291015625e+02, 7.857100219726562e+02, 7.907295532226562e+02, 7.909050903320312e+02, 7.909104614257812e+02, 7.9091064453125e+02, 7.9091064453125e+02, 6.418892822265625e+02, 4.084017944335938e+02, 4.002919006347656e+02, 4.000101318359375e+02, 4.000002746582031e+02, 4e+02, 4e+02, 4e+02]
