last-generated=2025-06-03
statistics-initialization=
{
  "nonlinear": "1, 0",
  "numerical Jacobians": "0"
}
statistics-simulation=
{
  "linear": "0, 0, 0, 0, 0, 0, 0, 0",
  "nonlinear": "1",
  "number of continuous time states": "39",
  "numerical Jacobians": "0"
}
time=[0e+00, 6e+02]
hydraulicBus.TFwrdInMea=[3.031499938964844e+02, 3.031495361328125e+02, 3.031483459472656e+02, 3.031466674804688e+02, 3.031445922851562e+02, 3.031423034667969e+02, 3.031399230957031e+02, 3.031374816894531e+02, 3.031349792480469e+02, 3.031324462890625e+02, 3.031299133300781e+02, 3.031273193359375e+02, 3.031247253417969e+02, 3.031221313476562e+02, 3.031195373535156e+02, 3.03116943359375e+02, 3.031143188476562e+02, 3.031117248535156e+02, 3.031091003417969e+02, 3.031065063476562e+02, 3.031039123535156e+02, 3.03101318359375e+02, 3.030986938476562e+02, 3.030960998535156e+02, 3.03093505859375e+02, 3.030909118652344e+02, 3.030883178710938e+02, 3.03085693359375e+02, 3.030830993652344e+02, 3.030805053710938e+02, 3.030779113769531e+02, 3.054718627929688e+02, 3.111830139160156e+02, 3.151282958984375e+02, 3.177729187011719e+02, 3.195457458496094e+02, 3.207340698242188e+02, 3.215305786132812e+02, 3.220644836425781e+02, 3.224223327636719e+02, 3.226622314453125e+02, 3.228230285644531e+02, 3.229308166503906e+02, 3.230030517578125e+02, 3.23051513671875e+02, 3.23083984375e+02, 3.231057434082031e+02, 3.231203308105469e+02, 3.23130126953125e+02, 3.231366577148438e+02, 3.231410522460938e+02, 3.231440124511719e+02, 3.231459655761719e+02, 3.231473083496094e+02, 3.23148193359375e+02, 3.231488037109375e+02, 3.23149169921875e+02, 3.231493835449219e+02, 3.231495971679688e+02, 3.231497802734375e+02, 3.231498413085938e+02, 3.231498107910156e+02, 3.231498718261719e+02, 3.231499328613281e+02, 3.231499328613281e+02, 3.231499633789062e+02, 3.231499633789062e+02, 3.231499633789062e+02, 3.231499938964844e+02, 3.231499938964844e+02, 3.231499938964844e+02, 3.231499938964844e+02, 3.231499938964844e+02, 3.231499938964844e+02, 3.231499938964844e+02, 3.231499938964844e+02, 3.231499938964844e+02, 3.231499938964844e+02, 3.231499938964844e+02, 3.231499938964844e+02, 3.231499938964844e+02, 3.231499938964844e+02, 3.231499938964844e+02, 3.231499938964844e+02, 3.231499938964844e+02, 3.231499938964844e+02, 3.231499938964844e+02, 3.231499938964844e+02, 3.231499938964844e+02, 3.231499938964844e+02, 3.231499938964844e+02, 3.231499938964844e+02, 3.231499938964844e+02, 3.231499938964844e+02, 3.231499938964844e+02, 3.231499938964844e+02, 3.231499938964844e+02, 3.231499938964844e+02, 3.231499938964844e+02, 3.231499938964844e+02, 3.231499938964844e+02]
hydraulicBus.TFwrdOutMea=[3.031499938964844e+02, 3.031495361328125e+02, 3.031483459472656e+02, 3.031466369628906e+02, 3.031445617675781e+02, 3.031422729492188e+02, 3.031398315429688e+02, 3.031373596191406e+02, 3.031347961425781e+02, 3.031322021484375e+02, 3.031295776367188e+02, 3.031269226074219e+02, 3.03124267578125e+02, 3.031216125488281e+02, 3.031189575195312e+02, 3.031162719726562e+02, 3.031135864257812e+02, 3.031109313964844e+02, 3.031082458496094e+02, 3.031055603027344e+02, 3.031029052734375e+02, 3.031002197265625e+02, 3.030975646972656e+02, 3.030948791503906e+02, 3.030922241210938e+02, 3.030895385742188e+02, 3.030868835449219e+02, 3.03084228515625e+02, 3.0308154296875e+02, 3.030788879394531e+02, 3.030762023925781e+02, 3.030817260742188e+02, 3.030987243652344e+02, 3.031111145019531e+02, 3.0312158203125e+02, 3.031359252929688e+02, 3.031687622070312e+02, 3.032516479492188e+02, 3.034388122558594e+02, 3.038042297363281e+02, 3.044274597167969e+02, 3.053709411621094e+02, 3.066575622558594e+02, 3.082576904296875e+02, 3.10091064453125e+02, 3.120430297851562e+02, 3.139886169433594e+02, 3.15816162109375e+02, 3.174436340332031e+02, 3.188253784179688e+02, 3.199497985839844e+02, 3.208313293457031e+02, 3.215004272460938e+02, 3.219945068359375e+02, 3.223509521484375e+02, 3.226033935546875e+02, 3.227794189453125e+02, 3.229007568359375e+02, 3.229836730957031e+02, 3.230399780273438e+02, 3.230780944824219e+02, 3.23103759765625e+02, 3.2312109375e+02, 3.231327209472656e+02, 3.231405639648438e+02, 3.231458435058594e+02, 3.231493530273438e+02, 3.231516723632812e+02, 3.231532287597656e+02, 3.23154296875e+02, 3.231550598144531e+02, 3.231555786132812e+02, 3.231559753417969e+02, 3.2315625e+02, 3.231564331054688e+02, 3.231565856933594e+02, 3.231567077636719e+02, 3.231567687988281e+02, 3.231568298339844e+02, 3.231568603515625e+02, 3.231568908691406e+02, 3.231568908691406e+02, 3.231568908691406e+02, 3.231568908691406e+02, 3.231568603515625e+02, 3.231568603515625e+02, 3.231568298339844e+02, 3.231567993164062e+02, 3.231567993164062e+02, 3.231567993164062e+02, 3.231567687988281e+02, 3.231567687988281e+02, 3.2315673828125e+02, 3.2315673828125e+02, 3.2315673828125e+02, 3.231567077636719e+02, 3.231567077636719e+02, 3.231567077636719e+02, 3.231566772460938e+02, 3.231566772460938e+02, 3.231566467285156e+02]
hydraulicBus.TRtrnInMea=[3.031499938964844e+02, 3.031495361328125e+02, 3.031483459472656e+02, 3.031466369628906e+02, 3.031445617675781e+02, 3.031422729492188e+02, 3.031398315429688e+02, 3.031373596191406e+02, 3.031347961425781e+02, 3.031322021484375e+02, 3.031295776367188e+02, 3.031269226074219e+02, 3.03124267578125e+02, 3.031216125488281e+02, 3.031189575195312e+02, 3.031162719726562e+02, 3.031135864257812e+02, 3.031109313964844e+02, 3.031082458496094e+02, 3.031055603027344e+02, 3.031029052734375e+02, 3.031002197265625e+02, 3.030975646972656e+02, 3.030948791503906e+02, 3.030922241210938e+02, 3.030895385742188e+02, 3.030868835449219e+02, 3.03084228515625e+02, 3.0308154296875e+02, 3.030788879394531e+02, 3.030762023925781e+02, 3.030817260742188e+02, 3.030987243652344e+02, 3.031111145019531e+02, 3.0312158203125e+02, 3.031359252929688e+02, 3.031687622070312e+02, 3.032516479492188e+02, 3.034388122558594e+02, 3.038042297363281e+02, 3.044274597167969e+02, 3.053709411621094e+02, 3.066575622558594e+02, 3.082576904296875e+02, 3.10091064453125e+02, 3.120430297851562e+02, 3.139886169433594e+02, 3.15816162109375e+02, 3.174436340332031e+02, 3.188253784179688e+02, 3.199497985839844e+02, 3.208313293457031e+02, 3.215004272460938e+02, 3.219945068359375e+02, 3.223509521484375e+02, 3.226033935546875e+02, 3.227794189453125e+02, 3.229007568359375e+02, 3.229836730957031e+02, 3.230399780273438e+02, 3.230780944824219e+02, 3.23103759765625e+02, 3.2312109375e+02, 3.231327209472656e+02, 3.231405639648438e+02, 3.231458435058594e+02, 3.231493530273438e+02, 3.231516723632812e+02, 3.231532287597656e+02, 3.23154296875e+02, 3.231550598144531e+02, 3.231555786132812e+02, 3.231559753417969e+02, 3.2315625e+02, 3.231564331054688e+02, 3.231565856933594e+02, 3.231567077636719e+02, 3.231567687988281e+02, 3.231568298339844e+02, 3.231568603515625e+02, 3.231568908691406e+02, 3.231568908691406e+02, 3.231568908691406e+02, 3.231568908691406e+02, 3.231568603515625e+02, 3.231568603515625e+02, 3.231568298339844e+02, 3.231567993164062e+02, 3.231567993164062e+02, 3.231567993164062e+02, 3.231567687988281e+02, 3.231567687988281e+02, 3.2315673828125e+02, 3.2315673828125e+02, 3.2315673828125e+02, 3.231567077636719e+02, 3.231567077636719e+02, 3.231567077636719e+02, 3.231566772460938e+02, 3.231566772460938e+02, 3.231566467285156e+02]
hydraulicBus.TRtrnOutMea=[3.031499938964844e+02, 3.031495361328125e+02, 3.031483459472656e+02, 3.031466674804688e+02, 3.031445922851562e+02, 3.031423034667969e+02, 3.031399230957031e+02, 3.031374816894531e+02, 3.031349792480469e+02, 3.031324462890625e+02, 3.031298828125e+02, 3.031273193359375e+02, 3.031247253417969e+02, 3.031221313476562e+02, 3.031195068359375e+02, 3.031169128417969e+02, 3.031143188476562e+02, 3.031116943359375e+02, 3.031091003417969e+02, 3.031064758300781e+02, 3.031038818359375e+02, 3.031012878417969e+02, 3.030986633300781e+02, 3.030960693359375e+02, 3.030934753417969e+02, 3.030908813476562e+02, 3.030882568359375e+02, 3.030856628417969e+02, 3.030830688476562e+02, 3.030804748535156e+02, 3.03077880859375e+02, 3.030837097167969e+02, 3.030998229980469e+02, 3.031107177734375e+02, 3.031180419921875e+02, 3.031238098144531e+02, 3.031316528320312e+02, 3.031507873535156e+02, 3.032025146484375e+02, 3.033273620605469e+02, 3.035877380371094e+02, 3.040610656738281e+02, 3.048224182128906e+02, 3.059208679199219e+02, 3.073591918945312e+02, 3.090855712890625e+02, 3.110012512207031e+02, 3.129812622070312e+02, 3.149003601074219e+02, 3.166555786132812e+02, 3.181792907714844e+02, 3.194418640136719e+02, 3.204459838867188e+02, 3.212165832519531e+02, 3.217901916503906e+02, 3.222064514160156e+02, 3.225023498535156e+02, 3.227091369628906e+02, 3.228518981933594e+02, 3.229495239257812e+02, 3.230158996582031e+02, 3.230608215332031e+02, 3.230911560058594e+02, 3.231116333007812e+02, 3.231254577636719e+02, 3.231347351074219e+02, 3.231409912109375e+02, 3.231451416015625e+02, 3.231479187011719e+02, 3.231498718261719e+02, 3.231512756347656e+02, 3.231522521972656e+02, 3.231529846191406e+02, 3.231535339355469e+02, 3.231539611816406e+02, 3.231542663574219e+02, 3.231545104980469e+02, 3.231547241210938e+02, 3.231548767089844e+02, 3.231549987792969e+02, 3.231550903320312e+02, 3.231551513671875e+02, 3.231551818847656e+02, 3.231552124023438e+02, 3.231552429199219e+02, 3.231552429199219e+02, 3.231552734375e+02, 3.231552734375e+02, 3.231553039550781e+02, 3.231553039550781e+02, 3.231553344726562e+02, 3.231553344726562e+02, 3.231553649902344e+02, 3.231553649902344e+02, 3.231553955078125e+02, 3.231554260253906e+02, 3.231554260253906e+02, 3.231554260253906e+02, 3.231554565429688e+02, 3.231554565429688e+02, 3.231554565429688e+02]
hydraulicBus.VFlowInMea=[-8.304548783477606e-25, 5.660588664468946e-11, 2.264235465787579e-10, 5.094529798022052e-10, 8.77392880571648e-10, 8.773929915939505e-10, 8.773929915939505e-10, 8.773929915939505e-10, 8.773929915939505e-10, 8.773929915939505e-10, 8.773929915939505e-10, 8.773929915939505e-10, 8.773929915939505e-10, 8.773929915939505e-10, 8.773929915939505e-10, 8.773929915939505e-10, 8.773929915939505e-10, 8.773929915939505e-10, 8.773929915939505e-10, 8.773929915939505e-10, 8.773929915939505e-10, 8.773929915939505e-10, 8.773929915939505e-10, 8.773929915939505e-10, 8.773929915939505e-10, 8.773929915939505e-10, 8.773929915939505e-10, 8.773929915939505e-10, 8.773929915939505e-10, 8.773929915939505e-10, 8.773929915939505e-10, 8.926539521780796e-06, 1.939036883413792e-05, 2.913845855800901e-05, 3.888332139467825e-05, 4.86249991809018e-05, 5.83632972848136e-05, 6.809802289353684e-05, 7.782900502206758e-05, 8.755604358157143e-05, 9.727892029331997e-05, 1.069974096026271e-04, 1.167112568509765e-04, 1.264202146558091e-04, 1.36123999254778e-04, 1.458223268855363e-04, 1.555149065097794e-04, 1.652014325372875e-04, 1.748815702740103e-04, 1.845549995778129e-04, 1.942213420988992e-04, 2.038802776951343e-04, 2.135314280167222e-04, 2.231750549981371e-04, 2.328123955521733e-04, 2.424429112579674e-04, 2.520658890716733e-04, 2.616805140860378e-04, 2.712859131861478e-04, 2.808810968417674e-04, 2.904650173150003e-04, 3.000365395564586e-04, 3.095944703090936e-04, 3.191374416928738e-04, 3.286641440354288e-04, 3.381731221452355e-04, 3.476628626231104e-04, 3.571318229660392e-04, 3.665783151518555e-04, 3.760007093660532e-04, 3.853972593788058e-04, 3.947661316487938e-04, 4.041055508423597e-04, 4.134136543143541e-04, 4.226884921081364e-04, 4.31928172474727e-04, 4.411287663970143e-04, 4.502686788327992e-04, 4.593422054313123e-04, 4.683492588810623e-04, 4.772898100782186e-04, 4.861640627495946e-04, 4.949722788296639e-04, 5.037147784605622e-04, 5.123920855112374e-04, 5.210047820582986e-04, 5.295535083860159e-04, 5.380389629863203e-04, 5.464620189741254e-04, 5.54823549464345e-04, 5.631244857795537e-04, 5.713658174499869e-04, 5.795486504212022e-04, 5.876740906387568e-04, 5.957433022558689e-04, 6.037575076334178e-04, 6.117179873399436e-04, 6.196260219439864e-04, 6.274828920140862e-04, 6.35290052741766e-04, 6.430489011108875e-04]
hydraulicBus.VFlowOutMea=[-8.304548783477606e-25, 5.660588664468946e-11, 2.264235465787579e-10, 5.094529798022052e-10, 8.77392880571648e-10, 8.773929915939505e-10, 8.773929915939505e-10, 8.773929915939505e-10, 8.773929915939505e-10, 8.773929915939505e-10, 8.773929915939505e-10, 8.773929915939505e-10, 8.773929915939505e-10, 8.773929915939505e-10, 8.773929915939505e-10, 8.773929915939505e-10, 8.773929915939505e-10, 8.773929915939505e-10, 8.773929915939505e-10, 8.773929915939505e-10, 8.773929915939505e-10, 8.773929915939505e-10, 8.773929915939505e-10, 8.773929915939505e-10, 8.773929915939505e-10, 8.773929915939505e-10, 8.773929915939505e-10, 8.773929915939505e-10, 8.773929915939505e-10, 8.773929915939505e-10, 8.773929915939505e-10, 8.926539521780796e-06, 1.939036883413792e-05, 2.913845855800901e-05, 3.888332139467825e-05, 4.86249991809018e-05, 5.83632972848136e-05, 6.809802289353684e-05, 7.782900502206758e-05, 8.755604358157143e-05, 9.727892029331997e-05, 1.069974096026271e-04, 1.167112568509765e-04, 1.264202146558091e-04, 1.36123999254778e-04, 1.458223268855363e-04, 1.555149065097794e-04, 1.652014325372875e-04, 1.748815702740103e-04, 1.845549995778129e-04, 1.942213420988992e-04, 2.038802776951343e-04, 2.135314280167222e-04, 2.231750549981371e-04, 2.328123955521733e-04, 2.424429112579674e-04, 2.520658890716733e-04, 2.616805140860378e-04, 2.712859131861478e-04, 2.808810968417674e-04, 2.904650173150003e-04, 3.000365395564586e-04, 3.095944703090936e-04, 3.191374416928738e-04, 3.286641440354288e-04, 3.381731221452355e-04, 3.476628626231104e-04, 3.571318229660392e-04, 3.665783151518555e-04, 3.760007093660532e-04, 3.853972593788058e-04, 3.947661316487938e-04, 4.041055508423597e-04, 4.134136543143541e-04, 4.226884921081364e-04, 4.31928172474727e-04, 4.411287663970143e-04, 4.502686788327992e-04, 4.593422054313123e-04, 4.683492588810623e-04, 4.772898100782186e-04, 4.861640627495946e-04, 4.949722788296639e-04, 5.037147784605622e-04, 5.123920855112374e-04, 5.210047820582986e-04, 5.295535083860159e-04, 5.380389629863203e-04, 5.464620189741254e-04, 5.54823549464345e-04, 5.631244857795537e-04, 5.713658174499869e-04, 5.795486504212022e-04, 5.876740906387568e-04, 5.957433022558689e-04, 6.037575076334178e-04, 6.117179873399436e-04, 6.196260219439864e-04, 6.274828920140862e-04, 6.35290052741766e-04, 6.430489011108875e-04]
