last-generated=2025-06-02
statistics-initialization=
{
  "nonlinear": "1, 0, 1",
  "numerical Jacobians": "0"
}
statistics-simulation=
{
  "linear": " ",
  "nonlinear": "1, 1",
  "number of continuous time states": "3",
  "numerical Jacobians": "0"
}
time=[0e+00, 3.6e+03]
dpControlled_dp.mov.dpMachine=[0e+00, 5.00000703125e+04, 5.00000703125e+04, 5.00000703125e+04, 5.00000703125e+04, 5.00000703125e+04, 5.00000703125e+04, 5.00000703125e+04, 5.00000703125e+04, 5.00000703125e+04, 5.00000703125e+04, 5.00000703125e+04, 5.00000703125e+04, 5.00000703125e+04, 5.00000703125e+04, 5.00000703125e+04, 5.00000703125e+04, 5.00000703125e+04, 5.00000703125e+04, 5.00000703125e+04, 5.00000703125e+04, 5.00000703125e+04, 5.00000703125e+04, 5.00000703125e+04, 5.00000703125e+04, 5.00000703125e+04, 5.20373828125e+04, 5.414670703125001e+04, 5.633091406250001e+04, 5.859171875e+04, 6.093042578125e+04, 6.334797265625e+04, 6.58447421875e+04, 6.84202109375e+04, 7.1072296875e+04, 7.37960390625e+04, 7.65808984375e+04, 7.94089921875e+04, 8.227784375e+04, 8.51936328125e+04, 8.81517734375e+04, 9.11474296875e+04, 9.41756953125e+04, 9.7231578125e+04, 9.98135546875e+04, 9.80059453125e+04, 9.62703515625e+04, 9.46044765625e+04, 9.30060234375e+04, 9.1472671875e+04, 9.00021015625e+04, 8.8592e+04, 8.724009375e+04, 8.59441171875e+04, 8.470187499999999e+04, 8.351118749999999e+04, 8.23699375e+04, 8.12760703125e+04, 8.02275859375e+04, 7.922253125e+04, 7.8259046875e+04, 7.73353046875e+04, 7.64495703125e+04, 7.56001640625e+04, 7.46141484375e+04, 7.32206484375e+04, 7.18996484375e+04, 7.0646578125e+04, 6.9457203125e+04, 6.832759375e+04, 6.72540859375e+04, 6.62332578125e+04, 6.526195703125e+04, 6.433721875e+04, 6.345629296875e+04, 6.261661328125e+04, 6.261364453125e+04, 6.261364453125e+04, 6.261364453125e+04, 6.261364453125e+04, 6.261364453125e+04, 6.261364453125e+04, 6.261364453125e+04, 6.261364453125e+04, 6.261364453125e+04, 6.261364453125e+04, 6.261364453125e+04, 6.261364453125e+04, 6.261364453125e+04, 6.261364453125e+04, 6.261364453125e+04, 6.261364453125e+04, 6.261364453125e+04, 6.261364453125e+04, 6.261364453125e+04, 6.261364453125e+04, 6.261364453125e+04, 6.261364453125e+04, 6.261364453125e+04, 6.261364453125e+04, 6.261364453125e+04]
dpControlled_dp.mov.m_flow=[0e+00, 1.406251726621122e-06, 1.406251726621122e-06, 1.406251726621122e-06, 1.406251726621122e-06, 1.406251726621122e-06, 1.406251726621122e-06, 1.406251726621122e-06, 1.406251726621122e-06, 1.406251726621122e-06, 1.406251726621122e-06, 1.406251726621122e-06, 1.406251726621122e-06, 1.406251726621122e-06, 1.406251726621122e-06, 1.406251726621122e-06, 1.406251726621122e-06, 1.406251726621122e-06, 1.406251726621122e-06, 1.406251726621122e-06, 1.406251726621122e-06, 1.406251726621122e-06, 1.406251726621122e-06, 1.406251726621122e-06, 1.406251726621122e-06, 1.406251726621122e-06, 4.078517109155655e-02, 8.296989649534239e-02, 1.266553550958635e-01, 1.718727350234985e-01, 2.186481505632401e-01, 2.670004069805145e-01, 3.169370889663696e-01, 3.684477508068085e-01, 4.214907586574554e-01, 4.759666919708252e-01, 5.316647291183472e-01, 5.882271528244019e-01, 6.456051468849182e-01, 7.039216756820679e-01, 7.630850672721863e-01, 8.229988813400269e-01, 8.835646510124207e-01, 9.44682776927948e-01, 1.003759741783142e+00, 1.039910554885864e+00, 1.074621319770813e+00, 1.107937574386597e+00, 1.139905571937561e+00, 1.170571565628052e+00, 1.199982047080994e+00, 1.228183031082153e+00, 1.255220174789429e+00, 1.281138777732849e+00, 1.305982828140259e+00, 1.329795718193054e+00, 1.352619886398316e+00, 1.374496459960938e+00, 1.395465493202209e+00, 1.415565729141235e+00, 1.434834837913513e+00, 1.453308939933777e+00, 1.471022963523865e+00, 1.48801064491272e+00, 1.502580285072327e+00, 1.511869788169861e+00, 1.520676136016846e+00, 1.529029607772827e+00, 1.536958336830139e+00, 1.544488787651062e+00, 1.551645278930664e+00, 1.55845046043396e+00, 1.56492555141449e+00, 1.571090221405029e+00, 1.576962828636169e+00, 1.582560420036316e+00, 1.582575678825378e+00, 1.582575678825378e+00, 1.582575678825378e+00, 1.582575678825378e+00, 1.582575678825378e+00, 1.582575678825378e+00, 1.582575678825378e+00, 1.582575678825378e+00, 1.582575678825378e+00, 1.582575678825378e+00, 1.582575678825378e+00, 1.582575678825378e+00, 1.582575678825378e+00, 1.582575678825378e+00, 1.582575678825378e+00, 1.582575678825378e+00, 1.582575678825378e+00, 1.582575678825378e+00, 1.582575678825378e+00, 1.582575678825378e+00, 1.582575678825378e+00, 1.582575678825378e+00, 1.582575678825378e+00, 1.582575678825378e+00, 1.582575678825378e+00]
m_flow_nominal=[1e+00, 1e+00]
dp_nominal=[1e+05, 1e+05]
val.y_actual=[0e+00, -2.974780941955746e-33, -1.008541723595942e-36, 1.419102017366002e-37, -7.749536190897647e-36, -1.564098261716306e-35, -1.428207556135773e-35, -1.08911330916423e-35, -7.500189904462054e-36, -4.109246717281808e-36, -9.298931410312855e-37, -9.236669813776992e-37, -9.174408217241129e-37, -9.112146620705266e-37, -9.049885024169403e-37, -8.98762342763354e-37, -8.925361831097677e-37, -8.863101131392831e-37, -8.800839534856967e-37, -8.738577938321104e-37, -9.674687463547889e-37, -1.1435091416443e-36, -1.319549536933811e-36, -1.495589932223323e-36, -1.671630237829732e-36, -1.847670633119243e-36, 1.993333362042904e-02, 3.993333503603941e-02, 5.993333458900458e-02, 7.993333041667938e-02, 9.993333369493484e-02, 1.199333369731903e-01, 1.399333328008652e-01, 1.5993332862854e-01, 1.799333393573761e-01, 1.99933335185051e-01, 2.199333310127258e-01, 2.399333268404007e-01, 2.599333226680756e-01, 2.799333333969116e-01, 2.999333441257477e-01, 3.199333250522614e-01, 3.399333357810974e-01, 3.599333465099335e-01, 3.799333274364471e-01, 3.999333381652832e-01, 4.199333190917969e-01, 4.399333298206329e-01, 4.59933340549469e-01, 4.799333214759827e-01, 4.999333322048187e-01, 5.199333429336548e-01, 5.399333238601685e-01, 5.599333047866821e-01, 5.799333453178407e-01, 5.999333262443544e-01, 6.19933307170868e-01, 6.399333477020264e-01, 6.5993332862854e-01, 6.799333095550537e-01, 6.999333500862122e-01, 7.199333310127258e-01, 7.399333119392395e-01, 7.599333524703979e-01, 7.799333333969116e-01, 7.999333143234253e-01, 8.199333548545837e-01, 8.399333357810974e-01, 8.599333167076111e-01, 8.799333572387695e-01, 8.999333381652832e-01, 9.199333190917969e-01, 9.399333596229553e-01, 9.59933340549469e-01, 9.799333214759827e-01, 9.999333620071411e-01, 1e+00, 1e+00, 1e+00, 1e+00, 1e+00, 1e+00, 1e+00, 1e+00, 1e+00, 1e+00, 1e+00, 1e+00, 1e+00, 1e+00, 1e+00, 1e+00, 1e+00, 1e+00, 1e+00, 1e+00, 1e+00, 1e+00, 1e+00, 1e+00, 1e+00]
elEnergy=[0e+00, 9.249977022409439e-02, 2.20655083656311e-01, 3.488103747367859e-01, 4.769656956195831e-01, 6.051210165023804e-01, 7.332763075828552e-01, 8.614315986633302e-01, 9.895869493484497e-01, 1.117742300033569e+00, 1.245897531509399e+00, 1.374052882194519e+00, 1.502208113670349e+00, 1.630363464355469e+00, 1.758518815040589e+00, 1.886674046516418e+00, 2.014829397201538e+00, 2.142984628677368e+00, 2.271140098571777e+00, 2.399295330047607e+00, 2.527450561523438e+00, 2.655606031417847e+00, 2.783761262893677e+00, 2.911916494369507e+00, 3.040071964263916e+00, 3.168227195739746e+00, 1.273856323242188e+03, 3.059349365234381e+03, 4.976100585937506e+03, 7.0778701171875e+03, 9.389607421875e+03, 1.19501630859375e+04, 1.4789435546875e+04, 1.7884830078125e+04, 2.1208939453125e+04, 2.47660546875e+04, 2.8594314453125e+04, 3.2713806640625e+04, 3.714358203125e+04, 4.19053671875e+04, 4.70030234375e+04, 5.244707421875e+04, 5.836462890625e+04, 6.485879296875e+04, 7.198046875e+04, 7.94501953125e+04, 8.70503671875e+04, 9.47774921875e+04, 1.02628796875e+05, 1.10602484375e+05, 1.1869796875e+05, 1.269183828125e+05, 1.35270109375e+05, 1.43758609375e+05, 1.523878906250001e+05, 1.611610781250001e+05, 1.700804375000001e+05, 1.791475e+05, 1.8836415625e+05, 1.9773675e+05, 2.0727228125e+05, 2.16974296875e+05, 2.2684353125e+05, 2.3687884375e+05, 2.47072921875e+05, 2.57331265625e+05, 2.6761721875e+05, 2.7792921875e+05, 2.8826525e+05, 2.9862315625e+05, 3.09000625e+05, 3.1939546875e+05, 3.2980546875e+05, 3.4022846875e+05, 3.5066253125e+05, 3.6110578125e+05, 3.71553e+05, 3.8200021875e+05, 3.924474375e+05, 4.0289465625e+05, 4.13341875e+05, 4.237890625e+05, 4.3423628125e+05, 4.446835e+05, 4.5513071875e+05, 4.655779375e+05, 4.7602515625e+05, 4.86472375e+05, 4.9691959375e+05, 5.073668125e+05, 5.17814e+05, 5.2826125e+05, 5.387084375e+05, 5.491556875e+05, 5.59602875e+05, 5.700500625e+05, 5.804973125e+05, 5.909445e+05, 6.0139175e+05, 6.118389375e+05, 6.222861875e+05]
