last-generated=2016-03-18
statistics-simulation=
{
  "numerical Jacobians": "0", 
  "nonlinear": " ", 
  "number of continuous time states": "9", 
  "linear": "0, 0"
}
THeaOut.T=[293.149993896484375, 290.322479248046875, 290.379852294921875, 290.432769775390625, 290.351348876953125, 290.259552001953125, 290.149993896484375, 290.02496337890625, 289.88604736328125, 289.735565185546875, 289.575836181640625, 289.409393310546875, 289.23883056640625, 289.178314208984375, 289.372100830078125, 297.921905517578125, 293.86639404296875, 293.511871337890625, 293.375091552734375, 293.2491455078125, 293.152099609375, 293.222869873046875, 293.3671875, 293.53912353515625, 293.7049560546875, 293.843536376953125, 293.93768310546875, 293.974273681640625, 293.94964599609375, 293.860107421875, 293.7021484375, 293.476104736328125, 293.18609619140625, 293.520294189453125, 293.65887451171875, 293.8193359375, 293.98583984375, 294.156341552734375, 294.328277587890625, 294.4989013671875, 292.40777587890625, 290.777801513671875, 289.486907958984375, 290.01104736328125, 290.144775390625, 290.255859375, 290.348419189453125, 290.42193603515625, 290.4754638671875, 290.5079345703125, 290.51910400390625, 290.5087890625, 290.47686767578125, 290.424224853515625, 290.350830078125, 290.258575439453125, 290.149200439453125, 290.024505615234375, 289.886322021484375, 289.7364501953125, 289.57672119140625, 289.409332275390625, 289.235687255859375, 289.177001953125, 289.371246337890625, 297.906646728515625, 293.863128662109375, 293.50787353515625, 293.373931884765625, 293.249176025390625, 293.1536865234375, 293.223541259765625, 293.367706298828125, 293.539093017578125, 293.70556640625, 293.8438720703125, 293.9361572265625, 293.9744873046875, 293.9510498046875, 293.860504150390625, 293.7017822265625, 293.47601318359375, 293.184814453125, 293.51934814453125, 293.65899658203125, 293.819427490234375, 293.985809326171875, 294.156341552734375, 294.328277587890625, 294.4989013671875, 292.40777587890625, 290.7777099609375, 289.4869384765625, 290.012420654296875, 290.147705078125, 290.255859375, 290.34857177734375, 290.421875, 290.475433349609375, 290.50799560546875, 290.5191650390625]
TSet.y=[289.149993896484375, 289.149993896484375, 289.149993896484375, 289.149993896484375, 289.149993896484375, 289.149993896484375, 289.149993896484375, 289.149993896484375, 289.149993896484375, 289.149993896484375, 289.149993896484375, 289.149993896484375, 289.149993896484375, 289.149993896484375, 289.149993896484375, 293.149993896484375, 293.149993896484375, 293.149993896484375, 293.149993896484375, 293.149993896484375, 293.149993896484375, 293.149993896484375, 293.149993896484375, 293.149993896484375, 293.149993896484375, 293.149993896484375, 293.149993896484375, 293.149993896484375, 293.149993896484375, 293.149993896484375, 293.149993896484375, 293.149993896484375, 293.149993896484375, 293.149993896484375, 293.149993896484375, 293.149993896484375, 293.149993896484375, 293.149993896484375, 293.149993896484375, 293.149993896484375, 289.149993896484375, 289.149993896484375, 289.149993896484375, 289.149993896484375, 289.149993896484375, 289.149993896484375, 289.149993896484375, 289.149993896484375, 289.149993896484375, 289.149993896484375, 289.149993896484375, 289.149993896484375, 289.149993896484375, 289.149993896484375, 289.149993896484375, 289.149993896484375, 289.149993896484375, 289.149993896484375, 289.149993896484375, 289.149993896484375, 289.149993896484375, 289.149993896484375, 289.149993896484375, 289.149993896484375, 289.149993896484375, 293.149993896484375, 293.149993896484375, 293.149993896484375, 293.149993896484375, 293.149993896484375, 293.149993896484375, 293.149993896484375, 293.149993896484375, 293.149993896484375, 293.149993896484375, 293.149993896484375, 293.149993896484375, 293.149993896484375, 293.149993896484375, 293.149993896484375, 293.149993896484375, 293.149993896484375, 293.149993896484375, 293.149993896484375, 293.149993896484375, 293.149993896484375, 293.149993896484375, 293.149993896484375, 293.149993896484375, 293.149993896484375, 289.149993896484375, 289.149993896484375, 289.149993896484375, 289.149993896484375, 289.149993896484375, 289.149993896484375, 289.149993896484375, 289.149993896484375, 289.149993896484375, 289.149993896484375, 289.149993896484375]
TVol.T=[293.149993896484375, 290.280181884765625, 289.189666748046875, 289.150421142578125, 289.151123046875, 289.1512451171875, 289.1514892578125, 289.15167236328125, 289.151824951171875, 289.1519775390625, 289.152069091796875, 289.152130126953125, 289.152191162109375, 289.180206298828125, 289.376953125, 292.553619384765625, 293.1561279296875, 293.150909423828125, 293.15167236328125, 293.1514892578125, 293.15234375, 293.224945068359375, 293.370147705078125, 293.542236328125, 293.707763671875, 293.84564208984375, 293.938873291015625, 293.97442626953125, 293.948638916015625, 293.857879638671875, 293.698699951171875, 293.471466064453125, 293.179229736328125, 293.148284912109375, 293.148101806640625, 293.14794921875, 293.147857666015625, 293.1478271484375, 293.1478271484375, 293.147857666015625, 292.374725341796875, 290.751953125, 289.466156005859375, 289.139068603515625, 289.148834228515625, 289.14874267578125, 289.148956298828125, 289.149169921875, 289.149444580078125, 289.14971923828125, 289.149993896484375, 289.1502685546875, 289.150543212890625, 289.150787353515625, 289.151031494140625, 289.151275634765625, 289.1514892578125, 289.15167236328125, 289.151824951171875, 289.1519775390625, 289.152069091796875, 289.152130126953125, 289.15234375, 289.178985595703125, 289.376129150390625, 292.556610107421875, 293.154327392578125, 293.151458740234375, 293.151611328125, 293.1514892578125, 293.153289794921875, 293.2255859375, 293.37066650390625, 293.542205810546875, 293.708343505859375, 293.845977783203125, 293.937347412109375, 293.974639892578125, 293.950042724609375, 293.8582763671875, 293.698333740234375, 293.47137451171875, 293.17901611328125, 293.148223876953125, 293.148162841796875, 293.14794921875, 293.147857666015625, 293.1478271484375, 293.1478271484375, 293.147857666015625, 292.374725341796875, 290.751861572265625, 289.466217041015625, 289.13934326171875, 289.148834228515625, 289.14874267578125, 289.14892578125, 289.149169921875, 289.149444580078125, 289.14971923828125, 289.149993896484375]
TOut.y=[284.149993896484375, 284.189422607421875, 284.307098388671875, 284.501129150390625, 284.768463134765625, 285.10491943359375, 285.505157470703125, 285.962890625, 286.470855712890625, 287.0211181640625, 287.60491943359375, 288.213104248046875, 288.8360595703125, 289.463958740234375, 290.0869140625, 290.695098876953125, 291.278900146484375, 291.829132080078125, 292.337127685546875, 292.794830322265625, 293.195098876953125, 293.531524658203125, 293.79888916015625, 293.992919921875, 294.110565185546875, 294.149993896484375, 294.110565185546875, 293.992919921875, 293.79888916015625, 293.531524658203125, 293.195098876953125, 292.794830322265625, 292.337127685546875, 291.829132080078125, 291.278900146484375, 290.695098876953125, 290.0869140625, 289.463958740234375, 288.8360595703125, 288.213104248046875, 287.60491943359375, 287.0211181640625, 286.470855712890625, 285.962890625, 285.505157470703125, 285.10491943359375, 284.768463134765625, 284.501129150390625, 284.307098388671875, 284.189422607421875, 284.149993896484375, 284.189422607421875, 284.307098388671875, 284.501129150390625, 284.768463134765625, 285.10491943359375, 285.505157470703125, 285.962890625, 286.470855712890625, 287.0211181640625, 287.60491943359375, 288.213104248046875, 288.8360595703125, 289.463958740234375, 290.0869140625, 290.695098876953125, 291.278900146484375, 291.829132080078125, 292.337127685546875, 292.794830322265625, 293.195098876953125, 293.531524658203125, 293.79888916015625, 293.992919921875, 294.110565185546875, 294.149993896484375, 294.110565185546875, 293.992919921875, 293.79888916015625, 293.531524658203125, 293.195098876953125, 292.794830322265625, 292.337127685546875, 291.829132080078125, 291.278900146484375, 290.695098876953125, 290.0869140625, 289.463958740234375, 288.8360595703125, 288.213104248046875, 287.60491943359375, 287.0211181640625, 286.470855712890625, 285.962890625, 285.505157470703125, 285.10491943359375, 284.768463134765625, 284.501129150390625, 284.307098388671875, 284.189422607421875, 284.149993896484375]
time=[0., 172800.]
hea.Q_flow=[0., 0., 225.2123260498046875, 252.6464080810546875, 236.3898468017578125, 218.230987548828125, 196.517486572265625, 171.77084350585934657829, 144.295318603515625, 114.5499725341796875, 82.99779510498046875, 50.137790679931640625, 16.485546112060546875, 0., 0., 1080., 134.9041748046875, 70.97273254394525565658, 43.5916595458984375, 18.8537616729736328125, 0., 0., 0., 0., 0., 0., 0., 0., 0., 0., 0., 0., 0., 73.659210205078125, 101.28353881835950289769, 132.98582458496079539145, 165.8714447021484375, 199.5126190185546875, 233.4259033203125, 267.0626220703125, 0., 0., 0., 175.216278076171875, 196.76922607421875, 218.70513916015625, 236.862213134765625, 251.2474517822265625, 261.676055908203125, 267.954437255859375, 270.02734375, 267.864837646484375, 261.438446044921875, 250.9272613525390625, 236.3397064208984375, 218.03215026855451696974, 196.36094665527323854803, 171.68244934082053987368, 144.353057861328125, 114.729095458984375, 83.16695404052734375, 50.12674713134765625, 15.8064517974853515625, 0., 0., 1080., 135.1822052001953125, 69.99337005615234375, 43.41732025146463769261, 18.85152244567890633675, 0.00000000000006306067, 0., 0., 0., 0., 0., 0., 0., 0., 0., 0., 0., 0., 73.520111083984375, 101.278533935546875, 133.005950927734375, 165.8684234619140625, 199.515838623046875, 233.4240570068359375, 267.0628662109375, 0., 0., 0., 175.32843017578125, 197.295135498046875, 218.698974609375, 236.8921966552734375, 251.232269287109375, 261.67181396484375, 267.967437744140625, 270.03839111328125]
