last-generated=2026-06-02
statistics-initialization=
{
  "nonlinear": "0, 1, 0, 1",
  "numerical Jacobians": "0"
}
statistics-simulation=
{
  "linear": "0, 0, 0, 0, 0, 0, 0, 0, 0, 0, 0, 0, 0, 0, 0, 0, 0, 0, 0, 0, 0, 0, 0, 0, 0, 0, 0,   0, 0, 0, 0, 0, 0, 0, 0, 0, 0, 0, 0, 0, 0, 0, 0, 0, 0, 0, 0, 0, 0, 0, 0, 0, 0,   0, 0, 0, 0, 0, 0, 0, 0, 0, 0, 0, 0, 0, 0, 0, 0, 0, 0, 0, 0, 0, 0, 0, 0, 0, 0,   0, 0, 0, 0, 0, 0, 0, 0, 0, 0, 0, 0, 0, 0, 0, 0, 0, 0, 0, 0, 0, 0, 0, 0, 0, 0,   0, 0, 0, 0, 0, 0, 0, 0, 0, 0, 0, 0, 0, 0, 0, 0, 0, 0, 0, 0, 0, 0, 0, 0, 0, 0,   0, 0, 0, 0, 0, 0, 0, 0, 0, 0, 0, 0, 0, 0, 0, 0, 0, 0, 0, 0, 0, 0, 0, 0, 0, 0,   0, 0, 0, 0, 0, 0, 0, 0, 0, 0, 0, 0, 0, 0, 0, 0, 0, 0, 0, 0, 0, 0, 0, 0, 0, 0,   0, 0, 0, 0, 0, 0, 0, 0, 0, 0, 0, 0, 0, 0, 0, 0",
  "nonlinear": "4, 9, 4, 8, 4, 7, 4, 8, 4, 7, 4, 8, 4, 9, 4, 8, 4, 9, 4, 8, 10",
  "number of continuous time states": "251",
  "numerical Jacobians": "0"
}
time=[0e+00, 2.592e+07]
totalHeatLoad=[4.72669482421875e+03, 5.44414892578125e+03, 5.7282021484375e+03, 5.80786279296875e+03, 5.84085400390625e+03, 5.85665576171875e+03, 5.8646396484375e+03, 5.8687666015625e+03, 5.8709404296875e+03, 5.87208935546875e+03, 5.8726943359375e+03, 5.87302197265625e+03, 5.87320361328125e+03, 5.8733056640625e+03, 5.87336279296875e+03, 5.8733974609375e+03, 5.87341357421875e+03, 5.87342138671875e+03, 5.87342822265625e+03, 5.87343212890625e+03, 5.87343212890625e+03, 5.873431640625e+03, 5.8734306640625e+03, 5.8734296875e+03, 5.8734287109375e+03, 5.873427734375e+03, 5.87342724609375e+03, 5.87342724609375e+03, 5.87342724609375e+03, 5.8734267578125e+03, 5.8734267578125e+03, 5.87342626953125e+03, 5.87342626953125e+03, 5.87342626953125e+03, 5.87342626953125e+03, 5.87342626953125e+03, 5.87342626953125e+03, 5.87342626953125e+03, 5.87342626953125e+03, 5.87342626953125e+03, 5.87342626953125e+03, 5.87342626953125e+03, 5.87342626953125e+03, 5.87342626953125e+03, 5.87342626953125e+03, 5.87342626953125e+03, 5.87342626953125e+03, 5.87342626953125e+03, 5.87342626953125e+03, 5.87342626953125e+03, 5.87342626953125e+03, 5.87342626953125e+03, 5.87342626953125e+03, 5.87342626953125e+03, 5.87342626953125e+03, 5.87342626953125e+03, 5.87342626953125e+03, 5.87342626953125e+03, 5.87342626953125e+03, 5.87342626953125e+03, 5.87342626953125e+03, 5.87342626953125e+03, 5.87342626953125e+03, 5.87342626953125e+03, 5.87342626953125e+03, 5.87342626953125e+03, 5.87342626953125e+03, 5.87342626953125e+03, 5.87342626953125e+03, 5.87342626953125e+03, 5.87342626953125e+03, 5.87342626953125e+03, 5.87342626953125e+03, 5.87342626953125e+03, 5.87342626953125e+03, 5.87342626953125e+03, 5.87342626953125e+03, 5.87342626953125e+03, 5.87342626953125e+03, 5.87342626953125e+03, 5.87342626953125e+03, 5.87342626953125e+03, 5.87342626953125e+03, 5.87342626953125e+03, 5.87342626953125e+03, 5.87342626953125e+03, 5.87342626953125e+03, 5.87342626953125e+03, 5.87342626953125e+03, 5.87342626953125e+03, 5.87342626953125e+03, 5.87342626953125e+03, 5.87342626953125e+03, 5.87342626953125e+03, 5.87342626953125e+03, 5.87342626953125e+03, 5.87342626953125e+03, 5.87342626953125e+03, 5.87342626953125e+03, 5.87342626953125e+03, 5.87342626953125e+03]
roomHeatLoads[1]=[1.09054248046875e+03, 1.062708984375e+03, 1.098964111328125e+03, 1.112082763671875e+03, 1.118417846679688e+03, 1.121747680664062e+03, 1.123530151367188e+03, 1.12448974609375e+03, 1.125006591796875e+03, 1.12528515625e+03, 1.12543408203125e+03, 1.125515258789062e+03, 1.125560546875e+03, 1.125586181640625e+03, 1.1256005859375e+03, 1.125609252929688e+03, 1.125613403320312e+03, 1.125615478515625e+03, 1.1256171875e+03, 1.125618286132812e+03, 1.125618286132812e+03, 1.125618041992188e+03, 1.125617797851562e+03, 1.125617553710938e+03, 1.125617431640625e+03, 1.1256171875e+03, 1.125617065429688e+03, 1.125617065429688e+03, 1.125616943359375e+03, 1.125616943359375e+03, 1.125616821289062e+03, 1.125616821289062e+03, 1.125616821289062e+03, 1.125616821289062e+03, 1.125616821289062e+03, 1.125616821289062e+03, 1.125616821289062e+03, 1.125616821289062e+03, 1.125616821289062e+03, 1.125616821289062e+03, 1.125616821289062e+03, 1.125616821289062e+03, 1.125616821289062e+03, 1.125616821289062e+03, 1.12561669921875e+03, 1.12561669921875e+03, 1.12561669921875e+03, 1.12561669921875e+03, 1.12561669921875e+03, 1.12561669921875e+03, 1.12561669921875e+03, 1.12561669921875e+03, 1.12561669921875e+03, 1.12561669921875e+03, 1.12561669921875e+03, 1.12561669921875e+03, 1.12561669921875e+03, 1.12561669921875e+03, 1.12561669921875e+03, 1.12561669921875e+03, 1.12561669921875e+03, 1.12561669921875e+03, 1.12561669921875e+03, 1.12561669921875e+03, 1.12561669921875e+03, 1.12561669921875e+03, 1.12561669921875e+03, 1.12561669921875e+03, 1.12561669921875e+03, 1.12561669921875e+03, 1.12561669921875e+03, 1.12561669921875e+03, 1.12561669921875e+03, 1.12561669921875e+03, 1.12561669921875e+03, 1.12561669921875e+03, 1.12561669921875e+03, 1.12561669921875e+03, 1.12561669921875e+03, 1.12561669921875e+03, 1.12561669921875e+03, 1.12561669921875e+03, 1.12561669921875e+03, 1.12561669921875e+03, 1.12561669921875e+03, 1.12561669921875e+03, 1.12561669921875e+03, 1.12561669921875e+03, 1.12561669921875e+03, 1.12561669921875e+03, 1.12561669921875e+03, 1.12561669921875e+03, 1.12561669921875e+03, 1.12561669921875e+03, 1.12561669921875e+03, 1.12561669921875e+03, 1.12561669921875e+03, 1.12561669921875e+03, 1.12561669921875e+03, 1.12561669921875e+03, 1.12561669921875e+03]
roomHeatLoads[2]=[4.775008544921875e+02, 5.244567260742188e+02, 5.538900756835938e+02, 5.625169067382812e+02, 5.663949584960938e+02, 5.683942260742188e+02, 5.694559326171875e+02, 5.700250854492188e+02, 5.7033056640625e+02, 5.704946899414062e+02, 5.705820922851562e+02, 5.706295776367188e+02, 5.70656005859375e+02, 5.706708984375e+02, 5.706792602539062e+02, 5.706843872070312e+02, 5.706867065429688e+02, 5.706878662109375e+02, 5.706889038085938e+02, 5.706895141601562e+02, 5.706895141601562e+02, 5.706893920898438e+02, 5.706892700195312e+02, 5.706890869140625e+02, 5.7068896484375e+02, 5.706888427734375e+02, 5.706887817382812e+02, 5.706887817382812e+02, 5.70688720703125e+02, 5.70688720703125e+02, 5.706886596679688e+02, 5.706886596679688e+02, 5.706886596679688e+02, 5.706886596679688e+02, 5.706886596679688e+02, 5.706886596679688e+02, 5.706886596679688e+02, 5.706886596679688e+02, 5.706886596679688e+02, 5.706885986328125e+02, 5.706885986328125e+02, 5.706885986328125e+02, 5.706885986328125e+02, 5.706885986328125e+02, 5.706885986328125e+02, 5.706885986328125e+02, 5.706885986328125e+02, 5.706885986328125e+02, 5.706885986328125e+02, 5.706885986328125e+02, 5.706885986328125e+02, 5.706885986328125e+02, 5.706885986328125e+02, 5.706885986328125e+02, 5.706885986328125e+02, 5.706885986328125e+02, 5.706885986328125e+02, 5.706885986328125e+02, 5.706885986328125e+02, 5.706885986328125e+02, 5.706885986328125e+02, 5.706885986328125e+02, 5.706885986328125e+02, 5.706885986328125e+02, 5.706885986328125e+02, 5.706885986328125e+02, 5.706885986328125e+02, 5.706885986328125e+02, 5.706885986328125e+02, 5.706885986328125e+02, 5.706885986328125e+02, 5.706885986328125e+02, 5.706885986328125e+02, 5.706885986328125e+02, 5.706885986328125e+02, 5.706885986328125e+02, 5.706885986328125e+02, 5.706885986328125e+02, 5.706885986328125e+02, 5.706885986328125e+02, 5.706885986328125e+02, 5.706885986328125e+02, 5.706885986328125e+02, 5.706885986328125e+02, 5.706885986328125e+02, 5.706885986328125e+02, 5.706885986328125e+02, 5.706885986328125e+02, 5.706885986328125e+02, 5.706885986328125e+02, 5.706885986328125e+02, 5.706885986328125e+02, 5.706885986328125e+02, 5.706885986328125e+02, 5.706885986328125e+02, 5.706885986328125e+02, 5.706885986328125e+02, 5.706885986328125e+02, 5.706885986328125e+02, 5.706885986328125e+02, 5.706885986328125e+02]
roomHeatLoads[3]=[-4.256497192382812e+02, 1.348678302764893e+01, 5.570705795288086e+01, 6.845436096191406e+01, 7.427790832519531e+01, 7.730274200439453e+01, 7.889945220947266e+01, 7.973999786376953e+01, 8.018278503417969e+01, 8.041648101806641e+01, 8.053865814208984e+01, 8.060398864746094e+01, 8.0639892578125e+01, 8.065991973876953e+01, 8.06710205078125e+01, 8.067770385742188e+01, 8.068072509765625e+01, 8.068214416503906e+01, 8.068342590332031e+01, 8.068412780761719e+01, 8.068412780761719e+01, 8.068394470214844e+01, 8.068375396728516e+01, 8.068356323242188e+01, 8.068338012695312e+01, 8.068318939208984e+01, 8.068312835693359e+01, 8.068308258056641e+01, 8.068304443359375e+01, 8.068300628662109e+01, 8.068296813964844e+01, 8.068292236328125e+01, 8.068292236328125e+01, 8.068291473388672e+01, 8.068291473388672e+01, 8.068290710449219e+01, 8.068289947509766e+01, 8.068289947509766e+01, 8.068289184570312e+01, 8.068288421630859e+01, 8.068288421630859e+01, 8.068287658691406e+01, 8.068287658691406e+01, 8.068286895751953e+01, 8.068286895751953e+01, 8.068286895751953e+01, 8.068286895751953e+01, 8.068286895751953e+01, 8.068286895751953e+01, 8.068286895751953e+01, 8.068286895751953e+01, 8.068286895751953e+01, 8.068286895751953e+01, 8.068286895751953e+01, 8.068286895751953e+01, 8.068286895751953e+01, 8.068286895751953e+01, 8.068286895751953e+01, 8.068286895751953e+01, 8.068286895751953e+01, 8.068286895751953e+01, 8.0682861328125e+01, 8.0682861328125e+01, 8.0682861328125e+01, 8.0682861328125e+01, 8.0682861328125e+01, 8.0682861328125e+01, 8.0682861328125e+01, 8.0682861328125e+01, 8.0682861328125e+01, 8.0682861328125e+01, 8.0682861328125e+01, 8.0682861328125e+01, 8.0682861328125e+01, 8.0682861328125e+01, 8.0682861328125e+01, 8.0682861328125e+01, 8.0682861328125e+01, 8.0682861328125e+01, 8.0682861328125e+01, 8.0682861328125e+01, 8.0682861328125e+01, 8.0682861328125e+01, 8.0682861328125e+01, 8.0682861328125e+01, 8.0682861328125e+01, 8.0682861328125e+01, 8.0682861328125e+01, 8.0682861328125e+01, 8.0682861328125e+01, 8.0682861328125e+01, 8.0682861328125e+01, 8.0682861328125e+01, 8.0682861328125e+01, 8.0682861328125e+01, 8.0682861328125e+01, 8.0682861328125e+01, 8.0682861328125e+01, 8.0682861328125e+01, 8.0682861328125e+01, 8.0682861328125e+01]
roomHeatLoads[4]=[6.322332763671875e+02, 6.399002685546875e+02, 6.649116821289062e+02, 6.72972900390625e+02, 6.767281494140625e+02, 6.786787109375e+02, 6.797149658203125e+02, 6.802699584960938e+02, 6.805675048828125e+02, 6.807271118164062e+02, 6.808119506835938e+02, 6.808580322265625e+02, 6.808836669921875e+02, 6.808980712890625e+02, 6.809061889648438e+02, 6.809110717773438e+02, 6.809133911132812e+02, 6.809144897460938e+02, 6.809154663085938e+02, 6.80916015625e+02, 6.809160766601562e+02, 6.809159545898438e+02, 6.80915771484375e+02, 6.809156494140625e+02, 6.8091552734375e+02, 6.809154052734375e+02, 6.809153442382812e+02, 6.809153442382812e+02, 6.80915283203125e+02, 6.80915283203125e+02, 6.809152221679688e+02, 6.809152221679688e+02, 6.809152221679688e+02, 6.809152221679688e+02, 6.809152221679688e+02, 6.809152221679688e+02, 6.809152221679688e+02, 6.809152221679688e+02, 6.809152221679688e+02, 6.809152221679688e+02, 6.809152221679688e+02, 6.809151611328125e+02, 6.809151611328125e+02, 6.809151611328125e+02, 6.809151611328125e+02, 6.809151611328125e+02, 6.809151611328125e+02, 6.809151611328125e+02, 6.809151611328125e+02, 6.809151611328125e+02, 6.809151611328125e+02, 6.809151611328125e+02, 6.809151611328125e+02, 6.809151611328125e+02, 6.809151611328125e+02, 6.809151611328125e+02, 6.809151611328125e+02, 6.809151611328125e+02, 6.809151611328125e+02, 6.809151611328125e+02, 6.809151611328125e+02, 6.809151611328125e+02, 6.809151611328125e+02, 6.809151611328125e+02, 6.809151611328125e+02, 6.809151611328125e+02, 6.809151611328125e+02, 6.809151611328125e+02, 6.809151611328125e+02, 6.809151611328125e+02, 6.809151611328125e+02, 6.809151611328125e+02, 6.809151611328125e+02, 6.809151611328125e+02, 6.809151611328125e+02, 6.809151611328125e+02, 6.809151611328125e+02, 6.809151611328125e+02, 6.809151611328125e+02, 6.809151611328125e+02, 6.809151611328125e+02, 6.809151611328125e+02, 6.809151611328125e+02, 6.809151611328125e+02, 6.809151611328125e+02, 6.809151611328125e+02, 6.809151611328125e+02, 6.809151611328125e+02, 6.809151611328125e+02, 6.809151611328125e+02, 6.809151611328125e+02, 6.809151611328125e+02, 6.809151611328125e+02, 6.809151611328125e+02, 6.809151611328125e+02, 6.809151611328125e+02, 6.809151611328125e+02, 6.809151611328125e+02, 6.809151611328125e+02, 6.809151611328125e+02, 6.809151611328125e+02]
roomHeatLoads[5]=[7.7418408203125e+02, 7.551945190429688e+02, 7.878529663085938e+02, 7.990128784179688e+02, 8.043132934570312e+02, 8.070894165039062e+02, 8.085740966796875e+02, 8.093727416992188e+02, 8.09802490234375e+02, 8.100338134765625e+02, 8.101574096679688e+02, 8.102246704101562e+02, 8.1026220703125e+02, 8.102833862304688e+02, 8.102953491210938e+02, 8.103025512695312e+02, 8.103059692382812e+02, 8.103076171875e+02, 8.103091430664062e+02, 8.103099365234375e+02, 8.103099975585938e+02, 8.10309814453125e+02, 8.103096313476562e+02, 8.103094482421875e+02, 8.103092041015625e+02, 8.103090209960938e+02, 8.103089599609375e+02, 8.103089599609375e+02, 8.103088989257812e+02, 8.10308837890625e+02, 8.10308837890625e+02, 8.103087768554688e+02, 8.103087768554688e+02, 8.103087768554688e+02, 8.103087768554688e+02, 8.103087768554688e+02, 8.103087768554688e+02, 8.103087158203125e+02, 8.103087158203125e+02, 8.103087158203125e+02, 8.103087158203125e+02, 8.103087158203125e+02, 8.103087158203125e+02, 8.103087158203125e+02, 8.103087158203125e+02, 8.103087158203125e+02, 8.103087158203125e+02, 8.103087158203125e+02, 8.103087158203125e+02, 8.103087158203125e+02, 8.103087158203125e+02, 8.103087158203125e+02, 8.103087158203125e+02, 8.103087158203125e+02, 8.103087158203125e+02, 8.103087158203125e+02, 8.103087158203125e+02, 8.103087158203125e+02, 8.103087158203125e+02, 8.103087158203125e+02, 8.103087158203125e+02, 8.103087158203125e+02, 8.103087158203125e+02, 8.103087158203125e+02, 8.103087158203125e+02, 8.103087158203125e+02, 8.103087158203125e+02, 8.103087158203125e+02, 8.103087158203125e+02, 8.103087158203125e+02, 8.103087158203125e+02, 8.103087158203125e+02, 8.103087158203125e+02, 8.103087158203125e+02, 8.103087158203125e+02, 8.103087158203125e+02, 8.103087158203125e+02, 8.103087158203125e+02, 8.103087158203125e+02, 8.103087158203125e+02, 8.103087158203125e+02, 8.103087158203125e+02, 8.103087158203125e+02, 8.103087158203125e+02, 8.103087158203125e+02, 8.103087158203125e+02, 8.103087158203125e+02, 8.103087158203125e+02, 8.103087158203125e+02, 8.103087158203125e+02, 8.103087158203125e+02, 8.103087158203125e+02, 8.103087158203125e+02, 8.103087158203125e+02, 8.103087158203125e+02, 8.103087158203125e+02, 8.103087158203125e+02, 8.103087158203125e+02, 8.103087158203125e+02, 8.103087158203125e+02, 8.103087158203125e+02]
roomHeatLoads[6]=[7.299152221679688e+02, 7.510208740234375e+02, 7.826742553710938e+02, 7.897775268554688e+02, 7.919366455078125e+02, 7.926880493164062e+02, 7.9297265625e+02, 7.930880737304688e+02, 7.931380615234375e+02, 7.931613159179688e+02, 7.9317236328125e+02, 7.931781616210938e+02, 7.931813354492188e+02, 7.9318310546875e+02, 7.9318408203125e+02, 7.931846313476562e+02, 7.931848754882812e+02, 7.931849975585938e+02, 7.931851196289062e+02, 7.931851806640625e+02, 7.931851806640625e+02, 7.931851806640625e+02, 7.931851806640625e+02, 7.931851806640625e+02, 7.931851196289062e+02, 7.931851196289062e+02, 7.931851196289062e+02, 7.931851196289062e+02, 7.931851196289062e+02, 7.931851196289062e+02, 7.931851196289062e+02, 7.931851196289062e+02, 7.931851196289062e+02, 7.931851196289062e+02, 7.931851196289062e+02, 7.931851196289062e+02, 7.931851196289062e+02, 7.931851196289062e+02, 7.931851196289062e+02, 7.931851196289062e+02, 7.931851196289062e+02, 7.931851196289062e+02, 7.931851196289062e+02, 7.931851196289062e+02, 7.931851196289062e+02, 7.931851196289062e+02, 7.931851196289062e+02, 7.931851196289062e+02, 7.931851196289062e+02, 7.931851196289062e+02, 7.931851196289062e+02, 7.931851196289062e+02, 7.931851196289062e+02, 7.931851196289062e+02, 7.931851196289062e+02, 7.931851196289062e+02, 7.931851196289062e+02, 7.931851196289062e+02, 7.931851196289062e+02, 7.931851196289062e+02, 7.931851196289062e+02, 7.931851196289062e+02, 7.931851196289062e+02, 7.931851196289062e+02, 7.931851196289062e+02, 7.931851196289062e+02, 7.931851196289062e+02, 7.931851196289062e+02, 7.931851196289062e+02, 7.931851196289062e+02, 7.931851196289062e+02, 7.931851196289062e+02, 7.931851196289062e+02, 7.931851196289062e+02, 7.931851196289062e+02, 7.931851196289062e+02, 7.931851196289062e+02, 7.931851196289062e+02, 7.931851196289062e+02, 7.931851196289062e+02, 7.931851196289062e+02, 7.931851196289062e+02, 7.931851196289062e+02, 7.931851196289062e+02, 7.931851196289062e+02, 7.931851196289062e+02, 7.931851196289062e+02, 7.931851196289062e+02, 7.931851196289062e+02, 7.931851196289062e+02, 7.931851196289062e+02, 7.931851196289062e+02, 7.931851196289062e+02, 7.931851196289062e+02, 7.931851196289062e+02, 7.931851196289062e+02, 7.931851196289062e+02, 7.931851196289062e+02, 7.931851196289062e+02, 7.931851196289062e+02, 7.931851196289062e+02]
roomHeatLoads[7]=[4.876688842773438e+02, 5.348095703125e+02, 5.5575732421875e+02, 5.600884399414062e+02, 5.613292846679688e+02, 5.617460327148438e+02, 5.61900390625e+02, 5.619611206054688e+02, 5.619871215820312e+02, 5.619988403320312e+02, 5.620043334960938e+02, 5.620072021484375e+02, 5.620087890625e+02, 5.620096435546875e+02, 5.620101318359375e+02, 5.620103759765625e+02, 5.62010498046875e+02, 5.620105590820312e+02, 5.620106201171875e+02, 5.620106811523438e+02, 5.620106811523438e+02, 5.620106811523438e+02, 5.620106201171875e+02, 5.620106201171875e+02, 5.620106201171875e+02, 5.620106201171875e+02, 5.620106201171875e+02, 5.620106201171875e+02, 5.620106201171875e+02, 5.620106201171875e+02, 5.620106201171875e+02, 5.620106201171875e+02, 5.620106201171875e+02, 5.620106201171875e+02, 5.620106201171875e+02, 5.620106201171875e+02, 5.620106201171875e+02, 5.620106201171875e+02, 5.620106201171875e+02, 5.620106201171875e+02, 5.620106201171875e+02, 5.620106201171875e+02, 5.620106201171875e+02, 5.620106201171875e+02, 5.620106201171875e+02, 5.620106201171875e+02, 5.620106201171875e+02, 5.620106201171875e+02, 5.620106201171875e+02, 5.620106201171875e+02, 5.620106201171875e+02, 5.620106201171875e+02, 5.620106201171875e+02, 5.620106201171875e+02, 5.620106201171875e+02, 5.620106201171875e+02, 5.620106201171875e+02, 5.620106201171875e+02, 5.620106201171875e+02, 5.620106201171875e+02, 5.620106201171875e+02, 5.620106201171875e+02, 5.620106201171875e+02, 5.620106201171875e+02, 5.620106201171875e+02, 5.620106201171875e+02, 5.620106201171875e+02, 5.620106201171875e+02, 5.620106201171875e+02, 5.620106201171875e+02, 5.620106201171875e+02, 5.620106201171875e+02, 5.620106201171875e+02, 5.620106201171875e+02, 5.620106201171875e+02, 5.620106201171875e+02, 5.620106201171875e+02, 5.620106201171875e+02, 5.620106201171875e+02, 5.620106201171875e+02, 5.620106201171875e+02, 5.620106201171875e+02, 5.620106201171875e+02, 5.620106201171875e+02, 5.620106201171875e+02, 5.620106201171875e+02, 5.620106201171875e+02, 5.620106201171875e+02, 5.620106201171875e+02, 5.620106201171875e+02, 5.620106201171875e+02, 5.620106201171875e+02, 5.620106201171875e+02, 5.620106201171875e+02, 5.620106201171875e+02, 5.620106201171875e+02, 5.620106201171875e+02, 5.620106201171875e+02, 5.620106201171875e+02, 5.620106201171875e+02, 5.620106201171875e+02]
roomHeatLoads[8]=[-6.375133666992188e+02, -9.676576995849609e+01, -7.184742736816406e+01, -6.692117309570312e+01, -6.533807373046875e+01, -6.478849029541016e+01, -6.457954406738281e+01, -6.450082397460938e+01, -6.445855712890625e+01, -6.444119262695312e+01, -6.443300628662109e+01, -6.442877197265625e+01, -6.442645263671875e+01, -6.442518615722656e+01, -6.442449951171875e+01, -6.442410278320312e+01, -6.442391967773438e+01, -6.442383575439453e+01, -6.442375946044922e+01, -6.442371368408203e+01, -6.442371368408203e+01, -6.442372131347656e+01, -6.442373657226562e+01, -6.442374420166016e+01, -6.442375183105469e+01, -6.442376708984375e+01, -6.442376708984375e+01, -6.442377471923828e+01, -6.442377471923828e+01, -6.442377471923828e+01, -6.442378234863281e+01, -6.442378234863281e+01, -6.442378234863281e+01, -6.442378234863281e+01, -6.442378234863281e+01, -6.442378234863281e+01, -6.442378234863281e+01, -6.442378234863281e+01, -6.442378234863281e+01, -6.442378234863281e+01, -6.442378234863281e+01, -6.442378234863281e+01, -6.442378234863281e+01, -6.442378234863281e+01, -6.442378234863281e+01, -6.442378234863281e+01, -6.442378234863281e+01, -6.442378234863281e+01, -6.442378234863281e+01, -6.442378234863281e+01, -6.442378234863281e+01, -6.442378234863281e+01, -6.442378234863281e+01, -6.442378234863281e+01, -6.442378234863281e+01, -6.442378234863281e+01, -6.442378234863281e+01, -6.442378234863281e+01, -6.442378234863281e+01, -6.442378234863281e+01, -6.442378234863281e+01, -6.442378234863281e+01, -6.442378234863281e+01, -6.442378234863281e+01, -6.442378234863281e+01, -6.442378234863281e+01, -6.442378234863281e+01, -6.442378234863281e+01, -6.442378234863281e+01, -6.442378234863281e+01, -6.442378234863281e+01, -6.442378234863281e+01, -6.442378234863281e+01, -6.442378234863281e+01, -6.442378234863281e+01, -6.442378234863281e+01, -6.442378234863281e+01, -6.442378234863281e+01, -6.442378234863281e+01, -6.442378234863281e+01, -6.442378234863281e+01, -6.442378234863281e+01, -6.442378234863281e+01, -6.442378234863281e+01, -6.442378234863281e+01, -6.442378234863281e+01, -6.442378234863281e+01, -6.442378234863281e+01, -6.442378234863281e+01, -6.442378234863281e+01, -6.442378234863281e+01, -6.442378234863281e+01, -6.442378234863281e+01, -6.442378234863281e+01, -6.442378234863281e+01, -6.442378234863281e+01, -6.442378234863281e+01, -6.442378234863281e+01, -6.442378234863281e+01, -6.442378234863281e+01, -6.442378234863281e+01]
roomHeatLoads[9]=[9.719187622070312e+02, 6.542027587890625e+02, 6.696285400390625e+02, 6.734935302734375e+02, 6.746781616210938e+02, 6.750810546875e+02, 6.752294311523438e+02, 6.752870483398438e+02, 6.753113403320312e+02, 6.753222045898438e+02, 6.753272705078125e+02, 6.75329833984375e+02, 6.75331298828125e+02, 6.7533203125e+02, 6.753324584960938e+02, 6.753327026367188e+02, 6.753328247070312e+02, 6.753328857421875e+02, 6.753329467773438e+02, 6.753329467773438e+02, 6.753329467773438e+02, 6.753329467773438e+02, 6.753329467773438e+02, 6.753329467773438e+02, 6.753329467773438e+02, 6.753329467773438e+02, 6.753329467773438e+02, 6.753329467773438e+02, 6.753329467773438e+02, 6.753329467773438e+02, 6.753329467773438e+02, 6.753329467773438e+02, 6.753329467773438e+02, 6.753329467773438e+02, 6.753329467773438e+02, 6.753329467773438e+02, 6.753329467773438e+02, 6.753329467773438e+02, 6.753329467773438e+02, 6.753329467773438e+02, 6.753329467773438e+02, 6.753328857421875e+02, 6.753328857421875e+02, 6.753328857421875e+02, 6.753328857421875e+02, 6.753328857421875e+02, 6.753328857421875e+02, 6.753328857421875e+02, 6.753328857421875e+02, 6.753328857421875e+02, 6.753328857421875e+02, 6.753328857421875e+02, 6.753328857421875e+02, 6.753328857421875e+02, 6.753328857421875e+02, 6.753328857421875e+02, 6.753328857421875e+02, 6.753328857421875e+02, 6.753328857421875e+02, 6.753328857421875e+02, 6.753328857421875e+02, 6.753328857421875e+02, 6.753328857421875e+02, 6.753328857421875e+02, 6.753328857421875e+02, 6.753328857421875e+02, 6.753328857421875e+02, 6.753328857421875e+02, 6.753328857421875e+02, 6.753328857421875e+02, 6.753328857421875e+02, 6.753328857421875e+02, 6.753328857421875e+02, 6.753328857421875e+02, 6.753328857421875e+02, 6.753328857421875e+02, 6.753328857421875e+02, 6.753328857421875e+02, 6.753328857421875e+02, 6.753328857421875e+02, 6.753328857421875e+02, 6.753328857421875e+02, 6.753328857421875e+02, 6.753328857421875e+02, 6.753328857421875e+02, 6.753328857421875e+02, 6.753328857421875e+02, 6.753328857421875e+02, 6.753328857421875e+02, 6.753328857421875e+02, 6.753328857421875e+02, 6.753328857421875e+02, 6.753328857421875e+02, 6.753328857421875e+02, 6.753328857421875e+02, 6.753328857421875e+02, 6.753328857421875e+02, 6.753328857421875e+02, 6.753328857421875e+02, 6.753328857421875e+02, 6.753328857421875e+02]
