last-generated=2024-12-16
statistics-simulation=
{
  "linear": "0",
  "nonlinear": " ",
  "numerical Jacobians": "0"
}
time=[0e+00, 1.8e+02]
TRoomSet.y=[1.5e+01, 1.5e+01, 1.5e+01, 1.5e+01, 1.5e+01, 1.5e+01, 1.5e+01, 1.5e+01, 1.5e+01, 1.5e+01, 1.5e+01, 1.5e+01, 1.5e+01, 1.5e+01, 1.5e+01, 1.5e+01, 1.5e+01, 1.5e+01, 1.5e+01, 1.5e+01, 1.5e+01, 1.5e+01, 1.5e+01, 1.5e+01, 1.5e+01, 1.5e+01, 1.5e+01, 1.5e+01, 1.505000000000728e+01, 1.527499952316823e+01, 1.55e+01, 1.572500047683352e+01, 1.594999999999273e+01, 1.617499904632568e+01, 1.639999952317375e+01, 1.6625e+01, 1.685e+01, 1.707500095365976e+01, 1.729999904634024e+01, 1.7525e+01, 1.775e+01, 1.7975e+01, 1.820000095365976e+01, 1.842499904634031e+01, 1.865e+01, 1.8875e+01, 1.91e+01, 1.932500095365976e+01, 1.954999904634024e+01, 1.9775e+01, 2e+01, 2.0225e+01, 2.045000095365976e+01, 2.067499904634024e+01, 2.09e+01, 2.1125e+01, 2.135e+01, 2.157500095365969e+01, 2.179999904634024e+01, 2.2025e+01, 2.225e+01, 2.2475e+01, 2.270000095365976e+01, 2.292499904634024e+01, 2.315e+01, 2.3375e+01, 2.36e+01, 2.382500095367432e+01, 2.404999904634024e+01, 2.4275e+01, 2.45e+01, 2.4725e+01, 2.495e+01, 2.5175e+01, 2.54e+01, 2.5625e+01, 2.585e+01, 2.6075e+01, 2.63e+01, 2.6525e+01, 2.675e+01, 2.6975e+01, 2.72e+01, 2.7425e+01, 2.765e+01, 2.7875e+01, 2.81e+01, 2.8325e+01, 2.855e+01, 2.8775e+01, 2.9e+01, 2.9225e+01, 2.945e+01, 2.9675e+01, 2.99e+01, 3e+01, 3e+01, 3e+01, 3e+01, 3e+01, 3e+01]
TAmbSet.y=[4e+01, 4e+01, 4e+01, 4e+01, 4e+01, 4e+01, 3.979999928474699e+01, 3.934999856949719e+01, 3.890000143050602e+01, 3.845000095365613e+01, 3.8e+01, 3.754999904634387e+01, 3.709999856949398e+01, 3.665000143050602e+01, 3.620000095365613e+01, 3.575e+01, 3.529999904634387e+01, 3.484999856949398e+01, 3.440000190730498e+01, 3.395000095365249e+01, 3.35e+01, 3.304999904634751e+01, 3.259999809269502e+01, 3.215000190730498e+01, 3.170000095366704e+01, 3.125e+01, 3.079999904633296e+01, 3.035000000001455e+01, 2.989999999998545e+01, 2.945000095366354e+01, 2.9e+01, 2.854999904633296e+01, 2.810000000001455e+01, 2.765e+01, 2.720000095366704e+01, 2.675e+01, 2.63e+01, 2.585e+01, 2.54e+01, 2.495e+01, 2.45e+01, 2.405e+01, 2.36e+01, 2.315e+01, 2.27e+01, 2.225e+01, 2.18e+01, 2.135e+01, 2.09e+01, 2.045e+01, 2e+01, 1.955e+01, 1.91e+01, 1.865e+01, 1.82e+01, 1.775e+01, 1.73e+01, 1.685e+01, 1.64e+01, 1.594999904638389e+01, 1.55e+01, 1.505000095361611e+01, 1.459999999998545e+01, 1.415000000001455e+01, 1.369999904638389e+01, 1.325e+01, 1.280000095361611e+01, 1.235e+01, 1.190000000001455e+01, 1.144999904638389e+01, 1.1e+01, 1.055000095361611e+01, 1.010000190723223e+01, 9.649998092767774e+00, 9.199999046383891e+00, 8.75e+00, 8.300000953616109e+00, 7.85000143042417e+00, 7.39999856957583e+00, 6.949999046383883e+00, 6.5e+00, 6.050000953616109e+00, 5.60000143042417e+00, 5.14999856957583e+00, 4.699999046383891e+00, 4.25e+00, 3.800000715212081e+00, 3.35000143042417e+00, 2.89999856957583e+00, 2.449999284787919e+00, 2e+00, 1.550000715212081e+00, 1.100001549626184e+00, 6.499984504217003e-01, 1.999992400871634e-01, 0e+00, 0e+00, 0e+00, 0e+00, 0e+00, 0e+00]
winSpe10Set.y=[0e+00, 0e+00, 0e+00, 0e+00, 0e+00, 0e+00, 0e+00, 0e+00, 0e+00, 0e+00, 0e+00, 0e+00, 7.999998211867467e-01, 1.700000238417671e+00, 2.599999523164662e+00, 3.5e+00, 4.400000476833521e+00, 4.699999999999999e+00, 3.800000715237549e+00, 2.900000476828062e+00, 2e+00, 1.099999642380318e+00, 1.999992400582858e-01, 1.399998450313794e+00, 3.199999284760629e+00, 5e+00, 6.800000953656131e+00, 8.60000190730498e+00, 9.600001907304973e+00, 7.80000095366893e+00, 6e+00, 4.199999046343876e+00, 2.399998569521265e+00, 6.000015497180851e-01, 2.399998569523091e+00, 5.999999999999986e+00, 9.599994278303321e+00, 1.320000286106659e+01, 1.679999618527364e+01, 1.959999427830332e+01, 1.6e+01, 1.240000572169668e+01, 8.799997138933406e+00, 5.200002861059514e+00, 1.599993920697278e+00, 0e+00, 0e+00, 0e+00, 0e+00, 0e+00, 0e+00, 0e+00, 0e+00, 0e+00, 0e+00, 0e+00, 1.599993920697307e+00, 5.200002861059514e+00, 8.799997138933378e+00, 1.240000572169665e+01, 1.6e+01, 1.959999427830332e+01, 1.679999618527364e+01, 1.320000286106659e+01, 9.599994278303321e+00, 6e+00, 2.400006198504707e+00, 6.000015497180993e-01, 2.399998569463065e+00, 4.200002860848326e+00, 5.999999999999986e+00, 7.79999713915166e+00, 9.599994278303321e+00, 8.599994278303321e+00, 6.799997139151674e+00, 5e+00, 3.200003099252354e+00, 1.400006079302722e+00, 2.000030545516125e-01, 1.100001549626191e+00, 2e+00, 2.899998569575837e+00, 3.799996900747632e+00, 4.70000286084834e+00, 4.399998569575837e+00, 3.5e+00, 2.600001430424163e+00, 1.700003099252368e+00, 7.999969603486392e-01, 0e+00, 0e+00, 0e+00, 0e+00, 0e+00, 0e+00, 0e+00, 0e+00, 0e+00, 0e+00, 0e+00, 0e+00]
winDirSet.y=[0e+00, 3.366699058997578e+00, 5.685196000314934e+00, 6.23364069143283e+00, 4.841277354831641e+00, 1.941611051559448e+00, -1.562564245358574e+00, -4.580244494478482e+00, -6.171892772430017e+00, -5.841958578262863e+00, -3.693163633346558e+00, -3.945229508279297e-01, 3.026946832884084e+00, 5.505997533270169e+00, 6.270786833177865e+00, 5.083203792572021e+00, 2.312993309853398e+00, -1.177350733017069e+00, -4.301134266083006e+00, -6.085786898935114e+00, -5.975664138793945e+00, -4.005051868126958e+00, -7.874889240268502e-01, 2.675247546882998e+00, 5.305068142960227e+00, 6.283185482025146e+00, 5.305068142960227e+00, 2.675247546882998e+00, -7.874889240268642e-01, -4.005051872905582e+00, -5.975664138793945e+00, -6.085786898935114e+00, -4.301134266083006e+00, -1.177354427115418e+00, 2.312993309880272e+00, 5.083203792572013e+00, 6.270786289663842e+00, 5.505995688675257e+00, 3.026950114541143e+00, -3.945304598155731e-01, -3.693163633346558e+00, -5.841955740931267e+00, -6.171892032207102e+00, -4.580247045219819e+00, -1.562558754548302e+00, 1.941611051559448e+00, 4.841273687509341e+00, 6.233641001284508e+00, 5.685197162286205e+00, 3.366693844611879e+00, 6.925214321809071e-15, -3.366693844611879e+00, -5.685197162286205e+00, -6.233641001284508e+00, -4.841273687509341e+00, -1.941611051559421e+00, 1.562558754548329e+00, 4.580247045219819e+00, 6.171892032207096e+00, 5.841955740931278e+00, 3.693163633346558e+00, 3.945304598155731e-01, -3.026950114541143e+00, -5.505995688675257e+00, -6.270786289663842e+00, -5.083203792572021e+00, -2.31300028336639e+00, 1.177354427115445e+00, 4.301134265998039e+00, 6.085788702419114e+00, 5.975664138793953e+00, 4.00505762353408e+00, 7.875038440576116e-01, -2.675261110018268e+00, -5.305072116895448e+00, -6.283185482025146e+00, -5.305072116895448e+00, -2.675261110018268e+00, 7.875038440576116e-01, 4.005057623534102e+00, 5.975664138793945e+00, 6.085788702419114e+00, 4.301145144675911e+00, 1.177339607522649e+00, -2.31300028336639e+00, -5.083203792572021e+00, -6.270786289663843e+00, -5.50600281791932e+00, -3.026936851931583e+00, 3.945304598155451e-01, 3.693163633346558e+00, 5.841955740931278e+00, 6.171894714138952e+00, 4.580236642336037e+00, 1.562558754548329e+00, -1.941611051559448e+00, -4.841273687509323e+00, -6.233638973369952e+00, -5.685190623076465e+00, -3.366693844611903e+00, -1.385042864361814e-14]
warrenParkins.V_flow=[0e+00, 0e+00, 0e+00, 0e+00, 0e+00, 0e+00, 0e+00, 0e+00, 0e+00, 0e+00, 0e+00, 0e+00, 3.599998986725411e-02, 7.650000715252786e-02, 1.169999815226193e-01, 1.574999988079071e-01, 1.98000016093195e-01, 2.115000125169458e-01, 1.710000381461996e-01, 1.305000208612391e-01, 9.000000357627869e-02, 4.949998256602799e-02, 8.999965281088755e-03, 6.299993235027422e-02, 1.439999594697281e-01, 2.249999940395355e-01, 3.060000286094566e-01, 3.870000631793774e-01, 4.320000798686776e-01, 3.510000452991394e-01, 2.700000107288361e-01, 1.889999612577541e-01, 1.079999341384136e-01, 2.700006936478981e-02, 1.079999341384139e-01, 2.700000107288354e-01, 4.319997365641308e-01, 5.940001192114355e-01, 7.559998450257777e-01, 8.819997544455241e-01, 7.200000286102295e-01, 5.58000302773116e-01, 3.959998605229853e-01, 2.340001347078774e-01, 7.199972225924338e-02, 0e+00, 0e+00, 0e+00, 0e+00, 0e+00, 0e+00, 7.38019084958612e-02, 1.043918129159866e-01, 1.278778430889317e-01, 1.476890459111052e-01, 1.651530861854555e-01, 1.809508990720347e-01, 2.340001347078774e-01, 3.95999860522984e-01, 5.580003027731146e-01, 7.200000286102295e-01, 8.819997544455241e-01, 7.559998450257777e-01, 5.940001192114355e-01, 4.319997365641308e-01, 2.866050601005554e-01, 2.960615596176104e-01, 3.052322345047047e-01, 3.141420409045849e-01, 3.228126611247963e-01, 3.312628269195556e-01, 3.509998736464834e-01, 4.319997365641308e-01, 3.869997198748302e-01, 3.631612489863361e-01, 3.70721697807312e-01, 3.781366819728975e-01, 3.85414635511226e-01, 3.925632180511351e-01, 3.995892821587475e-01, 4.064992368221283e-01, 4.13298923255541e-01, 4.199936760592322e-01, 4.265884978926906e-01, 4.330878963157975e-01, 4.394961297512054e-01, 4.458171320772768e-01, 4.520545689696613e-01, 4.582119493430659e-01, 4.642922980677328e-01, 4.70298707485199e-01, 4.762339491914386e-01, 4.821006755858687e-01, 4.879014091513262e-01, 4.936383761317765e-01, 4.961682856082916e-01, 4.961682856082916e-01, 4.961682856082916e-01, 4.961682856082916e-01, 4.961682856082916e-01, 4.961682856082916e-01]
gidsPhaff.V_flow=[3.683408796787262e-01, 3.683408796787262e-01, 3.683408796787262e-01, 3.683408796787262e-01, 3.683408796787262e-01, 3.683408796787262e-01, 3.669528666472944e-01, 3.638104505073502e-01, 3.606406741546405e-01, 3.574427975913698e-01, 3.542160391807556e-01, 3.509595976311228e-01, 3.484174314708057e-01, 3.477367461393894e-01, 3.489401033605224e-01, 3.520081639289856e-01, 3.568928564416089e-01, 3.567736772134718e-01, 3.446659244471053e-01, 3.340867501357437e-01, 3.251853287220001e-01, 3.181025658125826e-01, 3.129619623428762e-01, 3.117756523238824e-01, 3.187702848368784e-01, 3.335772156715393e-01, 3.552207754018902e-01, 3.825423672950475e-01, 3.981572128847402e-01, 3.601603066336341e-01, 3.258074522018433e-01, 2.963686473988496e-01, 2.734356362638232e-01, 2.58744129262502e-01, 2.605340697570723e-01, 2.982077598571775e-01, 3.619017271286908e-01, 4.404693955404492e-01, 5.273031429639807e-01, 5.976279496546375e-01, 4.999052286148071e-01, 4.045323828898592e-01, 3.136599220058655e-01, 2.326243842266228e-01, 1.756152812940593e-01, 1.591308414936066e-01, 1.479124921835848e-01, 1.357702952096307e-01, 1.224297850988701e-01, 1.074454213490583e-01, 9.000000357627869e-02, 1.074454213490583e-01, 1.224297850988701e-01, 1.357702952096307e-01, 1.479124921835848e-01, 1.591308414936067e-01, 1.756152812940596e-01, 2.326243842266228e-01, 3.136599220058648e-01, 4.045323828898585e-01, 4.999052286148071e-01, 5.976279496546375e-01, 5.273031429639807e-01, 4.404693955404492e-01, 3.619017271286908e-01, 2.982077598571777e-01, 2.605341140302462e-01, 2.587441292625021e-01, 2.734356362632132e-01, 2.963687037272098e-01, 3.25807452201843e-01, 3.601602297277395e-01, 3.981570457499092e-01, 3.837076964376901e-01, 3.580823453636043e-01, 3.383239805698395e-01, 3.255027689555813e-01, 3.204524558511564e-01, 3.23386927345085e-01, 3.301080595803109e-01, 3.386380672454834e-01, 3.488443308126501e-01, 3.605844851416132e-01, 3.737141362224587e-01, 3.75360422658964e-01, 3.722645342350006e-01, 3.709157714046717e-01, 3.713331776128006e-01, 3.735108480589543e-01, 3.774075883479608e-01, 3.819437026977539e-01, 3.864265902752843e-01, 3.908580690194893e-01, 3.952399043919813e-01, 3.995736612410017e-01, 4.014847576618195e-01, 4.014847576618195e-01, 4.014847576618195e-01, 4.014847576618195e-01, 4.014847576618195e-01, 4.014847576618195e-01]
larsenHeiselberg.V_flow=[0e+00, 0e+00, 0e+00, 0e+00, 0e+00, 0e+00, 0e+00, 0e+00, 0e+00, 0e+00, 0e+00, 0e+00, 0e+00, 0e+00, 0e+00, 0e+00, 0e+00, 0e+00, 0e+00, 0e+00, 0e+00, 0e+00, 0e+00, 0e+00, 0e+00, 0e+00, 0e+00, 0e+00, 2.1891579463638e-01, 1.352518260465354e-01, 0e+00, 0e+00, 0e+00, 0e+00, 0e+00, 4.246603069191224e-15, 0e+00, 4.34429405443071e-01, 1.442272465982785e-01, 4.591442717442212e-01, 4.141747951507568e-01, 2.812652677515868e-01, 0e+00, 9.383963249692756e-02, 0e+00, 0e+00, 0e+00, 0e+00, 0e+00, 0e+00, 0e+00, 5.952254780612229e-02, 8.417769058057489e-02, 1.030961575792203e-01, 8.873107668045349e-02, 1.330965757369996e-01, 1.371708327021615e-01, 1.924929189706686e-01, 2.263809467188292e-01, 3.779826929265822e-01, 4.924560189247131e-01, 5.373566362200868e-01, 3.254979145998025e-01, 5.299357880377841e-01, 2.616176944681883e-01, 3.243937790393829e-01, 2.606036303408601e-01, 2.464743528459126e-01, 2.886723793129581e-01, 2.721392871422633e-01, 2.996067106723777e-01, 4.100992982148189e-01, 4.514106680807051e-01, 3.621238412801019e-01, 3.871291136219624e-01, 3.054667413234711e-01, 3.259265955270409e-01, 3.361787824122177e-01, 3.150507136292672e-01, 3.622487150853385e-01, 3.280688524246216e-01, 3.35701014029205e-01, 3.948571415565207e-01, 3.855616443870924e-01, 3.870116650621679e-01, 3.761216998100281e-01, 3.581511964203564e-01, 3.655259489976744e-01, 3.671177565414876e-01, 3.717185339623557e-01, 3.764539957046509e-01, 3.811305980539409e-01, 3.857505165752129e-01, 2.909242327438152e-01, 2.942876276425701e-01, 3.968173265457153e-01, 2.957701683044434e-01, 3.968173265457153e-01, 3.968173265457153e-01, 3.968173265457153e-01, 3.968173265457153e-01]
caciolo.V_flow=[0e+00, 0e+00, 0e+00, 0e+00, 0e+00, 0e+00, 0e+00, 0e+00, 0e+00, 0e+00, 0e+00, 0e+00, 0e+00, 0e+00, 2.403534181580459e-02, 5.971521884202957e-02, 0e+00, 1.072883756077938e-01, 0e+00, 3.592865936266263e-02, 2.487824240233749e-04, 0e+00, 0e+00, 0e+00, 4.78219012954739e-02, 1.191816553473473e-01, 1.905414168497728e-01, 0e+00, 3.015454420374021e-01, 0e+00, 1.588259488344193e-01, 8.746619478251776e-02, 0e+00, 0e+00, 0e+00, 1.588259488344187e-01, 3.015451395915416e-01, 4.442649501457066e-01, 1.774156891250081e-01, 6.979880893616038e-01, 1.470185965299606e-01, 4.125496482445332e-01, 2.917671302827028e-01, 2.070982508678432e-06, 0e+00, 0e+00, 0e+00, 0e+00, 0e+00, 0e+00, 0e+00, 8.450037423802063e-02, 1.140631677568792e-01, 1.397250692170173e-01, 1.613716675426162e-01, 1.890939921140672e-01, 1.589046924105856e-01, 1.699013442210263e-01, 2.698298376908219e-01, 5.309305402302748e-01, 0e+00, 1.065984971537108e+00, 0e+00, 6.156706679128361e-01, 3.355869601394545e-01, 2.375089526176453e-01, 3.040251222586614e-01, 3.089870263259487e-01, 3.225920372144975e-01, 2.574557598294883e-01, 2.497690618038179e-01, 2.346256926128295e-01, 3.442848495641125e-01, 2.225758204063267e-01, 2.448804481203393e-01, 2.735597789287567e-01, 2.983550293928683e-01, 4.153476416428058e-01, 4.184225044201014e-01, 4.365251490554686e-01, 3.353670835494995e-01, 3.265229927191182e-01, 3.99533977803567e-01, 3.026436080774738e-01, 3.9713003120482e-01, 3.330360352993011e-01, 3.555444087984362e-01, 3.909049086302271e-01, 5.072440813073016e-01, 5.073065273620604e-01, 5.384741425514221e-01, 5.203545580231856e-01, 5.267647884661081e-01, 5.586285814989445e-01, 5.393713818369095e-01, 5.680937767028809e-01, 5.421356558799744e-01, 5.421356558799744e-01, 5.421356558799744e-01, 5.680937767028809e-01, 5.421356558799744e-01]
tang.V_flow=[4.456287324428558e-01, 4.456287324428558e-01, 4.456287324428558e-01, 4.456287324428558e-01, 4.456287324428558e-01, 4.456287324428558e-01, 4.438445274322459e-01, 4.398036309736491e-01, 4.357253304378934e-01, 4.316085892562502e-01, 4.274523258209229e-01, 4.232553225754214e-01, 4.190163919415647e-01, 4.14734273236494e-01, 4.104076046298744e-01, 4.060349464416504e-01, 4.016148429148033e-01, 3.97145719288229e-01, 3.926259019748641e-01, 3.8805359796852e-01, 3.834269940853119e-01, 3.787440935662292e-01, 3.740028102466584e-01, 3.692008893912288e-01, 3.643359860665876e-01, 3.594055473804474e-01, 3.544068613166962e-01, 3.493370370475613e-01, 3.435869284015381e-01, 3.355807696305353e-01, 3.273930847644806e-01, 3.190101349124148e-01, 3.104162738383692e-01, 3.015937880948136e-01, 2.925223747128274e-01, 2.831786274909974e-01, 2.735353874303526e-01, 2.635606441179839e-01, 2.532167225946521e-01, 2.424581460497857e-01, 2.312300503253937e-01, 2.19464709910544e-01, 2.070774625918317e-01, 1.939610506300546e-01, 1.799771092838909e-01, 1.649467200040817e-01, 1.486447443317669e-01, 1.308405092342901e-01, 1.116753459374657e-01, 9.545488324508565e-02, 0e+00, 9.541251937931798e-02, 1.115304394931164e-01, 1.305621109629438e-01, 1.482089148831506e-01, 1.643327921628953e-01, 1.791665609681574e-01, 1.929369383365489e-01, 2.058240814206528e-01, 2.179673364991307e-01, 2.29474812746048e-01, 2.404318568180493e-01, 2.509068039450045e-01, 2.609550571290672e-01, 2.706225377122985e-01, 2.799474000930786e-01, 2.889619319148642e-01, 2.976937366851271e-01, 3.061664331643271e-01, 3.144006866705937e-01, 3.224144279956817e-01, 3.302235174486468e-01, 3.378419918733142e-01, 3.452823709324798e-01, 3.525557341856093e-01, 3.596721589565277e-01, 3.666407646958625e-01, 3.734697470149871e-01, 3.80166642495616e-01, 3.867381921466037e-01, 3.931906819343567e-01, 3.995299232699066e-01, 4.057611315469389e-01, 4.11889335250287e-01, 4.179188710489322e-01, 4.238540828227997e-01, 4.296988448465165e-01, 4.354567631919972e-01, 4.411313724728813e-01, 4.467256759374942e-01, 4.522427618503571e-01, 4.57685401807444e-01, 4.630562482099908e-01, 4.683578192918184e-01, 4.73592349762301e-01, 4.758979082107544e-01, 4.758979082107544e-01, 4.758979082107544e-01, 4.758979082107544e-01, 4.758979082107544e-01, 4.758979082107544e-01]
vdi2078_1.V_flow=[0e+00, 0e+00, 0e+00, 0e+00, 0e+00, 0e+00, 0e+00, 0e+00, 0e+00, 0e+00, 0e+00, 0e+00, 0e+00, 0e+00, 0e+00, 0e+00, 0e+00, 0e+00, 0e+00, 0e+00, 0e+00, 0e+00, 0e+00, 0e+00, 0e+00, 0e+00, 0e+00, 0e+00, 0e+00, 0e+00, 0e+00, 0e+00, 0e+00, 0e+00, 0e+00, 0e+00, 0e+00, 0e+00, 0e+00, 0e+00, 0e+00, 0e+00, 0e+00, 0e+00, 0e+00, 0e+00, 0e+00, 0e+00, 0e+00, 0e+00, 0e+00, 6.989198120553604e-02, 9.891836198594368e-02, 1.212430945006054e-01, 1.401076018514705e-01, 1.567661315202714e-01, 1.718616538006685e-01, 1.857757979879224e-01, 1.987569374337643e-01, 2.109776042431347e-01, 2.225631773471832e-01, 2.336083765282913e-01, 2.441867379701737e-01, 2.543565546210247e-01, 2.641652687779279e-01, 2.736517488956451e-01, 2.828485811988065e-01, 2.917833700926482e-01, 3.004794942038442e-01, 3.089573227189683e-01, 3.172343969345092e-01, 3.253262205252314e-01, 3.332463833010338e-01, 3.410070500906408e-01, 3.486188181860984e-01, 3.560914695262909e-01, 3.634336467292348e-01, 3.70653247383989e-01, 3.777574241634255e-01, 3.847525833482091e-01, 3.916447460651398e-01, 3.984393661019277e-01, 4.051413906322662e-01, 4.11755584102598e-01, 4.18286036522897e-01, 4.247367978096008e-01, 4.311115336228989e-01, 4.374137010212747e-01, 4.436464817832438e-01, 4.498128100879533e-01, 4.559154808521271e-01, 4.619571464633593e-01, 4.679402507057195e-01, 4.738671681581388e-01, 4.797399739175807e-01, 4.823333024978638e-01, 4.823333024978638e-01, 4.823333024978638e-01, 4.823333024978638e-01, 4.823333024978638e-01, 4.823333024978638e-01]
vdi2078_2.V_flow=[0e+00, 0e+00, 0e+00, 0e+00, 0e+00, 0e+00, 0e+00, 0e+00, 0e+00, 0e+00, 0e+00, 0e+00, 0e+00, 0e+00, 0e+00, 0e+00, 0e+00, 0e+00, 0e+00, 0e+00, 0e+00, 0e+00, 0e+00, 0e+00, 0e+00, 0e+00, 0e+00, 0e+00, 0e+00, 0e+00, 0e+00, 0e+00, 0e+00, 0e+00, 0e+00, 0e+00, 0e+00, 0e+00, 0e+00, 0e+00, 0e+00, 0e+00, 0e+00, 0e+00, 0e+00, 0e+00, 0e+00, 0e+00, 0e+00, 0e+00, 0e+00, 4.612871012879207e-02, 6.52861211458288e-02, 8.00204460955989e-02, 9.247101573208176e-02, 1.034656465053559e-01, 1.134286882302949e-01, 1.226120293541601e-01, 1.311795790044304e-01, 1.392452104561096e-01, 1.468916982412338e-01, 1.541815279127259e-01, 1.611632464642727e-01, 1.678753290299539e-01, 1.743490803735555e-01, 1.806101500988007e-01, 1.86680068359402e-01, 1.925770093605213e-01, 1.983164500815468e-01, 2.039118204778529e-01, 2.093746960163116e-01, 2.147153079305111e-01, 2.199426117860438e-01, 2.250646524642858e-01, 2.300884211949178e-01, 2.350203692913055e-01, 2.398662038613537e-01, 2.446311402937461e-01, 2.493198969677377e-01, 2.539367157382721e-01, 2.584855258464813e-01, 2.629699631502325e-01, 2.673933356973068e-01, 2.717586902754315e-01, 2.760687841050756e-01, 2.803262770175934e-01, 2.845336127870506e-01, 2.886930265821696e-01, 2.92806669037481e-01, 2.968764373731933e-01, 3.009042143821716e-01, 3.048917285863823e-01, 3.088405595052741e-01, 3.127523196606057e-01, 3.166283732494422e-01, 3.183399736881256e-01, 3.183399736881256e-01, 3.183399736881256e-01, 3.183399736881256e-01, 3.183399736881256e-01, 3.183399736881256e-01]
vdi2078_3.V_flow=[0e+00, 0e+00, 0e+00, 0e+00, 0e+00, 0e+00, 0e+00, 0e+00, 0e+00, 0e+00, 0e+00, 0e+00, 0e+00, 0e+00, 0e+00, 0e+00, 0e+00, 0e+00, 0e+00, 0e+00, 0e+00, 0e+00, 0e+00, 0e+00, 0e+00, 0e+00, 0e+00, 0e+00, 0e+00, 0e+00, 0e+00, 0e+00, 0e+00, 0e+00, 0e+00, 0e+00, 0e+00, 0e+00, 0e+00, 0e+00, 0e+00, 0e+00, 0e+00, 0e+00, 0e+00, 0e+00, 0e+00, 0e+00, 0e+00, 0e+00, 0e+00, 6.989198120553604e-02, 9.891836198594368e-02, 6.062154725030269e-02, 7.005380092573524e-02, 7.838306576013571e-02, 1.718616538006685e-01, 1.857757979879224e-01, 1.987569374337643e-01, 1.054888021215673e-01, 1.112815886735916e-01, 1.168041882641457e-01, 2.441867379701737e-01, 2.543565546210247e-01, 1.320826343889639e-01, 1.368258744478226e-01, 1.414242905994032e-01, 2.917833700926482e-01, 3.004794942038442e-01, 3.089573227189683e-01, 1.586171984672546e-01, 1.626631102626157e-01, 1.666231916505169e-01, 3.410070500906408e-01, 3.486188181860984e-01, 3.560914695262909e-01, 1.817168233646174e-01, 1.853266236919945e-01, 3.777574241634255e-01, 3.847525833482091e-01, 3.916447460651398e-01, 1.992196830509638e-01, 2.025706953161331e-01, 2.05877792051299e-01, 4.18286036522897e-01, 4.247367978096008e-01, 4.311115336228989e-01, 2.187068505106374e-01, 2.218232408916219e-01, 4.498128100879533e-01, 4.559154808521271e-01, 4.619571464633593e-01, 2.339701253528598e-01, 2.369335840790694e-01, 2.398699869587904e-01, 4.823333024978638e-01, 4.823333024978638e-01, 4.823333024978638e-01, 2.411666512489319e-01, 2.411666512489319e-01, 2.411666512489319e-01]
din16798_1.V_flow=[3.890428841114044e-01, 3.890428841114044e-01, 3.890428841114044e-01, 3.890428841114044e-01, 3.890428841114044e-01, 3.890428841114044e-01, 3.872361187478629e-01, 3.831550487606715e-01, 3.790514758447932e-01, 3.749246018783129e-01, 3.70773583650589e-01, 3.665975612525539e-01, 3.623956450811613e-01, 3.581668725557882e-01, 3.53910209558528e-01, 3.496246337890625e-01, 3.453089576480649e-01, 3.409620234674513e-01, 3.365826047960638e-01, 3.321692962346813e-01, 3.277207016944885e-01, 3.232353310564104e-01, 3.187115749934464e-01, 3.141477146854433e-01, 3.095419426499126e-01, 3.048922419548035e-01, 3.001965860385556e-01, 2.954526801205263e-01, 2.901700567146441e-01, 2.830776006520742e-01, 2.758446335792542e-01, 2.684596745301221e-01, 2.609096998759587e-01, 2.531799144289316e-01, 2.452531341952311e-01, 2.371095418930054e-01, 2.845771596795142e-01, 3.907059137227467e-01, 4.965134857484351e-01, 5.783925624966146e-01, 4.714445769786835e-01, 3.648173527989332e-01, 2.585104102172325e-01, 1.600322971179769e-01, 1.479360694988202e-01, 1.348411440849304e-01, 1.204218898369821e-01, 1.041292622552417e-01, 8.489130745208673e-02, 5.993529083852378e-02, 0e+00, 5.975156743210151e-02, 8.437165147454032e-02, 1.031745974144147e-01, 1.189520830626727e-01, 1.327870339155198e-01, 1.452358610230065e-01, 1.566296461424122e-01, 2.522382162722236e-01, 3.548744865914537e-01, 4.571895897388458e-01, 5.591839613494691e-01, 4.785521942981462e-01, 3.754174390241717e-01, 2.726029801667008e-01, 2.26436048746109e-01, 2.334946872422635e-01, 2.403020766420225e-01, 2.468790506078749e-01, 2.532436953791038e-01, 2.594117224216461e-01, 2.653969426216204e-01, 2.712115450861398e-01, 2.768664251022817e-01, 2.823711725717497e-01, 2.877345681190491e-01, 2.929643900984848e-01, 2.980678506475198e-01, 3.030513691909436e-01, 3.07920821717246e-01, 3.12681645154953e-01, 3.173388164573448e-01, 3.218968953670144e-01, 3.263601512398922e-01, 3.307324423217395e-01, 3.350174427032471e-01, 3.392185200222899e-01, 3.433388333150371e-01, 3.473813669489476e-01, 3.513487942068905e-01, 3.552437424659729e-01, 3.590686853007642e-01, 3.628258280794832e-01, 3.665174369837425e-01, 3.701454163934532e-01, 3.7173792719841e-01, 3.7173792719841e-01, 3.7173792719841e-01, 3.7173792719841e-01, 3.7173792719841e-01, 3.7173792719841e-01]
din16798_2.V_flow=[3.890428841114044e-01, 3.890428841114044e-01, 3.890428841114044e-01, 3.890428841114044e-01, 3.890428841114044e-01, 3.890428841114044e-01, 3.872361187478629e-01, 3.831550487606715e-01, 3.790514758447932e-01, 3.749246018783129e-01, 3.70773583650589e-01, 3.665975612525539e-01, 3.623956450811613e-01, 3.581668725557882e-01, 3.53910209558528e-01, 3.496246337890625e-01, 3.117172772693739e-01, 2.880515367105885e-01, 3.2888155786063e-01, 3.321692962346813e-01, 3.277207016944885e-01, 3.232353310564104e-01, 3.187115749934464e-01, 3.141477146854433e-01, 3.089971305508662e-01, 2.210468798875809e-01, 1.375620468236233e-01, 5.848774884573238e-02, 1.620303314331968e-02, 8.581777801473428e-02, 1.500594764947891e-01, 2.089582919383262e-01, 2.609096998759587e-01, 2.531799144289316e-01, 2.400734257735573e-01, 1.20451651513577e-01, 1.42518379695961e-02, 0e+00, 0e+00, 0e+00, 0e+00, 0e+00, 3.548839767996748e-02, 8.649420333921795e-02, 1.376871480091811e-01, 1.348411440849304e-01, 1.204218898369821e-01, 1.041292622552417e-01, 8.489130745208673e-02, 5.993529083852378e-02, 0e+00, 5.867603783895588e-02, 8.133427134215582e-02, 9.760317479667346e-02, 1.103875309176604e-01, 1.208361983299256e-01, 1.088224131087629e-01, 6.570923137886092e-02, 2.590997340496594e-02, 0e+00, 0e+00, 0e+00, 0e+00, 0e+00, 8.15640270148992e-03, 6.611932814121246e-02, 1.263485570005942e-01, 1.567634390097717e-01, 1.268366085238793e-01, 9.664787439368559e-02, 6.640940159559273e-02, 3.631696714986965e-02, 6.552571529476591e-03, 2.271421754804924e-02, 5.132383047433954e-02, 7.91269987821579e-02, 1.05982758107757e-01, 1.317578294890516e-01, 1.473071463722116e-01, 1.30995648591428e-01, 1.150668486952782e-01, 9.958729497726848e-02, 8.462030956584728e-02, 7.02261298644786e-02, 7.18615582420271e-02, 8.057169616222382e-02, 8.835962660744823e-02, 9.518037073252801e-02, 1.009907230330125e-01, 1.047019275016162e-01, 9.946825355291367e-02, 9.407600196971372e-02, 8.852952388426427e-02, 8.283291289520277e-02, 7.699022928879765e-02, 7.434758543968201e-02, 7.434758543968201e-02, 7.434758543968201e-02, 7.434758543968201e-02, 7.434758543968201e-02, 7.434758543968201e-02]
din4108_1.V_flow=[0e+00, 0e+00, 0e+00, 0e+00, 0e+00, 0e+00, 0e+00, 0e+00, 0e+00, 0e+00, 0e+00, 0e+00, 4.441936372655901e-02, 9.439117775422064e-02, 1.443629500058377e-01, 1.943347603082657e-01, 2.443065706106938e-01, 2.609638379619406e-01, 2.109920657096009e-01, 1.61020255407463e-01, 1.110484376549721e-01, 6.107661617716244e-02, 1.110480121858222e-02, 7.773381940206217e-02, 1.77677454907044e-01, 2.776210904121399e-01, 3.775647110161883e-01, 4.775083614221039e-01, 5.330325616231381e-01, 4.330889410201318e-01, 3.331452906131744e-01, 2.332016700092401e-01, 1.332580345041442e-01, 3.331461452953544e-02, 1.332580345042015e-01, 3.331452906131737e-01, 5.33032138030413e-01, 7.329198624418879e-01, 9.328066800309515e-01, 1.0882743784557e+00, 8.883875012397766e-01, 6.885006240220345e-01, 4.886129294110632e-01, 2.887261118210919e-01, 8.883840976158443e-02, 0e+00, 0e+00, 0e+00, 0e+00, 0e+00, 0e+00, 7.384444375385729e-02, 1.045122963321277e-01, 1.280995126689446e-01, 1.480308191634221e-01, 1.65631413459778e-01, 2.021479147902747e-01, 3.491263970880129e-01, 5.318282435385443e-01, 7.236859513176687e-01, 9.189817905426025e-01, 1.115912460349557e+00, 9.678275169820189e-01, 7.806362879588231e-01, 6.016829080249899e-01, 4.411124885082245e-01, 3.272087067001866e-01, 3.100788469705168e-01, 3.443052673290732e-01, 4.011721830616133e-01, 4.725755155086511e-01, 5.529121534941506e-01, 6.388207079253254e-01, 5.981836170840268e-01, 5.274700005024648e-01, 4.675698578357697e-01, 4.231013364505576e-01, 3.992545142001338e-01, 3.992744393435273e-01, 4.110734118160622e-01, 4.284344911575317e-01, 4.507155302869937e-01, 4.772279793000417e-01, 5.07309246401544e-01, 5.049723676711931e-01, 4.890276491641998e-01, 4.778211564944217e-01, 4.71690816174639e-01, 4.708350963078878e-01, 4.752501657178644e-01, 4.816979467868805e-01, 4.880812656453808e-01, 4.944027448904598e-01, 5.006648513351301e-01, 5.068697438030516e-01, 5.096096992492676e-01, 5.096096992492676e-01, 5.096096992492676e-01, 5.096096992492676e-01, 5.096096992492676e-01, 5.096096992492676e-01]
ashrae.V_flow=[1.1416255235672e+00, 1.1416255235672e+00, 1.1416255235672e+00, 1.1416255235672e+00, 1.1416255235672e+00, 1.1416255235672e+00, 1.135053040164388e+00, 1.120256307877847e+00, 1.105446097094512e+00, 1.090621000854274e+00, 1.075779318809509e+00, 1.060919278517782e+00, 1.081487295693032e+00, 1.38292919087104e+00, 1.882913887925269e+00, 2.030558347702026e+00, 2.041998769430751e+00, 2.572041414813979e+00, 1.911668297033511e+00, 1.96120428203104e+00, 1.489904403686523e+00, 1.016120552504629e+00, 9.021550486680321e-01, 1.024570704618756e+00, 1.887735054458842e+00, 3.169837236404419e+00, 3.661749975354348e+00, 3.321942783487043e+00, 5.256737727886058e+00, 3.286993019048908e+00, 3.581712961196899e+00, 2.596494338244583e+00, 1.260916497079374e+00, 7.450650671641093e-01, 1.174935419438975e+00, 3.093155860900868e+00, 5.883930888072649e+00, 7.178843860905622e+00, 5.79332309513205e+00, 1.129982331648154e+01, 6.130279541015625e+00, 7.105368108053852e+00, 5.306208225616094e+00, 2.427565773657927e+00, 8.43101701115847e-01, 3.375516533851624e-01, 2.995912508972542e-01, 2.574423169242971e-01, 2.085599756317246e-01, 1.463146571782728e-01, 0e+00, 1.462024070133804e-01, 2.082400772963019e-01, 2.568502046363965e-01, 2.986728917344664e-01, 3.362587392330172e-01, 8.423464492540953e-01, 2.427203616081329e+00, 5.305988880472366e+00, 7.105157822808875e+00, 6.129973888397217e+00, 1.129962018364843e+01, 5.792844350355999e+00, 7.178384189943323e+00, 5.883271421628057e+00, 3.091695785522461e+00, 1.17049577980824e+00, 7.370232701328324e-01, 1.255534790083741e+00, 2.593550802623122e+00, 3.579315185546871e+00, 3.284076352646195e+00, 5.254692258796994e+00, 3.319930507804249e+00, 3.661482122361313e+00, 3.171371459960938e+00, 1.893503865058508e+00, 1.041156779653895e+00, 9.278960364491323e-01, 1.045392315486676e+00, 1.514525532722473e+00, 1.983511667317796e+00, 1.938274350426785e+00, 2.594741185307326e+00, 2.074183504895035e+00, 2.066713094711304e+00, 1.926022351188267e+00, 1.446777607909348e+00, 1.169262518932225e+00, 1.157766854930368e+00, 1.178946256637573e+00, 1.200097405837737e+00, 1.221223998004283e+00, 1.242329668998718e+00, 1.263416922066973e+00, 1.272783994674683e+00, 1.272783994674683e+00, 1.272783994674683e+00, 1.272783994674683e+00, 1.272783994674683e+00, 1.272783994674683e+00]
