last-generated=2020-09-28
statistics-initialization=
{
  "linear": "8"
}
statistics-simulation=
{
  "linear": "0, 0, 5, 0",
  "nonlinear": " ",
  "number of continuous time states": "6",
  "numerical Jacobians": "0"
}
time=[0e+00, 3.1536e+07]
thermalZoneFourElements.TAir=[2.951499938964844e+02, 2.939884155273438e+02, 2.898487854003906e+02, 2.906086364746094e+02, 2.931618041992188e+02, 2.90721923828125e+02, 2.917752136230469e+02, 2.931862915039063e+02, 2.911165283203125e+02, 2.925077697753906e+02, 2.955382995605469e+02, 2.925774108886719e+02, 2.935285583496094e+02, 2.984029296875e+02, 2.949260437011719e+02, 2.966026306152344e+02, 2.992994384765625e+02, 2.974232055664062e+02, 3.018938293457031e+02, 3.003283813476563e+02, 3.012600402832031e+02, 3.035042297363281e+02, 3.005447814941406e+02, 2.982675415039063e+02, 3.03734765625e+02, 3.034768371582031e+02, 3.035957702636719e+02, 3.046832763671875e+02, 3.024147033691406e+02, 3.03673681640625e+02, 3.095008239746094e+02, 3.038919738769531e+02, 3.062302795410156e+02, 3.127343383789063e+02, 3.083276489257813e+02, 3.092288208007812e+02, 3.136523315429687e+02, 3.061631591796875e+02, 3.085548034667969e+02, 3.118811828613281e+02, 3.0780712890625e+02, 3.104686645507812e+02, 3.133955139160156e+02, 3.117347290039062e+02, 3.154071044921875e+02, 3.108514709472656e+02, 3.066273986816406e+02, 3.093135620117188e+02, 3.067575378417969e+02, 3.073565856933594e+02, 3.142930297851562e+02, 3.087858093261719e+02, 3.094621032714844e+02, 3.142505798339844e+02, 3.084758361816406e+02, 3.079246520996094e+02, 3.138960632324219e+02, 3.090787109375e+02, 3.109775390625e+02, 3.151091613769531e+02, 3.106326904296875e+02, 3.147791748046875e+02, 3.082790100097656e+02, 3.067367431640625e+02, 3.105755065917969e+02, 3.050248107910156e+02, 3.058603149414063e+02, 3.10176953125e+02, 3.058888732910156e+02, 3.070408935546875e+02, 3.089220581054688e+02, 3.062361877441406e+02, 3.056032165527344e+02, 3.089703918457031e+02, 3.020525390625e+02, 3.023923645019531e+02, 3.077932189941406e+02, 3.020627685546875e+02, 3.047037963867188e+02, 3.061341613769531e+02, 3.019302673339844e+02, 3.031994201660156e+02, 2.999690185546875e+02, 2.988748474121094e+02, 3.014991394042969e+02, 2.957091979980469e+02, 2.94957177734375e+02, 2.986481506347656e+02, 2.94895849609375e+02, 2.967747985839844e+02, 2.980680847167969e+02, 2.946508850097656e+02, 2.942492553710937e+02, 2.953579528808594e+02, 2.919269714355469e+02, 2.922920837402344e+02, 2.9313525390625e+02, 2.911120056152344e+02, 2.937579467773438e+02, 2.922370971679687e+02, 2.913631286621094e+02]
