last-generated=2025-03-13
statistics-initialization=
{
  "nonlinear": "1",
  "numerical Jacobians": "0"
}
statistics-simulation=
{
  "linear": "0",
  "nonlinear": "2",
  "number of continuous time states": "13",
  "numerical Jacobians": "0"
}
time=[0e+00, 2e+04]
boilerControlBus.TSupMea=[3.031499938964844e+02, 3.242388000488281e+02, 3.286360778808594e+02, 3.324813537597656e+02, 3.328716735839844e+02, 3.330213012695312e+02, 3.330105285644531e+02, 3.329980163574219e+02, 3.329951782226562e+02, 3.329949645996094e+02, 3.329950866699219e+02, 3.329952697753906e+02, 3.329954528808594e+02, 3.329956665039062e+02, 3.329958801269531e+02, 3.329961242675781e+02, 3.329963684082031e+02, 3.329966430664062e+02, 3.329969177246094e+02, 3.329971923828125e+02, 3.329974975585938e+02, 3.329977722167969e+02, 3.329980773925781e+02, 3.329984130859375e+02, 3.329987182617188e+02, 3.329990539550781e+02, 3.329993896484375e+02, 3.329996948242188e+02, 3.330000305175781e+02, 3.330003662109375e+02, 3.330007019042969e+02, 3.330010070800781e+02, 3.330013427734375e+02, 3.330016479492188e+02, 3.330019836425781e+02, 3.330022888183594e+02, 3.330025939941406e+02, 3.330028686523438e+02, 3.330031433105469e+02, 3.3300341796875e+02, 3.330036926269531e+02, 3.330039367675781e+02, 3.33004150390625e+02, 3.3300439453125e+02, 3.330045776367188e+02, 3.330047912597656e+02, 3.330049438476562e+02, 3.33005126953125e+02, 3.330052490234375e+02, 3.3300537109375e+02, 3.330054931640625e+02, 3.330055236816406e+02, 3.33005615234375e+02, 3.33005615234375e+02, 3.330056762695312e+02, 3.330056762695312e+02, 3.330056762695312e+02, 3.330056457519531e+02, 3.330055847167969e+02, 3.330055236816406e+02, 3.330054321289062e+02, 3.330053405761719e+02, 3.330052185058594e+02, 3.330050659179688e+02, 3.330049133300781e+02, 3.330047302246094e+02, 3.330045471191406e+02, 3.330043334960938e+02, 3.330041198730469e+02, 3.330038757324219e+02, 3.330036315917969e+02, 3.330033874511719e+02, 3.330031127929688e+02, 3.330028381347656e+02, 3.330025329589844e+02, 3.330022277832031e+02, 3.330019226074219e+02, 3.330016174316406e+02, 3.330012817382812e+02, 3.330009460449219e+02, 3.330006408691406e+02, 3.330003051757812e+02, 3.329999694824219e+02, 3.329996337890625e+02, 3.329992980957031e+02, 3.329989624023438e+02, 3.329986572265625e+02, 3.329983215332031e+02, 3.329980163574219e+02, 3.329977111816406e+02, 3.329974060058594e+02, 3.329971008300781e+02, 3.32996826171875e+02, 3.329965515136719e+02, 3.329963073730469e+02, 3.329960632324219e+02, 3.329958190917969e+02, 3.3299560546875e+02, 3.329954223632812e+02, 3.329952087402344e+02, 3.329950561523438e+02]
boilerControlBus.TRetMea=[3.031499938964844e+02, 3.080511474609375e+02, 3.085e+02, 3.170902404785156e+02, 3.217688903808594e+02, 3.227882080078125e+02, 3.229619445800781e+02, 3.229310913085938e+02, 3.22848876953125e+02, 3.227552795410156e+02, 3.226611022949219e+02, 3.225692749023438e+02, 3.224808044433594e+02, 3.223961181640625e+02, 3.223155517578125e+02, 3.222393798828125e+02, 3.221678771972656e+02, 3.221012878417969e+02, 3.220398559570312e+02, 3.219837341308594e+02, 3.219331665039062e+02, 3.218882751464844e+02, 3.218492736816406e+02, 3.218162231445312e+02, 3.217892761230469e+02, 3.217685241699219e+02, 3.217540588378906e+02, 3.217458801269531e+02, 3.217440185546875e+02, 3.2174853515625e+02, 3.217593383789062e+02, 3.217764587402344e+02, 3.217998046875e+02, 3.218293151855469e+02, 3.218648681640625e+02, 3.219063720703125e+02, 3.219536437988281e+02, 3.22006591796875e+02, 3.2206494140625e+02, 3.221285705566406e+02, 3.22197265625e+02, 3.22270751953125e+02, 3.223487854003906e+02, 3.224311218261719e+02, 3.225174865722656e+02, 3.226075744628906e+02, 3.227010803222656e+02, 3.227976684570312e+02, 3.228970642089844e+02, 3.229989013671875e+02, 3.231028137207031e+02, 3.232084655761719e+02, 3.233154907226562e+02, 3.23423583984375e+02, 3.235323181152344e+02, 3.23641357421875e+02, 3.237502746582031e+02, 3.238587646484375e+02, 3.239664611816406e+02, 3.24072998046875e+02, 3.241780090332031e+02, 3.242810974121094e+02, 3.243819580078125e+02, 3.24480224609375e+02, 3.245755615234375e+02, 3.246676635742188e+02, 3.247562255859375e+02, 3.248409423828125e+02, 3.249215087890625e+02, 3.249976806640625e+02, 3.250691833496094e+02, 3.251357727050781e+02, 3.251972351074219e+02, 3.252533264160156e+02, 3.253039245605469e+02, 3.253487854003906e+02, 3.253878173828125e+02, 3.254208374023438e+02, 3.254477844238281e+02, 3.254685363769531e+02, 3.254830017089844e+02, 3.254911804199219e+02, 3.254930114746094e+02, 3.25488525390625e+02, 3.254776916503906e+02, 3.254605712890625e+02, 3.254372253417969e+02, 3.2540771484375e+02, 3.253721618652344e+02, 3.253306579589844e+02, 3.252833862304688e+02, 3.252304382324219e+02, 3.251720886230469e+02, 3.251084594726562e+02, 3.250397644042969e+02, 3.2496630859375e+02, 3.248882446289062e+02, 3.24805908203125e+02, 3.247195739746094e+02, 3.246294860839844e+02, 3.245359802246094e+02]
boilerControlBus.Efficiency=[9.740291833877563e-01, 9.539291262626648e-01, 9.497520923614502e-01, 9.286664128303528e-01, 9.178826212882996e-01, 9.157074093818665e-01, 9.153947830200195e-01, 9.154700636863708e-01, 9.156287908554077e-01, 9.158060550689697e-01, 9.159847497940063e-01, 9.161596298217773e-01, 9.163288474082947e-01, 9.164913892745972e-01, 9.166465997695923e-01, 9.167938232421875e-01, 9.169324040412903e-01, 9.170618653297424e-01, 9.17181670665741e-01, 9.172913432121277e-01, 9.173903465270996e-01, 9.174783229827881e-01, 9.175549149513245e-01, 9.176198244094849e-01, 9.176726937294006e-01, 9.177133440971375e-01, 9.177416563034058e-01, 9.177579879760742e-01, 9.177614450454712e-01, 9.177515506744385e-01, 9.17729377746582e-01, 9.176950454711914e-01, 9.176483154296875e-01, 9.17589545249939e-01, 9.175189137458801e-01, 9.174366593360901e-01, 9.173431992530823e-01, 9.172388911247253e-01, 9.171241521835327e-01, 9.169994592666626e-01, 9.168654084205627e-01, 9.167224168777466e-01, 9.165710806846619e-01, 9.164120554924011e-01, 9.162459969520569e-01, 9.160734415054321e-01, 9.158951640129089e-01, 9.157118201255798e-01, 9.155240654945374e-01, 9.153326153755188e-01, 9.151381850242615e-01, 9.149047136306763e-01, 9.146360158920288e-01, 9.143617749214172e-01, 9.140830039978027e-01, 9.138005971908569e-01, 9.13515567779541e-01, 9.132286906242371e-01, 9.129410982131958e-01, 9.12641167640686e-01, 9.12335991859436e-01, 9.120342135429382e-01, 9.117370247840881e-01, 9.114454388618469e-01, 9.111606478691101e-01, 9.108838438987732e-01, 9.106160998344421e-01, 9.103585481643677e-01, 9.101122617721558e-01, 9.098781943321228e-01, 9.096574783325195e-01, 9.094510078430176e-01, 9.092597365379333e-01, 9.090843796730042e-01, 9.089258313179016e-01, 9.08784806728363e-01, 9.086618423461914e-01, 9.085575342178345e-01, 9.084724187850952e-01, 9.084068536758423e-01, 9.083610773086548e-01, 9.083353877067566e-01, 9.083298444747925e-01, 9.083445072174072e-01, 9.083792567253113e-01, 9.084340333938599e-01, 9.085084795951843e-01, 9.086022973060608e-01, 9.087150692939758e-01, 9.088463187217712e-01, 9.089953899383545e-01, 9.091616272926331e-01, 9.093443751335144e-01, 9.095426797866821e-01, 9.097558259963989e-01, 9.099827408790588e-01, 9.102225303649902e-01, 9.104742407798767e-01, 9.107366800308228e-01, 9.110087752342224e-01, 9.112895131111145e-01]
boilerControlBus.ThermalPower=[5.305112109375e+04, 5.195635546875e+04, 5.17288515625e+04, 5.058040625e+04, 2.9499849609375e+04, 2.7097919921875e+04, 2.6993369140625e+04, 2.7119453125e+04, 2.733212890625e+04, 2.757919140625e+04, 2.7830482421875e+04, 2.807561328125e+04, 2.8312013671875e+04, 2.8538203125e+04, 2.8753494140625e+04, 2.89570703125e+04, 2.9148265625e+04, 2.9326380859375e+04, 2.949086328125e+04, 2.9641138671875e+04, 2.9776685546875e+04, 2.98970546875e+04, 3.0001841796875e+04, 3.009069140625e+04, 3.0163298828125e+04, 3.0219427734375e+04, 3.0258884765625e+04, 3.028154296875e+04, 3.028729296875e+04, 3.0276126953125e+04, 3.0248134765625e+04, 3.020336328125e+04, 3.0141955078125e+04, 3.00641328125e+04, 2.99701640625e+04, 2.9860376953125e+04, 2.973512890625e+04, 2.9594833984375e+04, 2.9439978515625e+04, 2.92710859375e+04, 2.908873828125e+04, 2.88935390625e+04, 2.868614453125e+04, 2.8467263671875e+04, 2.823763671875e+04, 2.7998048828125e+04, 2.774930078125e+04, 2.7492232421875e+04, 2.722771484375e+04, 2.6956646484375e+04, 2.667994921875e+04, 2.639822265625e+04, 2.611364453125e+04, 2.5825384765625e+04, 2.5535748046875e+04, 2.5245208984375e+04, 2.495493359375e+04, 2.466571875e+04, 2.437858203125e+04, 2.409439453125e+04, 2.3814365234375e+04, 2.353930078125e+04, 2.3270232421875e+04, 2.30079765625e+04, 2.27534765625e+04, 2.2507541015625e+04, 2.227104296875e+04, 2.204475e+04, 2.1829439453125e+04, 2.162583984375e+04, 2.143465625e+04, 2.125652734375e+04, 2.1092048828125e+04, 2.0941779296875e+04, 2.0806228515625e+04, 2.068585546875e+04, 2.05810625e+04, 2.0492205078125e+04, 2.0419599609375e+04, 2.0363484375e+04, 2.03240390625e+04, 2.0301396484375e+04, 2.0295634765625e+04, 2.030677734375e+04, 2.03347890625e+04, 2.0379572265625e+04, 2.0440974609375e+04, 2.0518791015625e+04, 2.0612755859375e+04, 2.0722552734375e+04, 2.084780859375e+04, 2.0988099609375e+04, 2.1142953125e+04, 2.131184375e+04, 2.1494203125e+04, 2.1689408203125e+04, 2.18968046875e+04, 2.211568359375e+04, 2.234530859375e+04, 2.258490234375e+04, 2.2833654296875e+04]
boilerControlBus.fuelPower=[5.446563671875e+04, 5.446563671875e+04, 5.446563671875e+04, 5.446563671875e+04, 3.2139021484375e+04, 2.95923359375e+04, 2.94882265625e+04, 2.962352734375e+04, 2.9850666015625e+04, 3.0114666015625e+04, 3.038312890625e+04, 3.0644892578125e+04, 3.0897220703125e+04, 3.11385390625e+04, 3.1368134765625e+04, 3.1585150390625e+04, 3.1788892578125e+04, 3.197862890625e+04, 3.215378515625e+04, 3.2313767578125e+04, 3.245803125e+04, 3.2586115234375e+04, 3.269759765625e+04, 3.2792109375e+04, 3.286934375e+04, 3.292905078125e+04, 3.297102734375e+04, 3.299512890625e+04, 3.300126953125e+04, 3.29894609375e+04, 3.295975390625e+04, 3.291219921875e+04, 3.284695703125e+04, 3.276425e+04, 3.266435546875e+04, 3.25476171875e+04, 3.24143984375e+04, 3.22651328125e+04, 3.21003203125e+04, 3.192050390625e+04, 3.1726291015625e+04, 3.151830859375e+04, 3.1297240234375e+04, 3.106382421875e+04, 3.0818837890625e+04, 3.056310546875e+04, 3.029746484375e+04, 3.0022798828125e+04, 2.9740033203125e+04, 2.9450109375e+04, 2.915401171875e+04, 2.8853521484375e+04, 2.8550859375e+04, 2.82441640625e+04, 2.793591796875e+04, 2.762660546875e+04, 2.731746875e+04, 2.7009357421875e+04, 2.6703345703125e+04, 2.6400732421875e+04, 2.6102625e+04, 2.580966796875e+04, 2.552296484375e+04, 2.524339453125e+04, 2.497196875e+04, 2.4709560546875e+04, 2.445711328125e+04, 2.421545703125e+04, 2.3985435546875e+04, 2.376783984375e+04, 2.3563435546875e+04, 2.3372921875e+04, 2.31969453125e+04, 2.303612109375e+04, 2.28910078125e+04, 2.276210546875e+04, 2.2649859375e+04, 2.2554658203125e+04, 2.24768515625e+04, 2.2416701171875e+04, 2.2374404296875e+04, 2.2350111328125e+04, 2.2343904296875e+04, 2.2355810546875e+04, 2.2385791015625e+04, 2.2433740234375e+04, 2.249948828125e+04, 2.2582806640625e+04, 2.2683408203125e+04, 2.2800943359375e+04, 2.2935e+04, 2.308511328125e+04, 2.3250767578125e+04, 2.3431384765625e+04, 2.362634375e+04, 2.3834966796875e+04, 2.40565390625e+04, 2.4290291015625e+04, 2.4535423828125e+04, 2.4791091796875e+04, 2.5056421875e+04]
