last-generated=2019-07-16
statistics-initialization=
{
  "linear": "0",
  "nonlinear": "5, 1, 1",
  "numerical Jacobians": "0"
}
statistics-simulation=
{
  "linear": "0, 0, 0, 0, 0, 0, 0",
  "nonlinear": "1, 1, 1",
  "number of continuous time states": "30",
  "numerical Jacobians": "0"
}
heatPumpSystem.heatPump.sigBusHP.T_flow_co=[3.131499938964844e+02, 3.093937072753906e+02, 3.09873291015625e+02, 3.11068359375e+02, 3.021070251464844e+02, 2.951248474121094e+02, 3.026580505371094e+02, 3.097163696289062e+02, 3.084972839355469e+02, 3.047820129394531e+02, 3.075127563476562e+02, 3.0509912109375e+02, 3.095090026855469e+02, 3.097528991699219e+02, 3.085071105957031e+02, 3.038586730957031e+02, 3.056494445800781e+02, 3.08633056640625e+02, 3.080718994140625e+02, 3.040026245117188e+02, 3.028019104003906e+02, 3.074383239746094e+02, 3.061125793457031e+02, 3.049238586425781e+02, 3.003689575195312e+02, 3.092049560546875e+02, 3.149530029296875e+02, 3.166817321777344e+02, 3.136143188476563e+02, 3.17815673828125e+02, 3.190104675292969e+02, 3.110938720703125e+02, 3.186600952148438e+02, 3.190677185058594e+02, 3.185989074707032e+02, 3.130377807617188e+02, 3.190980529785156e+02, 3.181257934570312e+02, 3.176845092773438e+02, 3.123489074707031e+02, 3.171669311523438e+02, 3.147974243164062e+02, 3.138816833496094e+02, 3.122993774414062e+02, 3.144218139648438e+02, 3.111250305175781e+02, 3.119324035644531e+02, 3.12718505859375e+02, 3.118701477050781e+02, 3.104708557128906e+02, 3.118901672363281e+02, 3.131875e+02, 3.091041564941406e+02, 3.10076904296875e+02, 3.120150451660156e+02, 3.137853393554687e+02, 3.087691040039062e+02, 3.108009033203126e+02, 3.130722045898438e+02, 3.109144592285156e+02, 3.101742248535156e+02, 3.12248046875e+02, 3.1322265625e+02, 3.094947204589844e+02, 3.114880676269531e+02, 3.138044738769531e+02, 3.090279846191406e+02, 3.10759521484375e+02, 3.129156494140624e+02, 3.113115844726561e+02, 3.100582885742188e+02, 3.121180725097656e+02, 3.137431640625e+02, 3.093471984863281e+02, 3.112060852050781e+02, 3.132161254882812e+02, 3.089167785644531e+02, 3.075932312011719e+02, 3.113322143554688e+02, 3.117494506835938e+02, 3.06371337890625e+02, 3.094793090820312e+02, 3.1154638671875e+02, 3.089123229980469e+02, 3.067570495605469e+02, 3.1012060546875e+02, 3.116394958496094e+02, 3.069044494628906e+02, 3.084879760742188e+02, 3.116156616210938e+02, 3.096958312988281e+02, 3.064927368164062e+02, 3.091462097167969e+02, 3.025501708984375e+02, 3.037974243164062e+02, 3.013125e+02, 2.99465576171875e+02, 3.005440673828125e+02, 2.990644226074219e+02, 2.987937316894531e+02, 2.999707336425781e+02]
heatPumpSystem.hPSystemController.hPControls.heatCurve.TSet=[3.113250122070312e+02, 3.113712768554688e+02, 3.113970642089844e+02, 3.113902587890625e+02, 3.113387756347656e+02, 3.112481079101562e+02, 3.111468811035156e+02, 3.110384521484375e+02, 3.109256286621094e+02, 3.108070068359375e+02, 3.106759643554688e+02, 3.105425415039062e+02, 3.1041796875e+02, 3.103248596191406e+02, 3.103177795410156e+02, 3.103548583984375e+02, 3.103800354003906e+02, 3.1033837890625e+02, 3.102214660644531e+02, 3.100787048339844e+02, 3.099628601074219e+02, 3.099249877929688e+02, 3.099249877929688e+02, 3.099249877929688e+02, 3.099249877929688e+02, 3.099249877929688e+02, 3.199249877929688e+02, 3.199249877929688e+02, 3.199249877929688e+02, 3.199249877929688e+02, 3.198921508789062e+02, 3.197831726074219e+02, 3.196274108886719e+02, 3.194555358886719e+02, 3.192882995605469e+02, 3.191019592285156e+02, 3.188784484863281e+02, 3.18601318359375e+02, 3.182456665039062e+02, 3.177791748046875e+02, 3.172656860351562e+02, 3.167814636230469e+02, 3.163934936523438e+02, 3.160364990234375e+02, 3.156795043945312e+02, 3.15322509765625e+02, 3.149655151367188e+02, 3.146084899902344e+02, 3.142514953613281e+02, 3.138945007324219e+02, 3.135375061035156e+02, 3.132337341308594e+02, 3.130073547363281e+02, 3.128148498535156e+02, 3.126127014160156e+02, 3.123517150878906e+02, 3.120471496582031e+02, 3.11778076171875e+02, 3.116243286132812e+02, 3.116124877929688e+02, 3.116124877929688e+02, 3.116124877929688e+02, 3.116124877929688e+02, 3.116124877929688e+02, 3.116124877929688e+02, 3.116124877929688e+02, 3.116124877929688e+02, 3.116124877929688e+02, 3.116124877929688e+02, 3.116124877929688e+02, 3.116124877929688e+02, 3.116141967773438e+02, 3.116846313476562e+02, 3.1182568359375e+02, 3.119918212890625e+02, 3.121375122070312e+02, 3.122547302246094e+02, 3.123650817871094e+02, 3.124673767089844e+02, 3.125604553222656e+02, 3.125245361328125e+02, 3.122417907714844e+02, 3.118868103027344e+02, 3.116397399902344e+02, 3.116377563476562e+02, 3.11789794921875e+02, 3.119863891601562e+02, 3.121236267089844e+02, 3.121060180664062e+02, 3.119544982910156e+02, 3.117633972167969e+02, 3.116268310546875e+02, 3.016318969726562e+02, 3.017416076660156e+02, 3.018941345214844e+02, 3.020450134277344e+02, 3.021495666503906e+02, 3.021701049804688e+02, 3.021397705078125e+02, 3.02111328125e+02, 3.021375122070312e+02]
heatPumpSystem.heatPump.sigBusHP.T_ret_co=[3.131499938964844e+02, 3.0931982421875e+02, 3.126792907714844e+02, 3.109908752441406e+02, 3.020747680664062e+02, 2.951325378417969e+02, 3.054858703613281e+02, 3.096412658691406e+02, 3.112993774414062e+02, 3.047341003417969e+02, 3.103213195800781e+02, 3.050491943359375e+02, 3.123157043457031e+02, 3.096784973144531e+02, 3.113142700195312e+02, 3.03815673828125e+02, 3.08459716796875e+02, 3.114379272460938e+02, 3.108787231445312e+02, 3.039586181640625e+02, 3.056275939941406e+02, 3.073906860351562e+02, 3.0892529296875e+02, 3.048744812011719e+02, 3.032070922851562e+02, 3.091333618164062e+02, 3.177546997070312e+02, 3.194749145507812e+02, 3.160788879394532e+02, 3.17693359375e+02, 3.217922668457031e+02, 3.110090637207031e+02, 3.214437255859375e+02, 3.189431762695312e+02, 3.213721618652344e+02, 3.129312438964844e+02, 3.189620056152344e+02, 3.209009704589844e+02, 3.204615173339844e+02, 3.122453918457031e+02, 3.196509094238281e+02, 3.175847473144531e+02, 3.166647033691406e+02, 3.121949157714844e+02, 3.172095336914062e+02, 3.138999633789062e+02, 3.118450927734375e+02, 3.126106872558594e+02, 3.146580505371094e+02, 3.103753662109375e+02, 3.117864074707031e+02, 3.130761413574219e+02, 3.118930053710938e+02, 3.0998291015625e+02, 3.119102478027344e+02, 3.136706237792968e+02, 3.086820678710937e+02, 3.107020874023438e+02, 3.1296142578125e+02, 3.136996459960938e+02, 3.100787658691406e+02, 3.121410522460938e+02, 3.158292541503906e+02, 3.094031982421875e+02, 3.113851928710938e+02, 3.136943054199219e+02, 3.118255310058594e+02, 3.106607360839844e+02, 3.128053894042968e+02, 3.140976562499999e+02, 3.099635009765626e+02, 3.120117797851562e+02, 3.141511840820312e+02, 3.096276550292969e+02, 3.111050415039062e+02, 3.131045227050781e+02, 3.117160034179688e+02, 3.075231323242188e+02, 3.112416687011719e+02, 3.145479125976562e+02, 3.090140380859375e+02, 3.093984985351562e+02, 3.114558410644531e+02, 3.117120056152344e+02, 3.066911926269531e+02, 3.100362243652344e+02, 3.144376220703125e+02, 3.097019958496094e+02, 3.084126281738281e+02, 3.11525146484375e+02, 3.124949035644531e+02, 3.064283752441406e+02, 3.090669250488281e+02, 3.025084838867188e+02, 3.037845764160156e+02, 3.041397399902344e+02, 3.015676574707031e+02, 3.005142517089844e+02, 3.019050903320312e+02, 3.014875793457031e+02, 2.999441528320312e+02]
time=[0e+00, 8.64e+04]
heatPumpSystem.heatPump.innerCycle.Pel=[4.396e+03, 0e+00, 4.33518408203125e+03, 0e+00, 0e+00, 0e+00, 3.75e+03, 0e+00, 4.15690087890625e+03, 0e+00, 4.0305341796875e+03, 0e+00, 4.28820849609375e+03, 0e+00, 4.158825195312503e+03, 0e+00, 3.7900166015625e+03, 4.174798339843753e+03, 4.1025517578125e+03, 0e+00, 3.75e+03, 3.75e+03, 3.85016748046875e+03, 0e+00, 3.75e+03, 0e+00, 4.99092578125e+03, 5.14680126953125e+03, 4.774412109375005e+03, 0e+00, 5.33010302734375e+03, 0e+00, 5.3025341796875e+03, 0e+00, 5.296873535156254e+03, 0e+00, 0e+00, 5.2596005859375e+03, 5.22483984375e+03, 0e+00, 0e+00, 4.968970703125e+03, 4.85010107421875e+03, 0e+00, 4.9204931640625e+03, 4.492896484375e+03, 4.22740771484375e+03, 0e+00, 4.59084033203125e+03, 0e+00, 0e+00, 0e+00, 4.2335947265625e+03, 0e+00, 0e+00, 0e+00, 0e+00, 0e+00, 0e+00, 4.46701318359375e+03, 0e+00, 0e+00, 0e+00, 0e+00, 0e+00, 0e+00, 4.22487744140625e+03, 0e+00, 0e+00, 4.518436523437482e+03, 0e+00, 0e+00, 0e+00, 3.94091259765625e+03, 0e+00, 0e+00, 4.2107275390625e+03, 0e+00, 0e+00, 4.576609375e+03, 3.861632568359375e+03, 0e+00, 0e+00, 4.21021240234375e+03, 0e+00, 0e+00, 4.56235986328125e+03, 3.95051953125e+03, 0e+00, 0e+00, 4.31136181640625e+03, 0e+00, 0e+00, 0e+00, 0e+00, 3.75e+03, 3.75e+03, 0e+00, 3.75e+03, 3.75e+03, 0e+00]
heatPumpSystem.heatPump.innerCycle.QCon=[1.99165e+04, 0e+00, 1.9900826171875e+04, 0e+00, 0e+00, 0e+00, 1.975e+04, 0e+00, 1.9854875e+04, 0e+00, 1.98223046875e+04, 0e+00, 1.988871875e+04, 0e+00, 1.985537109375e+04, 0e+00, 1.9760314453125e+04, 1.985948828125e+04, 1.98408671875e+04, 0e+00, 1.975e+04, 1.975e+04, 1.977581640625e+04, 0e+00, 1.975e+04, 0e+00, 2.00698359375e+04, 2.0083e+04, 2.001403125e+04, 0e+00, 2.0083e+04, 0e+00, 2.0083e+04, 0e+00, 2.0083e+04, 0e+00, 0e+00, 2.0083e+04, 2.0083e+04, 0e+00, 0e+00, 2.0064177734375e+04, 2.00335390625e+04, 0e+00, 2.005168359375e+04, 1.9941474609375e+04, 1.9873046875e+04, 0e+00, 1.996671875e+04, 0e+00, 0e+00, 0e+00, 1.9874642578125e+04, 0e+00, 0e+00, 0e+00, 0e+00, 0e+00, 0e+00, 1.9934802734375e+04, 0e+00, 0e+00, 0e+00, 0e+00, 0e+00, 0e+00, 1.987239453125e+04, 0e+00, 0e+00, 1.9948056640625e+04, 0e+00, 0e+00, 0e+00, 1.9799205078125e+04, 0e+00, 0e+00, 1.9868748046875e+04, 0e+00, 0e+00, 1.996305078125e+04, 1.9778771484375e+04, 0e+00, 0e+00, 1.9868615234375e+04, 0e+00, 0e+00, 1.9959376953125e+04, 1.9801681640625e+04, 0e+00, 0e+00, 1.9894685546875e+04, 0e+00, 0e+00, 0e+00, 0e+00, 1.975e+04, 1.975e+04, 0e+00, 1.975e+04, 1.975e+04, 0e+00]
vol.T=[2.931499938964844e+02, 2.967101440429688e+02, 2.961450500488281e+02, 2.972077941894531e+02, 2.910586242675781e+02, 2.856906127929688e+02, 2.900879516601562e+02, 2.966443481445312e+02, 2.956354370117188e+02, 2.93267822265625e+02, 2.940336608886719e+02, 2.935804748535156e+02, 2.956473083496094e+02, 2.966882629394531e+02, 2.949772338867188e+02, 2.926801452636719e+02, 2.926672058105469e+02, 2.955470275878906e+02, 2.948941345214844e+02, 2.9285546875e+02, 2.906705017089844e+02, 2.954177856445312e+02, 2.943149108886719e+02, 2.936031188964844e+02, 2.892138061523438e+02, 2.963296813964844e+02, 3.0003369140625e+02, 3.024323120117188e+02, 3.004008483886719e+02, 3.033576965332031e+02, 3.032489624023438e+02, 2.984494018554688e+02, 3.030242614746094e+02, 3.038824462890625e+02, 3.065753784179688e+02, 3.037891235351562e+02, 3.074400329589844e+02, 3.064870300292969e+02, 3.063328247070312e+02, 3.036088256835938e+02, 3.059556884765625e+02, 3.047545471191406e+02, 3.045140991210938e+02, 3.040451965332031e+02, 3.0433349609375e+02, 3.033649291992188e+02, 3.040505981445312e+02, 3.047437133789062e+02, 3.030286254882812e+02, 3.032532043457031e+02, 3.043765563964844e+02, 3.05414794921875e+02, 3.021701354980469e+02, 3.032636413574219e+02, 3.046034851074219e+02, 3.057923278808594e+02, 3.02507080078125e+02, 3.040771179199219e+02, 3.052879638671875e+02, 3.033786315917969e+02, 3.036988220214844e+02, 3.051171264648438e+02, 3.046582336425781e+02, 3.031907653808594e+02, 3.04640869140625e+02, 3.054982299804688e+02, 3.02827392578125e+02, 3.041305847167969e+02, 3.054286499023438e+02, 3.035636291503906e+02, 3.036154479980469e+02, 3.050419616699219e+02, 3.04970947265625e+02, 3.030238952636719e+02, 3.043533325195312e+02, 3.0547705078125e+02, 2.978101501464844e+02, 2.976573791503906e+02, 3.001512145996094e+02, 2.994462280273438e+02, 2.966970520019531e+02, 2.99068603515625e+02, 3.001841430664062e+02, 2.976951599121094e+02, 2.972093811035156e+02, 2.995483703613281e+02, 2.994877014160156e+02, 2.968013610839844e+02, 2.983875122070312e+02, 3.001978759765625e+02, 2.981898803710938e+02, 2.970060119628906e+02, 2.98957275390625e+02, 2.939653930664062e+02, 2.934851379394531e+02, 2.920051574707031e+02, 2.915035095214844e+02, 2.922916259765625e+02, 2.901538696289062e+02, 2.910066528320312e+02, 2.918689880371094e+02]
