last-generated=2021-05-06
statistics-simulation=
{
  "linear": "0",
  "nonlinear": " ",
  "number of continuous time states": "6",
  "numerical Jacobians": "0"
}
time=[0e+00, 1.728e+05]
TSet.y=[2.891499938964844e+02, 2.891499938964844e+02, 2.891499938964844e+02, 2.891499938964844e+02, 2.891499938964844e+02, 2.891499938964844e+02, 2.891499938964844e+02, 2.891499938964844e+02, 2.891499938964844e+02, 2.891499938964844e+02, 2.891499938964844e+02, 2.891499938964844e+02, 2.891499938964844e+02, 2.891499938964844e+02, 2.891499938964844e+02, 2.931499938964844e+02, 2.931499938964844e+02, 2.931499938964844e+02, 2.931499938964844e+02, 2.931499938964844e+02, 2.931499938964844e+02, 2.931499938964844e+02, 2.931499938964844e+02, 2.931499938964844e+02, 2.931499938964844e+02, 2.931499938964844e+02, 2.931499938964844e+02, 2.931499938964844e+02, 2.931499938964844e+02, 2.931499938964844e+02, 2.931499938964844e+02, 2.931499938964844e+02, 2.931499938964844e+02, 2.931499938964844e+02, 2.931499938964844e+02, 2.931499938964844e+02, 2.931499938964844e+02, 2.931499938964844e+02, 2.931499938964844e+02, 2.931499938964844e+02, 2.891499938964844e+02, 2.891499938964844e+02, 2.891499938964844e+02, 2.891499938964844e+02, 2.891499938964844e+02, 2.891499938964844e+02, 2.891499938964844e+02, 2.891499938964844e+02, 2.891499938964844e+02, 2.891499938964844e+02, 2.891499938964844e+02, 2.891499938964844e+02, 2.891499938964844e+02, 2.891499938964844e+02, 2.891499938964844e+02, 2.891499938964844e+02, 2.891499938964844e+02, 2.891499938964844e+02, 2.891499938964844e+02, 2.891499938964844e+02, 2.891499938964844e+02, 2.891499938964844e+02, 2.891499938964844e+02, 2.891499938964844e+02, 2.891499938964844e+02, 2.931499938964844e+02, 2.931499938964844e+02, 2.931499938964844e+02, 2.931499938964844e+02, 2.931499938964844e+02, 2.931499938964844e+02, 2.931499938964844e+02, 2.931499938964844e+02, 2.931499938964844e+02, 2.931499938964844e+02, 2.931499938964844e+02, 2.931499938964844e+02, 2.931499938964844e+02, 2.931499938964844e+02, 2.931499938964844e+02, 2.931499938964844e+02, 2.931499938964844e+02, 2.931499938964844e+02, 2.931499938964844e+02, 2.931499938964844e+02, 2.931499938964844e+02, 2.931499938964844e+02, 2.931499938964844e+02, 2.931499938964844e+02, 2.931499938964844e+02, 2.891499938964844e+02, 2.891499938964844e+02, 2.891499938964844e+02, 2.891499938964844e+02, 2.891499938964844e+02, 2.891499938964844e+02, 2.891499938964844e+02, 2.891499938964844e+02, 2.891499938964844e+02, 2.891499938964844e+02, 2.891499938964844e+02]
TOut.y=[2.901499938964844e+02, 2.901894226074219e+02, 2.903070983886719e+02, 2.905011291503906e+02, 2.907684631347656e+02, 2.911049194335938e+02, 2.915051574707031e+02, 2.91962890625e+02, 2.924708557128906e+02, 2.930211181640625e+02, 2.936049194335938e+02, 2.942131042480469e+02, 2.948360595703125e+02, 2.954639587402344e+02, 2.960869140625e+02, 2.966950988769531e+02, 2.972789001464844e+02, 2.978291320800781e+02, 2.983371276855469e+02, 2.987948303222656e+02, 2.991950988769531e+02, 2.995315246582031e+02, 2.997988891601562e+02, 2.99992919921875e+02, 3.001105651855469e+02, 3.001499938964844e+02, 3.001105651855469e+02, 2.99992919921875e+02, 2.997988891601562e+02, 2.995315246582031e+02, 2.991950988769531e+02, 2.987948303222656e+02, 2.983371276855469e+02, 2.978291320800781e+02, 2.972789001464844e+02, 2.966950988769531e+02, 2.960869140625e+02, 2.954639587402344e+02, 2.948360595703125e+02, 2.942131042480469e+02, 2.936049194335938e+02, 2.930211181640625e+02, 2.924708557128906e+02, 2.91962890625e+02, 2.915051574707031e+02, 2.911049194335938e+02, 2.907684631347656e+02, 2.905011291503906e+02, 2.903070983886719e+02, 2.901894226074219e+02, 2.901499938964844e+02, 2.901894226074219e+02, 2.903070983886719e+02, 2.905011291503906e+02, 2.907684631347656e+02, 2.911049194335938e+02, 2.915051574707031e+02, 2.91962890625e+02, 2.924708557128906e+02, 2.930211181640625e+02, 2.936049194335938e+02, 2.942131042480469e+02, 2.948360595703125e+02, 2.954639587402344e+02, 2.960869140625e+02, 2.966950988769531e+02, 2.972789001464844e+02, 2.978291320800781e+02, 2.983371276855469e+02, 2.987948303222656e+02, 2.991950988769531e+02, 2.995315246582031e+02, 2.997988891601562e+02, 2.99992919921875e+02, 3.001105651855469e+02, 3.001499938964844e+02, 3.001105651855469e+02, 2.99992919921875e+02, 2.997988891601562e+02, 2.995315246582031e+02, 2.991950988769531e+02, 2.987948303222656e+02, 2.983371276855469e+02, 2.978291320800781e+02, 2.972789001464844e+02, 2.966950988769531e+02, 2.960869140625e+02, 2.954639587402344e+02, 2.948360595703125e+02, 2.942131042480469e+02, 2.936049194335938e+02, 2.930211181640625e+02, 2.924708557128906e+02, 2.91962890625e+02, 2.915051574707031e+02, 2.911049194335938e+02, 2.907684631347656e+02, 2.905011291503906e+02, 2.903070983886719e+02, 2.901894226074219e+02, 2.901499938964844e+02]
TVol.T=[2.891499938964844e+02, 2.890717468261719e+02, 2.891900329589844e+02, 2.891500854492188e+02, 2.891499938964844e+02, 2.891499938964844e+02, 2.891499938964844e+02, 2.891499938964844e+02, 2.891499938964844e+02, 2.891499938964844e+02, 2.891499938964844e+02, 2.891499938964844e+02, 2.891499938964844e+02, 2.891499938964844e+02, 2.891499938964844e+02, 2.894725952148438e+02, 2.902336120605469e+02, 2.909750061035156e+02, 2.916949768066406e+02, 2.923909912109375e+02, 2.930599365234375e+02, 2.931500244140625e+02, 2.931499938964844e+02, 2.931499938964844e+02, 2.931499938964844e+02, 2.931499938964844e+02, 2.931499938964844e+02, 2.931499938964844e+02, 2.931499938964844e+02, 2.931499938964844e+02, 2.931499938964844e+02, 2.931499938964844e+02, 2.931499938964844e+02, 2.931499938964844e+02, 2.931499938964844e+02, 2.931499938964844e+02, 2.931499938964844e+02, 2.931499938964844e+02, 2.931499938964844e+02, 2.931499938964844e+02, 2.923056030273438e+02, 2.903829956054688e+02, 2.890553283691406e+02, 2.891507568359375e+02, 2.891499938964844e+02, 2.891499938964844e+02, 2.891499938964844e+02, 2.891499938964844e+02, 2.891499938964844e+02, 2.891499938964844e+02, 2.891499938964844e+02, 2.891499938964844e+02, 2.891499938964844e+02, 2.891499938964844e+02, 2.891499938964844e+02, 2.891499938964844e+02, 2.891499938964844e+02, 2.891499938964844e+02, 2.891499938964844e+02, 2.891499938964844e+02, 2.891499938964844e+02, 2.891499938964844e+02, 2.891499938964844e+02, 2.891499938964844e+02, 2.891499938964844e+02, 2.894725952148438e+02, 2.902336120605469e+02, 2.909750061035156e+02, 2.916949768066406e+02, 2.923909912109375e+02, 2.930599365234375e+02, 2.931500244140625e+02, 2.931499938964844e+02, 2.931499938964844e+02, 2.931499938964844e+02, 2.931499938964844e+02, 2.931499938964844e+02, 2.931499938964844e+02, 2.931499938964844e+02, 2.931499938964844e+02, 2.931499938964844e+02, 2.931499938964844e+02, 2.931499938964844e+02, 2.931499938964844e+02, 2.931499938964844e+02, 2.931499938964844e+02, 2.931499938964844e+02, 2.931499938964844e+02, 2.931499938964844e+02, 2.931499938964844e+02, 2.923056030273438e+02, 2.903829956054688e+02, 2.890553283691406e+02, 2.891507568359375e+02, 2.891499938964844e+02, 2.891499938964844e+02, 2.891499938964844e+02, 2.891499938964844e+02, 2.891499938964844e+02, 2.891499938964844e+02, 2.891499938964844e+02]
THeaOut.T=[2.891499938964844e+02, 2.890716552734375e+02, 2.8918994140625e+02, 2.891494750976562e+02, 2.891492919921875e+02, 2.891491394042969e+02, 2.891489562988281e+02, 2.891487426757812e+02, 2.891485290527344e+02, 2.891482849121094e+02, 2.891480407714844e+02, 2.891477661132812e+02, 2.891474914550781e+02, 2.89147216796875e+02, 2.891469421386719e+02, 2.894721374511719e+02, 2.90233154296875e+02, 2.90974609375e+02, 2.91694580078125e+02, 2.923905944824219e+02, 2.930595703125e+02, 2.93147216796875e+02, 2.931470642089844e+02, 2.9314697265625e+02, 2.931469116210938e+02, 2.931469116210938e+02, 2.931469116210938e+02, 2.9314697265625e+02, 2.931470642089844e+02, 2.931471862792969e+02, 2.931473388671875e+02, 2.931474914550781e+02, 2.93147705078125e+02, 2.931479187011719e+02, 2.931481628417969e+02, 2.931484375e+02, 2.931487121582031e+02, 2.931489868164062e+02, 2.931492614746094e+02, 2.931495361328125e+02, 2.922979125976562e+02, 2.903752136230469e+02, 2.890551147460938e+02, 2.891494750976562e+02, 2.891489562988281e+02, 2.891491394042969e+02, 2.891492919921875e+02, 2.891494140625e+02, 2.891494750976562e+02, 2.891495361328125e+02, 2.891495666503906e+02, 2.891495361328125e+02, 2.891494750976562e+02, 2.891494140625e+02, 2.891492919921875e+02, 2.891491394042969e+02, 2.891489562988281e+02, 2.891487426757812e+02, 2.891485290527344e+02, 2.891482849121094e+02, 2.891480407714844e+02, 2.891477661132812e+02, 2.891474914550781e+02, 2.89147216796875e+02, 2.891469421386719e+02, 2.894721374511719e+02, 2.90233154296875e+02, 2.90974609375e+02, 2.91694580078125e+02, 2.923905944824219e+02, 2.930595703125e+02, 2.931471862792969e+02, 2.931470642089844e+02, 2.9314697265625e+02, 2.931469116210938e+02, 2.931469116210938e+02, 2.931469116210938e+02, 2.9314697265625e+02, 2.931470642089844e+02, 2.931471862792969e+02, 2.931473388671875e+02, 2.931474914550781e+02, 2.93147705078125e+02, 2.931479187011719e+02, 2.931481628417969e+02, 2.931484375e+02, 2.931487121582031e+02, 2.931489868164062e+02, 2.931492614746094e+02, 2.931495361328125e+02, 2.922979125976562e+02, 2.903752136230469e+02, 2.890551147460938e+02, 2.891495056152344e+02, 2.891489562988281e+02, 2.891491394042969e+02, 2.891492919921875e+02, 2.891494140625e+02, 2.891494750976562e+02, 2.891495361328125e+02, 2.891495666503906e+02]
coo.TSet=[2.831499938964844e+02, 3.031499938964844e+02, 3.003883972167969e+02, 2.891494750976562e+02, 2.891492919921875e+02, 2.891491394042969e+02, 2.891489562988281e+02, 2.891487426757812e+02, 2.891485290527344e+02, 2.891482849121094e+02, 2.891480407714844e+02, 2.891477661132812e+02, 2.891474914550781e+02, 2.89147216796875e+02, 2.891469421386719e+02, 3.031499938964844e+02, 3.031499938964844e+02, 3.031499938964844e+02, 3.031499938964844e+02, 3.031499938964844e+02, 3.031499938964844e+02, 2.931471862792969e+02, 2.931470642089844e+02, 2.9314697265625e+02, 2.931469116210938e+02, 2.931469116210938e+02, 2.931469116210938e+02, 2.9314697265625e+02, 2.931470642089844e+02, 2.931471862792969e+02, 2.931473388671875e+02, 2.931474914550781e+02, 2.93147705078125e+02, 2.931479187011719e+02, 2.931481628417969e+02, 2.931484375e+02, 2.931487121582031e+02, 2.931489868164062e+02, 2.931492614746094e+02, 2.931495361328125e+02, 2.831499938964844e+02, 2.831499938964844e+02, 2.962587280273438e+02, 2.891494445800781e+02, 2.891489562988281e+02, 2.891491394042969e+02, 2.891492919921875e+02, 2.891494140625e+02, 2.891494750976562e+02, 2.891495361328125e+02, 2.891495666503906e+02, 2.891495361328125e+02, 2.891494750976562e+02, 2.891494140625e+02, 2.891492919921875e+02, 2.891491394042969e+02, 2.891489562988281e+02, 2.891487426757812e+02, 2.891485290527344e+02, 2.891482849121094e+02, 2.891480407714844e+02, 2.891477661132812e+02, 2.891474914550781e+02, 2.89147216796875e+02, 2.891469421386719e+02, 3.031499938964844e+02, 3.031499938964844e+02, 3.031499938964844e+02, 3.031499938964844e+02, 3.031499938964844e+02, 3.031499938964844e+02, 2.93147216796875e+02, 2.931470642089844e+02, 2.9314697265625e+02, 2.931469116210938e+02, 2.931469116210938e+02, 2.931469116210938e+02, 2.9314697265625e+02, 2.931470642089844e+02, 2.931471862792969e+02, 2.931473388671875e+02, 2.931474914550781e+02, 2.93147705078125e+02, 2.931479187011719e+02, 2.931481628417969e+02, 2.931484375e+02, 2.931487121582031e+02, 2.931489868164062e+02, 2.931492614746094e+02, 2.931495361328125e+02, 2.831499938964844e+02, 2.831499938964844e+02, 2.962588195800781e+02, 2.891494445800781e+02, 2.891489562988281e+02, 2.891491394042969e+02, 2.891492919921875e+02, 2.891494140625e+02, 2.891494750976562e+02, 2.891495361328125e+02, 2.891495666503906e+02]
coo.Q_flow=[-0e+00, -1.129679977893829e-01, -1.129679977893829e-01, -6.843327331542969e+01, -8.092319488525391e+01, -9.774091339111328e+01, -1.177476272583008e+02, -1.406300811767578e+02, -1.660302734375e+02, -1.935506896972656e+02, -2.227395172119141e+02, -2.531406402587891e+02, -2.843042297363281e+02, -3.156975402832031e+02, -3.468454589843751e+02, -1.129679977893829e-01, -1.129679977893829e-01, -1.129679977893829e-01, -1.129679977893829e-01, -1.129679977893829e-01, -1.129679977893829e-01, -3.182400512695312e+02, -3.324434814453125e+02, -3.421451110839844e+02, -3.48025146484375e+02, -3.499963989257812e+02, -3.480376892089844e+02, -3.421561584472656e+02, -3.324538574218749e+02, -3.19081787109375e+02, -3.022571105957031e+02, -2.822512512207031e+02, -2.593641967773438e+02, -2.339754943847656e+02, -2.064457244873046e+02, -1.772558746337892e+02, -1.468440704345703e+02, -1.156887664794922e+02, -8.430226135253906e+01, -5.31452751159668e+01, -9.998870239257812e+02, -9.998870239257812e+02, -1.129679977893829e-01, -1.458235931396484e+02, -1.177577819824219e+02, -9.774552154541016e+01, -8.092326354980469e+01, -6.75584716796875e+01, -5.785772323608398e+01, -5.197131729125977e+01, -5.0007080078125e+01, -5.196840286254883e+01, -5.784043884277344e+01, -6.754592895507812e+01, -8.089884948730469e+01, -9.774614715576188e+01, -1.177278442382814e+02, -1.406580657958982e+02, -1.660174407958984e+02, -1.935473937988281e+02, -2.2275439453125e+02, -2.531062622070312e+02, -2.843963623046875e+02, -3.157026062011719e+02, -3.469236450195312e+02, -1.129679977893829e-01, -1.129679977893829e-01, -1.129679977893829e-01, -1.129679977893829e-01, -1.129679977893829e-01, -1.129679977893829e-01, -3.187970581054688e+02, -3.321999206542969e+02, -3.421446838378906e+02, -3.480284423828125e+02, -3.499979553222656e+02, -3.480398254394531e+02, -3.421553344726562e+02, -3.324483337402344e+02, -3.190817260742188e+02, -3.0225732421875e+02, -2.822428588867188e+02, -2.5935986328125e+02, -2.339641876220703e+02, -2.064561920166016e+02, -1.772553100585938e+02, -1.468490447998047e+02, -1.15706184387207e+02, -8.430353546142578e+01, -5.315469741821289e+01, -9.998870239257812e+02, -9.998870239257812e+02, -1.129679977893829e-01, -1.443744201660156e+02, -1.177603988647461e+02, -9.774616241455078e+01, -8.092735290527344e+01, -6.755584716796875e+01, -5.785833740234375e+01, -5.197074508666992e+01, -4.999685668945312e+01]
