last-generated=2021-05-11
statistics-initialization=
{
  "nonlinear": "1, 1, 0, 1, 1",
  "numerical Jacobians": "0"
}
statistics-simulation=
{
  "linear": " ",
  "nonlinear": " ",
  "number of continuous time states": "10",
  "numerical Jacobians": "0"
}
time=[0e+00, 3.6e+03]
senTem1a.T=[2.931499938964844e+02, 2.931499938964844e+02, 2.931499938964844e+02, 2.931499938964844e+02, 2.931499938964844e+02, 2.931499938964844e+02, 2.931499938964844e+02, 2.931499938964844e+02, 2.931499938964844e+02, 2.931499938964844e+02, 2.931499938964844e+02, 2.931499938964844e+02, 2.931499938964844e+02, 2.931499938964844e+02, 2.931499938964844e+02, 2.931499938964844e+02, 2.931499938964844e+02, 2.931499938964844e+02, 2.931499938964844e+02, 2.931499938964844e+02, 2.931499938964844e+02, 2.931499938964844e+02, 2.931499938964844e+02, 2.931499938964844e+02, 2.931499938964844e+02, 2.931499938964844e+02, 2.931499938964844e+02, 2.931499938964844e+02, 2.931499938964844e+02, 2.931499938964844e+02, 2.931499938964844e+02, 2.931499938964844e+02, 2.931499938964844e+02, 2.931499938964844e+02, 2.931499938964844e+02, 2.931499938964844e+02, 2.931499938964844e+02, 2.931499938964844e+02, 2.931499938964844e+02, 2.931499938964844e+02, 2.931499938964844e+02, 2.931499938964844e+02, 2.931499938964844e+02, 2.931499938964844e+02, 2.931499938964844e+02, 2.931499938964844e+02, 2.931499938964844e+02, 2.931499938964844e+02, 2.931499938964844e+02, 2.931499938964844e+02, 2.931499938964844e+02, 2.931499938964844e+02, 2.931499938964844e+02, 2.931499938964844e+02, 2.931499938964844e+02, 2.931499938964844e+02, 2.931499938964844e+02, 2.931499938964844e+02, 2.931499938964844e+02, 2.931499938964844e+02, 2.931499938964844e+02, 2.931499938964844e+02, 2.931499938964844e+02, 2.931499938964844e+02, 2.931499938964844e+02, 2.931499938964844e+02, 2.931499938964844e+02, 2.931499938964844e+02, 2.931499938964844e+02, 2.931499938964844e+02, 2.931499938964844e+02, 2.931499938964844e+02, 2.931499938964844e+02, 2.931499938964844e+02, 2.931499938964844e+02, 2.931499938964844e+02, 2.931499938964844e+02, 2.931499938964844e+02, 2.931499938964844e+02, 2.931499938964844e+02, 2.931499938964844e+02, 2.931499938964844e+02, 2.931499938964844e+02, 2.931499938964844e+02, 2.931499938964844e+02, 2.931499938964844e+02, 2.931499938964844e+02, 2.931499938964844e+02, 2.931499938964844e+02, 2.931499938964844e+02, 2.931499938964844e+02, 2.931499938964844e+02, 2.931499938964844e+02, 2.931499938964844e+02, 2.931499938964844e+02, 2.931499938964844e+02, 2.931499938964844e+02, 2.931499938964844e+02, 2.931499938964844e+02, 2.931499938964844e+02, 2.931499938964844e+02]
senTem1b.T=[2.931499938964844e+02, 2.914998474121094e+02, 2.910361633300781e+02, 2.909299011230469e+02, 2.909313049316406e+02, 2.909651184082031e+02, 2.910086975097656e+02, 2.910552673339844e+02, 2.911026916503906e+02, 2.91150390625e+02, 2.911981506347656e+02, 2.912459411621094e+02, 2.912937316894531e+02, 2.913415222167969e+02, 2.913893432617188e+02, 2.914371337890625e+02, 2.914849243164062e+02, 2.9153271484375e+02, 2.915805358886719e+02, 2.916283264160156e+02, 2.916761169433594e+02, 2.917239379882812e+02, 2.91771728515625e+02, 2.918195495605469e+02, 2.918673400878906e+02, 2.919151306152344e+02, 2.919629516601562e+02, 2.920107421875e+02, 2.920585327148438e+02, 2.921063537597656e+02, 2.921541442871094e+02, 2.922019348144531e+02, 2.92249755859375e+02, 2.922975463867188e+02, 2.923453369140625e+02, 2.923931579589844e+02, 2.924409484863281e+02, 2.924887390136719e+02, 2.925365600585938e+02, 2.925843505859375e+02, 2.926321411132812e+02, 2.926799621582031e+02, 2.927277526855469e+02, 2.927755432128906e+02, 2.928233642578125e+02, 2.928711547851562e+02, 2.929189758300781e+02, 2.929667663574219e+02, 2.930145568847656e+02, 2.930623779296875e+02, 2.931101684570312e+02, 2.93157958984375e+02, 2.932057800292969e+02, 2.932535705566406e+02, 2.933013610839844e+02, 2.933491821289062e+02, 2.9339697265625e+02, 2.934447631835938e+02, 2.934925842285156e+02, 2.935403747558594e+02, 2.935881652832031e+02, 2.93635986328125e+02, 2.936837768554688e+02, 2.937315673828125e+02, 2.937793884277344e+02, 2.938271789550781e+02, 2.938749694824219e+02, 2.939227905273438e+02, 2.939705810546875e+02, 2.940184020996094e+02, 2.940661926269531e+02, 2.941139831542969e+02, 2.941618041992188e+02, 2.942095947265625e+02, 2.942573852539062e+02, 2.943052062988281e+02, 2.943529968261719e+02, 2.944007873535156e+02, 2.944486083984375e+02, 2.944963989257812e+02, 2.94544189453125e+02, 2.945920104980469e+02, 2.946398010253906e+02, 2.946875915527344e+02, 2.947354125976562e+02, 2.94783203125e+02, 2.948309936523438e+02, 2.948788146972656e+02, 2.949266052246094e+02, 2.949743957519531e+02, 2.95022216796875e+02, 2.950700073242188e+02, 2.951178283691406e+02, 2.951656188964844e+02, 2.952134094238281e+02, 2.9526123046875e+02, 2.953090209960938e+02, 2.953568115234375e+02, 2.954046325683594e+02, 2.954524230957031e+02, 2.955002136230469e+02]
senTem2a.T=[2.931499938964844e+02, 2.94000244140625e+02, 2.936428527832031e+02, 2.933502807617188e+02, 2.932064819335938e+02, 2.931463928222656e+02, 2.931232299804688e+02, 2.9311474609375e+02, 2.931117553710938e+02, 2.931107177734375e+02, 2.931103820800781e+02, 2.931102294921875e+02, 2.931101989746094e+02, 2.931101989746094e+02, 2.931101989746094e+02, 2.931101684570312e+02, 2.931101684570312e+02, 2.931101684570312e+02, 2.931101684570312e+02, 2.931101684570312e+02, 2.931101684570312e+02, 2.931101684570312e+02, 2.931101684570312e+02, 2.931101684570312e+02, 2.931101684570312e+02, 2.931101684570312e+02, 2.931101684570312e+02, 2.931101684570312e+02, 2.931101684570312e+02, 2.931101684570312e+02, 2.931101684570312e+02, 2.931101684570312e+02, 2.931101684570312e+02, 2.931101684570312e+02, 2.931101684570312e+02, 2.931101684570312e+02, 2.931101684570312e+02, 2.931101684570312e+02, 2.931101684570312e+02, 2.931101684570312e+02, 2.931101684570312e+02, 2.931101684570312e+02, 2.931101684570312e+02, 2.931101684570312e+02, 2.931101684570312e+02, 2.931101684570312e+02, 2.931101684570312e+02, 2.931101684570312e+02, 2.931101684570312e+02, 2.931101684570312e+02, 2.931101684570312e+02, 2.931101684570312e+02, 2.931101684570312e+02, 2.931101684570312e+02, 2.931101684570312e+02, 2.931101684570312e+02, 2.931101684570312e+02, 2.931101684570312e+02, 2.931101684570312e+02, 2.931101684570312e+02, 2.931101684570312e+02, 2.931101684570312e+02, 2.931101684570312e+02, 2.931101684570312e+02, 2.931101684570312e+02, 2.931101684570312e+02, 2.931101684570312e+02, 2.931101684570312e+02, 2.931101684570312e+02, 2.931101684570312e+02, 2.931101684570312e+02, 2.931101684570312e+02, 2.931101684570312e+02, 2.931101684570312e+02, 2.931101684570312e+02, 2.931101684570312e+02, 2.931101684570312e+02, 2.931101684570312e+02, 2.931101684570312e+02, 2.931101684570312e+02, 2.931101684570312e+02, 2.931101684570312e+02, 2.931101684570312e+02, 2.931101684570312e+02, 2.931101684570312e+02, 2.931101684570312e+02, 2.931101684570312e+02, 2.931101684570312e+02, 2.931101684570312e+02, 2.931101684570312e+02, 2.931101684570312e+02, 2.931101684570312e+02, 2.931101684570312e+02, 2.931101684570312e+02, 2.931101684570312e+02, 2.931101684570312e+02, 2.931101684570312e+02, 2.931101684570312e+02, 2.931101684570312e+02, 2.931101684570312e+02, 2.931101684570312e+02]
senTem2b.T=[2.931499938964844e+02, 2.914998474121094e+02, 2.910361633300781e+02, 2.909299011230469e+02, 2.909313049316406e+02, 2.909651184082031e+02, 2.910086975097656e+02, 2.910552673339844e+02, 2.911026916503906e+02, 2.91150390625e+02, 2.911981506347656e+02, 2.912459411621094e+02, 2.912937316894531e+02, 2.913415222167969e+02, 2.913893432617188e+02, 2.914371337890625e+02, 2.914849243164062e+02, 2.9153271484375e+02, 2.915805358886719e+02, 2.916283264160156e+02, 2.916761169433594e+02, 2.917239379882812e+02, 2.91771728515625e+02, 2.918195495605469e+02, 2.918673400878906e+02, 2.919151306152344e+02, 2.919629516601562e+02, 2.920107421875e+02, 2.920585327148438e+02, 2.921063537597656e+02, 2.921541442871094e+02, 2.922019348144531e+02, 2.92249755859375e+02, 2.922975463867188e+02, 2.923453369140625e+02, 2.923931579589844e+02, 2.924409484863281e+02, 2.924887390136719e+02, 2.925365600585938e+02, 2.925843505859375e+02, 2.926321411132812e+02, 2.926799621582031e+02, 2.927277526855469e+02, 2.927755432128906e+02, 2.928233642578125e+02, 2.928711547851562e+02, 2.929189758300781e+02, 2.929667663574219e+02, 2.930145568847656e+02, 2.930623779296875e+02, 2.931101684570312e+02, 2.93157958984375e+02, 2.932057800292969e+02, 2.932535705566406e+02, 2.933013610839844e+02, 2.933491821289062e+02, 2.9339697265625e+02, 2.934447631835938e+02, 2.934925842285156e+02, 2.935403747558594e+02, 2.935881652832031e+02, 2.93635986328125e+02, 2.936837768554688e+02, 2.937315673828125e+02, 2.937793884277344e+02, 2.938271789550781e+02, 2.938749694824219e+02, 2.939227905273438e+02, 2.939705810546875e+02, 2.940184020996094e+02, 2.940661926269531e+02, 2.941139831542969e+02, 2.941618041992188e+02, 2.942095947265625e+02, 2.942573852539062e+02, 2.943052062988281e+02, 2.943529968261719e+02, 2.944007873535156e+02, 2.944486083984375e+02, 2.944963989257812e+02, 2.94544189453125e+02, 2.945920104980469e+02, 2.946398010253906e+02, 2.946875915527344e+02, 2.947354125976562e+02, 2.94783203125e+02, 2.948309936523438e+02, 2.948788146972656e+02, 2.949266052246094e+02, 2.949743957519531e+02, 2.95022216796875e+02, 2.950700073242188e+02, 2.951178283691406e+02, 2.951656188964844e+02, 2.952134094238281e+02, 2.9526123046875e+02, 2.953090209960938e+02, 2.953568115234375e+02, 2.954046325683594e+02, 2.954524230957031e+02, 2.955002136230469e+02]
senTem3a.T=[2.931499938964844e+02, 2.931499938964844e+02, 2.931499938964844e+02, 2.931499938964844e+02, 2.931499938964844e+02, 2.931499938964844e+02, 2.931499938964844e+02, 2.931499938964844e+02, 2.931499938964844e+02, 2.931499938964844e+02, 2.931499938964844e+02, 2.931499938964844e+02, 2.931499938964844e+02, 2.931499938964844e+02, 2.931499938964844e+02, 2.931499938964844e+02, 2.931499938964844e+02, 2.931499938964844e+02, 2.931499938964844e+02, 2.931499938964844e+02, 2.931499938964844e+02, 2.931499938964844e+02, 2.931499938964844e+02, 2.931499938964844e+02, 2.931499938964844e+02, 2.931499938964844e+02, 2.931499938964844e+02, 2.931499938964844e+02, 2.931499938964844e+02, 2.931499938964844e+02, 2.931499938964844e+02, 2.931499938964844e+02, 2.931499938964844e+02, 2.931499938964844e+02, 2.931499938964844e+02, 2.931499938964844e+02, 2.931499938964844e+02, 2.931499938964844e+02, 2.931499938964844e+02, 2.931499938964844e+02, 2.931499938964844e+02, 2.931499938964844e+02, 2.931499938964844e+02, 2.931499938964844e+02, 2.931499938964844e+02, 2.931499938964844e+02, 2.931499938964844e+02, 2.931499938964844e+02, 2.931499938964844e+02, 2.931499938964844e+02, 2.931499938964844e+02, 2.931499938964844e+02, 2.931499938964844e+02, 2.931499938964844e+02, 2.931499938964844e+02, 2.931499938964844e+02, 2.931499938964844e+02, 2.931499938964844e+02, 2.931499938964844e+02, 2.931499938964844e+02, 2.931499938964844e+02, 2.931499938964844e+02, 2.931499938964844e+02, 2.931499938964844e+02, 2.931499938964844e+02, 2.931499938964844e+02, 2.931499938964844e+02, 2.931499938964844e+02, 2.931499938964844e+02, 2.931499938964844e+02, 2.931499938964844e+02, 2.931499938964844e+02, 2.931499938964844e+02, 2.931499938964844e+02, 2.931499938964844e+02, 2.931499938964844e+02, 2.931499938964844e+02, 2.931499938964844e+02, 2.931499938964844e+02, 2.931499938964844e+02, 2.931499938964844e+02, 2.931499938964844e+02, 2.931499938964844e+02, 2.931499938964844e+02, 2.931499938964844e+02, 2.931499938964844e+02, 2.931499938964844e+02, 2.931499938964844e+02, 2.931499938964844e+02, 2.931499938964844e+02, 2.931499938964844e+02, 2.931499938964844e+02, 2.931499938964844e+02, 2.931499938964844e+02, 2.931499938964844e+02, 2.931499938964844e+02, 2.931499938964844e+02, 2.931499938964844e+02, 2.931499938964844e+02, 2.931499938964844e+02, 2.931499938964844e+02]
senTem3b.T=[2.931499938964844e+02, 2.914949951171875e+02, 2.910263061523438e+02, 2.909176330566406e+02, 2.909181518554688e+02, 2.909518127441406e+02, 2.909955444335938e+02, 2.910422973632812e+02, 2.910899963378906e+02, 2.911379699707031e+02, 2.9118603515625e+02, 2.912341003417969e+02, 2.912821960449219e+02, 2.913302917480469e+02, 2.913783874511719e+02, 2.914264831542969e+02, 2.914745483398438e+02, 2.915226440429688e+02, 2.915707397460938e+02, 2.916188354492188e+02, 2.916669311523438e+02, 2.917150268554688e+02, 2.917631225585938e+02, 2.918111877441406e+02, 2.918592834472656e+02, 2.919073791503906e+02, 2.919554748535156e+02, 2.920035705566406e+02, 2.920516662597656e+02, 2.920997619628906e+02, 2.921478576660156e+02, 2.921959228515625e+02, 2.922440185546875e+02, 2.922921142578125e+02, 2.923402099609375e+02, 2.923883056640625e+02, 2.924364013671875e+02, 2.924844970703125e+02, 2.925325927734375e+02, 2.925806579589844e+02, 2.926287536621094e+02, 2.926768493652344e+02, 2.927249450683594e+02, 2.927730407714844e+02, 2.928211364746094e+02, 2.928692321777344e+02, 2.929173278808594e+02, 2.929653930664062e+02, 2.930134887695312e+02, 2.930615844726562e+02, 2.931096801757812e+02, 2.931577758789062e+02, 2.932058715820312e+02, 2.932539672851562e+02, 2.933020324707031e+02, 2.933501281738281e+02, 2.933982238769531e+02, 2.934463195800781e+02, 2.934944152832031e+02, 2.935425109863281e+02, 2.935906066894531e+02, 2.936387023925781e+02, 2.93686767578125e+02, 2.9373486328125e+02, 2.93782958984375e+02, 2.938310546875e+02, 2.93879150390625e+02, 2.9392724609375e+02, 2.93975341796875e+02, 2.940234375e+02, 2.940715026855469e+02, 2.941195983886719e+02, 2.941676940917969e+02, 2.942157897949219e+02, 2.942638854980469e+02, 2.943119812011719e+02, 2.943600769042969e+02, 2.944081420898438e+02, 2.944562377929688e+02, 2.945043334960938e+02, 2.945524291992188e+02, 2.946005249023438e+02, 2.946486206054688e+02, 2.946967163085938e+02, 2.947448120117188e+02, 2.947928771972656e+02, 2.948409729003906e+02, 2.948890686035156e+02, 2.949371643066406e+02, 2.949852600097656e+02, 2.950333557128906e+02, 2.950814514160156e+02, 2.951295471191406e+02, 2.951776123046875e+02, 2.952257080078125e+02, 2.952738037109375e+02, 2.953218994140625e+02, 2.953699951171875e+02, 2.954180908203125e+02, 2.954661865234375e+02, 2.955142517089844e+02]
senTem4a.T=[2.931499938964844e+02, 2.940065307617188e+02, 2.936502685546875e+02, 2.933551330566406e+02, 2.932088623046875e+02, 2.931472473144531e+02, 2.931233215332031e+02, 2.93114501953125e+02, 2.931113586425781e+02, 2.931102600097656e+02, 2.931098937988281e+02, 2.931097412109375e+02, 2.931097106933594e+02, 2.931097106933594e+02, 2.931097106933594e+02, 2.931096801757812e+02, 2.931096801757812e+02, 2.931096801757812e+02, 2.931096801757812e+02, 2.931096801757812e+02, 2.931096801757812e+02, 2.931096801757812e+02, 2.931096801757812e+02, 2.931096801757812e+02, 2.931096801757812e+02, 2.931096801757812e+02, 2.931096801757812e+02, 2.931096801757812e+02, 2.931096801757812e+02, 2.931096801757812e+02, 2.931096801757812e+02, 2.931096801757812e+02, 2.931096801757812e+02, 2.931096801757812e+02, 2.931096801757812e+02, 2.931096801757812e+02, 2.931096801757812e+02, 2.931096801757812e+02, 2.931096801757812e+02, 2.931096801757812e+02, 2.931096801757812e+02, 2.931096801757812e+02, 2.931096801757812e+02, 2.931096801757812e+02, 2.931096801757812e+02, 2.931096801757812e+02, 2.931096801757812e+02, 2.931096801757812e+02, 2.931096801757812e+02, 2.931096801757812e+02, 2.931096801757812e+02, 2.931096801757812e+02, 2.931096801757812e+02, 2.931096801757812e+02, 2.931096801757812e+02, 2.931096801757812e+02, 2.931096801757812e+02, 2.931096801757812e+02, 2.931096801757812e+02, 2.931096801757812e+02, 2.931096801757812e+02, 2.931096801757812e+02, 2.931096801757812e+02, 2.931096801757812e+02, 2.931096801757812e+02, 2.931096801757812e+02, 2.931096801757812e+02, 2.931096801757812e+02, 2.931096801757812e+02, 2.931096801757812e+02, 2.931096801757812e+02, 2.931096801757812e+02, 2.931096801757812e+02, 2.931096801757812e+02, 2.931096801757812e+02, 2.931096801757812e+02, 2.931096801757812e+02, 2.931096801757812e+02, 2.931096801757812e+02, 2.931096801757812e+02, 2.931096801757812e+02, 2.931096801757812e+02, 2.931096801757812e+02, 2.931096801757812e+02, 2.931096801757812e+02, 2.931096801757812e+02, 2.931096801757812e+02, 2.931096801757812e+02, 2.931096801757812e+02, 2.931096801757812e+02, 2.931096801757812e+02, 2.931096801757812e+02, 2.931096801757812e+02, 2.931096801757812e+02, 2.931096801757812e+02, 2.931096801757812e+02, 2.931096801757812e+02, 2.931096801757812e+02, 2.931096801757812e+02, 2.931096801757812e+02, 2.931096801757812e+02]
senTem4b.T=[2.931499938964844e+02, 2.914950256347656e+02, 2.910263366699219e+02, 2.909176330566406e+02, 2.909181518554688e+02, 2.909518127441406e+02, 2.909955444335938e+02, 2.910422973632812e+02, 2.910899963378906e+02, 2.911379699707031e+02, 2.9118603515625e+02, 2.912341003417969e+02, 2.912821960449219e+02, 2.913302917480469e+02, 2.913783874511719e+02, 2.914264831542969e+02, 2.914745483398438e+02, 2.915226440429688e+02, 2.915707397460938e+02, 2.916188354492188e+02, 2.916669311523438e+02, 2.917150268554688e+02, 2.917631225585938e+02, 2.918111877441406e+02, 2.918592834472656e+02, 2.919073791503906e+02, 2.919554748535156e+02, 2.920035705566406e+02, 2.920516662597656e+02, 2.920997619628906e+02, 2.921478271484375e+02, 2.921959228515625e+02, 2.922440185546875e+02, 2.922921142578125e+02, 2.923402099609375e+02, 2.923883056640625e+02, 2.924364013671875e+02, 2.924844970703125e+02, 2.925325622558594e+02, 2.925806579589844e+02, 2.926287536621094e+02, 2.926768493652344e+02, 2.927249450683594e+02, 2.927730407714844e+02, 2.928211364746094e+02, 2.928692321777344e+02, 2.929172973632812e+02, 2.929653930664062e+02, 2.930134887695312e+02, 2.930615844726562e+02, 2.931096801757812e+02, 2.931577758789062e+02, 2.932058715820312e+02, 2.932539672851562e+02, 2.933020324707031e+02, 2.933501281738281e+02, 2.933982238769531e+02, 2.934463195800781e+02, 2.934944152832031e+02, 2.935425109863281e+02, 2.935906066894531e+02, 2.93638671875e+02, 2.93686767578125e+02, 2.9373486328125e+02, 2.93782958984375e+02, 2.938310546875e+02, 2.93879150390625e+02, 2.9392724609375e+02, 2.93975341796875e+02, 2.940234069824219e+02, 2.940715026855469e+02, 2.941195983886719e+02, 2.941676940917969e+02, 2.942157897949219e+02, 2.942638854980469e+02, 2.943119812011719e+02, 2.943600769042969e+02, 2.944081420898438e+02, 2.944562377929688e+02, 2.945043334960938e+02, 2.945524291992188e+02, 2.946005249023438e+02, 2.946486206054688e+02, 2.946967163085938e+02, 2.947447814941406e+02, 2.947928771972656e+02, 2.948409729003906e+02, 2.948890686035156e+02, 2.949371643066406e+02, 2.949852600097656e+02, 2.950333557128906e+02, 2.950814514160156e+02, 2.951295166015625e+02, 2.951776123046875e+02, 2.952257080078125e+02, 2.952738037109375e+02, 2.953218994140625e+02, 2.953699951171875e+02, 2.954180908203125e+02, 2.954661865234375e+02, 2.955142517089844e+02]
mix1.T=[2.931499938964844e+02, 2.914950256347656e+02, 2.910263366699219e+02, 2.909176330566406e+02, 2.909181518554688e+02, 2.909518127441406e+02, 2.909955444335938e+02, 2.910422973632812e+02, 2.910899963378906e+02, 2.911379699707031e+02, 2.9118603515625e+02, 2.912341003417969e+02, 2.912821960449219e+02, 2.913302917480469e+02, 2.913783874511719e+02, 2.914264831542969e+02, 2.914745483398438e+02, 2.915226440429688e+02, 2.915707397460938e+02, 2.916188354492188e+02, 2.916669311523438e+02, 2.917150268554688e+02, 2.917631225585938e+02, 2.918111877441406e+02, 2.918592834472656e+02, 2.919073791503906e+02, 2.919554748535156e+02, 2.920035705566406e+02, 2.920516662597656e+02, 2.920997619628906e+02, 2.921478271484375e+02, 2.921959228515625e+02, 2.922440185546875e+02, 2.922921142578125e+02, 2.923402099609375e+02, 2.923883056640625e+02, 2.924364013671875e+02, 2.924844970703125e+02, 2.925325622558594e+02, 2.925806579589844e+02, 2.926287536621094e+02, 2.926768493652344e+02, 2.927249450683594e+02, 2.927730407714844e+02, 2.928211364746094e+02, 2.928692321777344e+02, 2.929172973632812e+02, 2.929653930664062e+02, 2.930134887695312e+02, 2.930615844726562e+02, 2.931096801757812e+02, 2.931577758789062e+02, 2.932058715820312e+02, 2.932539672851562e+02, 2.933020324707031e+02, 2.933501281738281e+02, 2.933982238769531e+02, 2.934463195800781e+02, 2.934944152832031e+02, 2.935425109863281e+02, 2.935906066894531e+02, 2.93638671875e+02, 2.93686767578125e+02, 2.9373486328125e+02, 2.93782958984375e+02, 2.938310546875e+02, 2.93879150390625e+02, 2.9392724609375e+02, 2.93975341796875e+02, 2.940234069824219e+02, 2.940715026855469e+02, 2.941195983886719e+02, 2.941676940917969e+02, 2.942157897949219e+02, 2.942638854980469e+02, 2.943119812011719e+02, 2.943600769042969e+02, 2.944081420898438e+02, 2.944562377929688e+02, 2.945043334960938e+02, 2.945524291992188e+02, 2.946005249023438e+02, 2.946486206054688e+02, 2.946967163085938e+02, 2.947447814941406e+02, 2.947928771972656e+02, 2.948409729003906e+02, 2.948890686035156e+02, 2.949371643066406e+02, 2.949852600097656e+02, 2.950333557128906e+02, 2.950814514160156e+02, 2.951295166015625e+02, 2.951776123046875e+02, 2.952257080078125e+02, 2.952738037109375e+02, 2.953218994140625e+02, 2.953699951171875e+02, 2.954180908203125e+02, 2.954661865234375e+02, 2.955142517089844e+02]
hea1.m_flow=[5e-01, 5e-01]
hea2.m_flow=[-5e-01, -5e-01]
hea3.m_flow=[4.969788193702698e-01, 4.969788193702698e-01]
hea4.m_flow=[-4.969788193702698e-01, -4.969788193702698e-01]
senTem5b.T=[2.931499938964844e+02, 2.914998474121094e+02, 2.910361633300781e+02, 2.909299011230469e+02, 2.909313049316406e+02, 2.909651184082031e+02, 2.910086975097656e+02, 2.910552673339844e+02, 2.911026916503906e+02, 2.91150390625e+02, 2.911981506347656e+02, 2.912459411621094e+02, 2.912937316894531e+02, 2.913415222167969e+02, 2.913893432617188e+02, 2.914371337890625e+02, 2.914849243164062e+02, 2.9153271484375e+02, 2.915805358886719e+02, 2.916283264160156e+02, 2.916761169433594e+02, 2.917239379882812e+02, 2.91771728515625e+02, 2.918195495605469e+02, 2.918673400878906e+02, 2.919151306152344e+02, 2.919629516601562e+02, 2.920107421875e+02, 2.920585327148438e+02, 2.921063537597656e+02, 2.921541442871094e+02, 2.922019348144531e+02, 2.92249755859375e+02, 2.922975463867188e+02, 2.923453369140625e+02, 2.923931579589844e+02, 2.924409484863281e+02, 2.924887390136719e+02, 2.925365600585938e+02, 2.925843505859375e+02, 2.926321411132812e+02, 2.926799621582031e+02, 2.927277526855469e+02, 2.927755432128906e+02, 2.928233642578125e+02, 2.928711547851562e+02, 2.929189758300781e+02, 2.929667663574219e+02, 2.930145568847656e+02, 2.930623779296875e+02, 2.931101684570312e+02, 2.93157958984375e+02, 2.932057800292969e+02, 2.932535705566406e+02, 2.933013610839844e+02, 2.933491821289062e+02, 2.9339697265625e+02, 2.934447631835938e+02, 2.934925842285156e+02, 2.935403747558594e+02, 2.935881652832031e+02, 2.93635986328125e+02, 2.936837768554688e+02, 2.937315673828125e+02, 2.937793884277344e+02, 2.938271789550781e+02, 2.938749694824219e+02, 2.939227905273438e+02, 2.939705810546875e+02, 2.940184020996094e+02, 2.940661926269531e+02, 2.941139831542969e+02, 2.941618041992188e+02, 2.942095947265625e+02, 2.942573852539062e+02, 2.943052062988281e+02, 2.943529968261719e+02, 2.944007873535156e+02, 2.944486083984375e+02, 2.944963989257812e+02, 2.94544189453125e+02, 2.945920104980469e+02, 2.946398010253906e+02, 2.946875915527344e+02, 2.947354125976562e+02, 2.94783203125e+02, 2.948309936523438e+02, 2.948788146972656e+02, 2.949266052246094e+02, 2.949743957519531e+02, 2.95022216796875e+02, 2.950700073242188e+02, 2.951178283691406e+02, 2.951656188964844e+02, 2.952134094238281e+02, 2.9526123046875e+02, 2.953090209960938e+02, 2.953568115234375e+02, 2.954046325683594e+02, 2.954524230957031e+02, 2.955002136230469e+02]
senTem5a.T=[2.931499938964844e+02, 2.94000244140625e+02, 2.936428527832031e+02, 2.933502807617188e+02, 2.932064819335938e+02, 2.931463928222656e+02, 2.931232299804688e+02, 2.9311474609375e+02, 2.931117553710938e+02, 2.931107177734375e+02, 2.931103820800781e+02, 2.931102294921875e+02, 2.931101989746094e+02, 2.931101989746094e+02, 2.931101989746094e+02, 2.931101684570312e+02, 2.931101684570312e+02, 2.931101684570312e+02, 2.931101684570312e+02, 2.931101684570312e+02, 2.931101684570312e+02, 2.931101684570312e+02, 2.931101684570312e+02, 2.931101684570312e+02, 2.931101684570312e+02, 2.931101684570312e+02, 2.931101684570312e+02, 2.931101684570312e+02, 2.931101684570312e+02, 2.931101684570312e+02, 2.931101684570312e+02, 2.931101684570312e+02, 2.931101684570312e+02, 2.931101684570312e+02, 2.931101684570312e+02, 2.931101684570312e+02, 2.931101684570312e+02, 2.931101684570312e+02, 2.931101684570312e+02, 2.931101684570312e+02, 2.931101684570312e+02, 2.931101684570312e+02, 2.931101684570312e+02, 2.931101684570312e+02, 2.931101684570312e+02, 2.931101684570312e+02, 2.931101684570312e+02, 2.931101684570312e+02, 2.931101684570312e+02, 2.931101684570312e+02, 2.931101684570312e+02, 2.931101684570312e+02, 2.931101684570312e+02, 2.931101684570312e+02, 2.931101684570312e+02, 2.931101684570312e+02, 2.931101684570312e+02, 2.931101684570312e+02, 2.931101684570312e+02, 2.931101684570312e+02, 2.931101684570312e+02, 2.931101684570312e+02, 2.931101684570312e+02, 2.931101684570312e+02, 2.931101684570312e+02, 2.931101684570312e+02, 2.931101684570312e+02, 2.931101684570312e+02, 2.931101684570312e+02, 2.931101684570312e+02, 2.931101684570312e+02, 2.931101684570312e+02, 2.931101684570312e+02, 2.931101684570312e+02, 2.931101684570312e+02, 2.931101684570312e+02, 2.931101684570312e+02, 2.931101684570312e+02, 2.931101684570312e+02, 2.931101684570312e+02, 2.931101684570312e+02, 2.931101684570312e+02, 2.931101684570312e+02, 2.931101684570312e+02, 2.931101684570312e+02, 2.931101684570312e+02, 2.931101684570312e+02, 2.931101684570312e+02, 2.931101684570312e+02, 2.931101684570312e+02, 2.931101684570312e+02, 2.931101684570312e+02, 2.931101684570312e+02, 2.931101684570312e+02, 2.931101684570312e+02, 2.931101684570312e+02, 2.931101684570312e+02, 2.931101684570312e+02, 2.931101684570312e+02, 2.931101684570312e+02, 2.931101684570312e+02]
senTem6b.T=[2.931499938964844e+02, 2.914998474121094e+02, 2.910361633300781e+02, 2.909299011230469e+02, 2.909313049316406e+02, 2.909651184082031e+02, 2.910086975097656e+02, 2.910552673339844e+02, 2.911026916503906e+02, 2.91150390625e+02, 2.911981506347656e+02, 2.912459411621094e+02, 2.912937316894531e+02, 2.913415222167969e+02, 2.913893432617188e+02, 2.914371337890625e+02, 2.914849243164062e+02, 2.9153271484375e+02, 2.915805358886719e+02, 2.916283264160156e+02, 2.916761169433594e+02, 2.917239379882812e+02, 2.91771728515625e+02, 2.918195495605469e+02, 2.918673400878906e+02, 2.919151306152344e+02, 2.919629516601562e+02, 2.920107421875e+02, 2.920585327148438e+02, 2.921063537597656e+02, 2.921541442871094e+02, 2.922019348144531e+02, 2.92249755859375e+02, 2.922975463867188e+02, 2.923453369140625e+02, 2.923931579589844e+02, 2.924409484863281e+02, 2.924887390136719e+02, 2.925365600585938e+02, 2.925843505859375e+02, 2.926321411132812e+02, 2.926799621582031e+02, 2.927277526855469e+02, 2.927755432128906e+02, 2.928233642578125e+02, 2.928711547851562e+02, 2.929189758300781e+02, 2.929667663574219e+02, 2.930145568847656e+02, 2.930623779296875e+02, 2.931101684570312e+02, 2.93157958984375e+02, 2.932057800292969e+02, 2.932535705566406e+02, 2.933013610839844e+02, 2.933491821289062e+02, 2.9339697265625e+02, 2.934447631835938e+02, 2.934925842285156e+02, 2.935403747558594e+02, 2.935881652832031e+02, 2.93635986328125e+02, 2.936837768554688e+02, 2.937315673828125e+02, 2.937793884277344e+02, 2.938271789550781e+02, 2.938749694824219e+02, 2.939227905273438e+02, 2.939705810546875e+02, 2.940184020996094e+02, 2.940661926269531e+02, 2.941139831542969e+02, 2.941618041992188e+02, 2.942095947265625e+02, 2.942573852539062e+02, 2.943052062988281e+02, 2.943529968261719e+02, 2.944007873535156e+02, 2.944486083984375e+02, 2.944963989257812e+02, 2.94544189453125e+02, 2.945920104980469e+02, 2.946398010253906e+02, 2.946875915527344e+02, 2.947354125976562e+02, 2.94783203125e+02, 2.948309936523438e+02, 2.948788146972656e+02, 2.949266052246094e+02, 2.949743957519531e+02, 2.95022216796875e+02, 2.950700073242188e+02, 2.951178283691406e+02, 2.951656188964844e+02, 2.952134094238281e+02, 2.9526123046875e+02, 2.953090209960938e+02, 2.953568115234375e+02, 2.954046325683594e+02, 2.954524230957031e+02, 2.955002136230469e+02]
senTem7a.T=[2.931499938964844e+02, 2.940065307617188e+02, 2.936502685546875e+02, 2.933551330566406e+02, 2.932088623046875e+02, 2.931472473144531e+02, 2.931233215332031e+02, 2.93114501953125e+02, 2.931113586425781e+02, 2.931102600097656e+02, 2.931098937988281e+02, 2.931097412109375e+02, 2.931097106933594e+02, 2.931097106933594e+02, 2.931097106933594e+02, 2.931096801757812e+02, 2.931096801757812e+02, 2.931096801757812e+02, 2.931096801757812e+02, 2.931096801757812e+02, 2.931096801757812e+02, 2.931096801757812e+02, 2.931096801757812e+02, 2.931096801757812e+02, 2.931096801757812e+02, 2.931096801757812e+02, 2.931096801757812e+02, 2.931096801757812e+02, 2.931096801757812e+02, 2.931096801757812e+02, 2.931096801757812e+02, 2.931096801757812e+02, 2.931096801757812e+02, 2.931096801757812e+02, 2.931096801757812e+02, 2.931096801757812e+02, 2.931096801757812e+02, 2.931096801757812e+02, 2.931096801757812e+02, 2.931096801757812e+02, 2.931096801757812e+02, 2.931096801757812e+02, 2.931096801757812e+02, 2.931096801757812e+02, 2.931096801757812e+02, 2.931096801757812e+02, 2.931096801757812e+02, 2.931096801757812e+02, 2.931096801757812e+02, 2.931096801757812e+02, 2.931096801757812e+02, 2.931096801757812e+02, 2.931096801757812e+02, 2.931096801757812e+02, 2.931096801757812e+02, 2.931096801757812e+02, 2.931096801757812e+02, 2.931096801757812e+02, 2.931096801757812e+02, 2.931096801757812e+02, 2.931096801757812e+02, 2.931096801757812e+02, 2.931096801757812e+02, 2.931096801757812e+02, 2.931096801757812e+02, 2.931096801757812e+02, 2.931096801757812e+02, 2.931096801757812e+02, 2.931096801757812e+02, 2.931096801757812e+02, 2.931096801757812e+02, 2.931096801757812e+02, 2.931096801757812e+02, 2.931096801757812e+02, 2.931096801757812e+02, 2.931096801757812e+02, 2.931096801757812e+02, 2.931096801757812e+02, 2.931096801757812e+02, 2.931096801757812e+02, 2.931096801757812e+02, 2.931096801757812e+02, 2.931096801757812e+02, 2.931096801757812e+02, 2.931096801757812e+02, 2.931096801757812e+02, 2.931096801757812e+02, 2.931096801757812e+02, 2.931096801757812e+02, 2.931096801757812e+02, 2.931096801757812e+02, 2.931096801757812e+02, 2.931096801757812e+02, 2.931096801757812e+02, 2.931096801757812e+02, 2.931096801757812e+02, 2.931096801757812e+02, 2.931096801757812e+02, 2.931096801757812e+02, 2.931096801757812e+02, 2.931096801757812e+02]
senTem7b.T=[2.931499938964844e+02, 2.914950256347656e+02, 2.910263366699219e+02, 2.909176330566406e+02, 2.909181518554688e+02, 2.909518127441406e+02, 2.909955444335938e+02, 2.910422973632812e+02, 2.910899963378906e+02, 2.911379699707031e+02, 2.9118603515625e+02, 2.912341003417969e+02, 2.912821960449219e+02, 2.913302917480469e+02, 2.913783874511719e+02, 2.914264831542969e+02, 2.914745483398438e+02, 2.915226440429688e+02, 2.915707397460938e+02, 2.916188354492188e+02, 2.916669311523438e+02, 2.917150268554688e+02, 2.917631225585938e+02, 2.918111877441406e+02, 2.918592834472656e+02, 2.919073791503906e+02, 2.919554748535156e+02, 2.920035705566406e+02, 2.920516662597656e+02, 2.920997619628906e+02, 2.921478271484375e+02, 2.921959228515625e+02, 2.922440185546875e+02, 2.922921142578125e+02, 2.923402099609375e+02, 2.923883056640625e+02, 2.924364013671875e+02, 2.924844970703125e+02, 2.925325622558594e+02, 2.925806579589844e+02, 2.926287536621094e+02, 2.926768493652344e+02, 2.927249450683594e+02, 2.927730407714844e+02, 2.928211364746094e+02, 2.928692321777344e+02, 2.929172973632812e+02, 2.929653930664062e+02, 2.930134887695312e+02, 2.930615844726562e+02, 2.931096801757812e+02, 2.931577758789062e+02, 2.932058715820312e+02, 2.932539672851562e+02, 2.933020324707031e+02, 2.933501281738281e+02, 2.933982238769531e+02, 2.934463195800781e+02, 2.934944152832031e+02, 2.935425109863281e+02, 2.935906066894531e+02, 2.93638671875e+02, 2.93686767578125e+02, 2.9373486328125e+02, 2.93782958984375e+02, 2.938310546875e+02, 2.93879150390625e+02, 2.9392724609375e+02, 2.93975341796875e+02, 2.940234069824219e+02, 2.940715026855469e+02, 2.941195983886719e+02, 2.941676940917969e+02, 2.942157897949219e+02, 2.942638854980469e+02, 2.943119812011719e+02, 2.943600769042969e+02, 2.944081420898438e+02, 2.944562377929688e+02, 2.945043334960938e+02, 2.945524291992188e+02, 2.946005249023438e+02, 2.946486206054688e+02, 2.946967163085938e+02, 2.947447814941406e+02, 2.947928771972656e+02, 2.948409729003906e+02, 2.948890686035156e+02, 2.949371643066406e+02, 2.949852600097656e+02, 2.950333557128906e+02, 2.950814514160156e+02, 2.951295166015625e+02, 2.951776123046875e+02, 2.952257080078125e+02, 2.952738037109375e+02, 2.953218994140625e+02, 2.953699951171875e+02, 2.954180908203125e+02, 2.954661865234375e+02, 2.955142517089844e+02]
senTem8a.T=[2.931499938964844e+02, 2.931499938964844e+02, 2.931499938964844e+02, 2.931499938964844e+02, 2.931499938964844e+02, 2.931499938964844e+02, 2.931499938964844e+02, 2.931499938964844e+02, 2.931499938964844e+02, 2.931499938964844e+02, 2.931499938964844e+02, 2.931499938964844e+02, 2.931499938964844e+02, 2.931499938964844e+02, 2.931499938964844e+02, 2.931499938964844e+02, 2.931499938964844e+02, 2.931499938964844e+02, 2.931499938964844e+02, 2.931499938964844e+02, 2.931499938964844e+02, 2.931499938964844e+02, 2.931499938964844e+02, 2.931499938964844e+02, 2.931499938964844e+02, 2.931499938964844e+02, 2.931499938964844e+02, 2.931499938964844e+02, 2.931499938964844e+02, 2.931499938964844e+02, 2.931499938964844e+02, 2.931499938964844e+02, 2.931499938964844e+02, 2.931499938964844e+02, 2.931499938964844e+02, 2.931499938964844e+02, 2.931499938964844e+02, 2.931499938964844e+02, 2.931499938964844e+02, 2.931499938964844e+02, 2.931499938964844e+02, 2.931499938964844e+02, 2.931499938964844e+02, 2.931499938964844e+02, 2.931499938964844e+02, 2.931499938964844e+02, 2.931499938964844e+02, 2.931499938964844e+02, 2.931499938964844e+02, 2.931499938964844e+02, 2.931499938964844e+02, 2.931499938964844e+02, 2.931499938964844e+02, 2.931499938964844e+02, 2.931499938964844e+02, 2.931499938964844e+02, 2.931499938964844e+02, 2.931499938964844e+02, 2.931499938964844e+02, 2.931499938964844e+02, 2.931499938964844e+02, 2.931499938964844e+02, 2.931499938964844e+02, 2.931499938964844e+02, 2.931499938964844e+02, 2.931499938964844e+02, 2.931499938964844e+02, 2.931499938964844e+02, 2.931499938964844e+02, 2.931499938964844e+02, 2.931499938964844e+02, 2.931499938964844e+02, 2.931499938964844e+02, 2.931499938964844e+02, 2.931499938964844e+02, 2.931499938964844e+02, 2.931499938964844e+02, 2.931499938964844e+02, 2.931499938964844e+02, 2.931499938964844e+02, 2.931499938964844e+02, 2.931499938964844e+02, 2.931499938964844e+02, 2.931499938964844e+02, 2.931499938964844e+02, 2.931499938964844e+02, 2.931499938964844e+02, 2.931499938964844e+02, 2.931499938964844e+02, 2.931499938964844e+02, 2.931499938964844e+02, 2.931499938964844e+02, 2.931499938964844e+02, 2.931499938964844e+02, 2.931499938964844e+02, 2.931499938964844e+02, 2.931499938964844e+02, 2.931499938964844e+02, 2.931499938964844e+02, 2.931499938964844e+02, 2.931499938964844e+02]
senTem8b.T=[2.931499938964844e+02, 2.914949951171875e+02, 2.910263061523438e+02, 2.909176330566406e+02, 2.909181518554688e+02, 2.909518127441406e+02, 2.909955444335938e+02, 2.910422973632812e+02, 2.910899963378906e+02, 2.911379699707031e+02, 2.9118603515625e+02, 2.912341003417969e+02, 2.912821960449219e+02, 2.913302917480469e+02, 2.913783874511719e+02, 2.914264831542969e+02, 2.914745483398438e+02, 2.915226440429688e+02, 2.915707397460938e+02, 2.916188354492188e+02, 2.916669311523438e+02, 2.917150268554688e+02, 2.917631225585938e+02, 2.918111877441406e+02, 2.918592834472656e+02, 2.919073791503906e+02, 2.919554748535156e+02, 2.920035705566406e+02, 2.920516662597656e+02, 2.920997619628906e+02, 2.921478576660156e+02, 2.921959228515625e+02, 2.922440185546875e+02, 2.922921142578125e+02, 2.923402099609375e+02, 2.923883056640625e+02, 2.924364013671875e+02, 2.924844970703125e+02, 2.925325927734375e+02, 2.925806579589844e+02, 2.926287536621094e+02, 2.926768493652344e+02, 2.927249450683594e+02, 2.927730407714844e+02, 2.928211364746094e+02, 2.928692321777344e+02, 2.929173278808594e+02, 2.929653930664062e+02, 2.930134887695312e+02, 2.930615844726562e+02, 2.931096801757812e+02, 2.931577758789062e+02, 2.932058715820312e+02, 2.932539672851562e+02, 2.933020324707031e+02, 2.933501281738281e+02, 2.933982238769531e+02, 2.934463195800781e+02, 2.934944152832031e+02, 2.935425109863281e+02, 2.935906066894531e+02, 2.936387023925781e+02, 2.93686767578125e+02, 2.9373486328125e+02, 2.93782958984375e+02, 2.938310546875e+02, 2.93879150390625e+02, 2.9392724609375e+02, 2.93975341796875e+02, 2.940234375e+02, 2.940715026855469e+02, 2.941195983886719e+02, 2.941676940917969e+02, 2.942157897949219e+02, 2.942638854980469e+02, 2.943119812011719e+02, 2.943600769042969e+02, 2.944081420898438e+02, 2.944562377929688e+02, 2.945043334960938e+02, 2.945524291992188e+02, 2.946005249023438e+02, 2.946486206054688e+02, 2.946967163085938e+02, 2.947448120117188e+02, 2.947928771972656e+02, 2.948409729003906e+02, 2.948890686035156e+02, 2.949371643066406e+02, 2.949852600097656e+02, 2.950333557128906e+02, 2.950814514160156e+02, 2.951295471191406e+02, 2.951776123046875e+02, 2.952257080078125e+02, 2.952738037109375e+02, 2.953218994140625e+02, 2.953699951171875e+02, 2.954180908203125e+02, 2.954661865234375e+02, 2.955142517089844e+02]
mix2.T=[2.931499938964844e+02, 2.914950256347656e+02, 2.910263366699219e+02, 2.909176330566406e+02, 2.909181518554688e+02, 2.909518127441406e+02, 2.909955444335938e+02, 2.910422973632812e+02, 2.910899963378906e+02, 2.911379699707031e+02, 2.9118603515625e+02, 2.912341003417969e+02, 2.912821960449219e+02, 2.913302917480469e+02, 2.913783874511719e+02, 2.914264831542969e+02, 2.914745483398438e+02, 2.915226440429688e+02, 2.915707397460938e+02, 2.916188354492188e+02, 2.916669311523438e+02, 2.917150268554688e+02, 2.917631225585938e+02, 2.918111877441406e+02, 2.918592834472656e+02, 2.919073791503906e+02, 2.919554748535156e+02, 2.920035705566406e+02, 2.920516662597656e+02, 2.920997619628906e+02, 2.921478271484375e+02, 2.921959228515625e+02, 2.922440185546875e+02, 2.922921142578125e+02, 2.923402099609375e+02, 2.923883056640625e+02, 2.924364013671875e+02, 2.924844970703125e+02, 2.925325622558594e+02, 2.925806579589844e+02, 2.926287536621094e+02, 2.926768493652344e+02, 2.927249450683594e+02, 2.927730407714844e+02, 2.928211364746094e+02, 2.928692321777344e+02, 2.929172973632812e+02, 2.929653930664062e+02, 2.930134887695312e+02, 2.930615844726562e+02, 2.931096801757812e+02, 2.931577758789062e+02, 2.932058715820312e+02, 2.932539672851562e+02, 2.933020324707031e+02, 2.933501281738281e+02, 2.933982238769531e+02, 2.934463195800781e+02, 2.934944152832031e+02, 2.935425109863281e+02, 2.935906066894531e+02, 2.93638671875e+02, 2.93686767578125e+02, 2.9373486328125e+02, 2.93782958984375e+02, 2.938310546875e+02, 2.93879150390625e+02, 2.9392724609375e+02, 2.93975341796875e+02, 2.940234069824219e+02, 2.940715026855469e+02, 2.941195983886719e+02, 2.941676940917969e+02, 2.942157897949219e+02, 2.942638854980469e+02, 2.943119812011719e+02, 2.943600769042969e+02, 2.944081420898438e+02, 2.944562377929688e+02, 2.945043334960938e+02, 2.945524291992188e+02, 2.946005249023438e+02, 2.946486206054688e+02, 2.946967163085938e+02, 2.947447814941406e+02, 2.947928771972656e+02, 2.948409729003906e+02, 2.948890686035156e+02, 2.949371643066406e+02, 2.949852600097656e+02, 2.950333557128906e+02, 2.950814514160156e+02, 2.951295166015625e+02, 2.951776123046875e+02, 2.952257080078125e+02, 2.952738037109375e+02, 2.953218994140625e+02, 2.953699951171875e+02, 2.954180908203125e+02, 2.954661865234375e+02, 2.955142517089844e+02]
hea5.m_flow=[-5e-01, -5e-01]
hea6.m_flow=[5e-01, 5e-01]
hea7.m_flow=[-4.969788193702698e-01, -4.969788193702698e-01]
hea8.m_flow=[4.969788193702698e-01, 4.969788193702698e-01]
che1.y=[0e+00, -8.502442836761475e-01, -4.928389489650726e-01, -2.002882659435272e-01, -5.649639666080475e-02, 3.604730358347297e-03, 2.676845155656338e-02, 3.524470701813698e-02, 3.825296461582184e-02, 3.927979990839958e-02, 3.963262215256691e-02, 3.976643085479736e-02, 3.98041307926178e-02, 3.980542346835136e-02, 3.981129452586174e-02, 3.982500359416008e-02, 3.983390331268311e-02, 3.983690217137337e-02, 3.983664512634277e-02, 3.983483463525772e-02, 3.983357176184654e-02, 3.98324653506279e-02, 3.983284160494804e-02, 3.983302041888237e-02, 3.983365744352341e-02, 3.983398899435997e-02, 3.983427956700325e-02, 3.983452171087265e-02, 3.983469307422638e-02, 3.983477875590324e-02, 3.983481973409653e-02, 3.98348942399025e-02, 3.983492404222488e-02, 3.983490914106369e-02, 3.983484208583832e-02, 3.983472287654877e-02, 3.983462974429131e-02, 3.983455523848534e-02, 3.983448073267937e-02, 3.983441367745399e-02, 3.983436152338982e-02, 3.983431681990623e-02, 3.983423486351967e-02, 3.98341566324234e-02, 3.983408957719803e-02, 3.983403369784355e-02, 3.983399271965027e-02, 3.983397036790848e-02, 3.983397781848907e-02, 3.983400762081146e-02, 3.983407467603683e-02, 3.983411192893982e-02, 3.983399644494057e-02, 3.983388096094131e-02, 3.983375802636147e-02, 3.983363881707191e-02, 3.983351960778236e-02, 3.983340412378311e-02, 3.983329981565475e-02, 3.983320668339729e-02, 3.983312472701073e-02, 3.983306139707565e-02, 3.983301669359207e-02, 3.983299434185028e-02, 3.983299434185028e-02, 3.983302414417267e-02, 3.983308002352715e-02, 3.983317315578461e-02, 3.983329609036446e-02, 3.983346000313759e-02, 3.9833664894104e-02, 3.9833914488554e-02, 3.98339107632637e-02, 3.983387723565102e-02, 3.983384743332863e-02, 3.983382135629654e-02, 3.983379900455475e-02, 3.983377665281296e-02, 3.983376175165176e-02, 3.983375057578087e-02, 3.983374312520027e-02, 3.983374312520027e-02, 3.983374685049057e-02, 3.983375802636147e-02, 3.983377665281296e-02, 3.983379900455475e-02, 3.983383253216743e-02, 3.983387723565102e-02, 3.98339256644249e-02, 3.983398526906967e-02, 3.983405604958534e-02, 3.983413800597191e-02, 3.9834164083004e-02, 3.983414173126221e-02, 3.983412310481071e-02, 3.983410075306892e-02, 3.983408212661743e-02, 3.983406722545624e-02, 3.983405232429504e-02, 3.983403742313385e-02, 3.983402252197266e-02]
che2.y=[0e+00, 0e+00, 0e+00, 0e+00, 0e+00, 0e+00, 0e+00, 0e+00, 0e+00, 0e+00, 0e+00, 0e+00, 0e+00, 0e+00, 0e+00, 0e+00, 0e+00, 0e+00, 0e+00, 0e+00, 0e+00, 0e+00, 0e+00, 0e+00, 0e+00, 0e+00, 0e+00, 0e+00, 0e+00, 0e+00, 0e+00, 0e+00, 0e+00, 0e+00, 0e+00, 0e+00, 0e+00, 0e+00, 0e+00, 0e+00, 0e+00, 0e+00, 0e+00, 0e+00, 0e+00, 0e+00, 0e+00, 0e+00, 0e+00, 0e+00, 0e+00, 0e+00, 0e+00, 0e+00, 0e+00, 0e+00, 0e+00, 0e+00, 0e+00, 0e+00, 0e+00, 0e+00, 0e+00, 0e+00, 0e+00, 0e+00, 0e+00, 0e+00, 0e+00, 0e+00, 0e+00, 0e+00, 0e+00, 0e+00, 0e+00, 0e+00, 0e+00, 0e+00, 0e+00, 0e+00, 0e+00, 0e+00, 0e+00, 0e+00, 0e+00, 0e+00, 0e+00, 0e+00, 0e+00, 0e+00, 0e+00, 0e+00, 0e+00, 0e+00, 0e+00, 0e+00, 0e+00, 0e+00, 0e+00, 0e+00, 0e+00]
che9.y=[0e+00, 0e+00, 0e+00, 0e+00, 0e+00, 0e+00, 0e+00, 0e+00, 0e+00, 0e+00, 0e+00, 0e+00, 0e+00, 0e+00, 0e+00, 0e+00, 0e+00, 0e+00, 0e+00, 0e+00, 0e+00, 0e+00, 0e+00, 0e+00, 0e+00, 0e+00, 0e+00, 0e+00, 0e+00, 0e+00, 0e+00, 0e+00, 0e+00, 0e+00, 0e+00, 0e+00, 0e+00, 0e+00, 0e+00, 0e+00, 0e+00, 0e+00, 0e+00, 0e+00, 0e+00, 0e+00, 0e+00, 0e+00, 0e+00, 0e+00, 0e+00, 0e+00, 0e+00, 0e+00, 0e+00, 0e+00, 0e+00, 0e+00, 0e+00, 0e+00, 0e+00, 0e+00, 0e+00, 0e+00, 0e+00, 0e+00, 0e+00, 0e+00, 0e+00, 0e+00, 0e+00, 0e+00, 0e+00, 0e+00, 0e+00, 0e+00, 0e+00, 0e+00, 0e+00, 0e+00, 0e+00, 0e+00, 0e+00, 0e+00, 0e+00, 0e+00, 0e+00, 0e+00, 0e+00, 0e+00, 0e+00, 0e+00, 0e+00, 0e+00, 0e+00, 0e+00, 0e+00, 0e+00, 0e+00, 0e+00, 0e+00]
che10.y=[0e+00, -8.565307855606079e-01, -5.002647638320923e-01, -2.051341235637665e-01, -5.886337906122208e-02, 2.747446997091174e-03, 2.66718715429306e-02, 3.549299389123917e-02, 3.864669054746628e-02, 3.973206505179405e-02, 4.010728374123573e-02, 4.024968668818474e-02, 4.029064625501633e-02, 4.02928814291954e-02, 4.029903560876846e-02, 4.031307250261307e-02, 4.032228887081146e-02, 4.032548516988754e-02, 4.032531008124352e-02, 4.032342135906219e-02, 4.032204300165176e-02, 4.032082483172417e-02, 4.032118991017342e-02, 4.032134264707565e-02, 4.032202810049057e-02, 4.032229632139206e-02, 4.032252728939056e-02, 4.032272100448608e-02, 4.032288864254951e-02, 4.032303392887115e-02, 4.032314568758011e-02, 4.032319411635399e-02, 4.032321274280548e-02, 4.032320156693459e-02, 4.03231643140316e-02, 4.032310098409653e-02, 4.032303765416145e-02, 4.032297432422638e-02, 4.03229147195816e-02, 4.032285884022713e-02, 4.032281041145325e-02, 4.032277688384056e-02, 4.032270237803459e-02, 4.032263532280922e-02, 4.032257571816444e-02, 4.032252356410027e-02, 4.032248631119728e-02, 4.032246768474579e-02, 4.032247141003609e-02, 4.032249748706818e-02, 4.032255336642265e-02, 4.032258316874504e-02, 4.032248258590698e-02, 4.032237455248833e-02, 4.032226279377937e-02, 4.032215476036072e-02, 4.032204672694206e-02, 4.032194241881371e-02, 4.032184556126595e-02, 4.032175987958908e-02, 4.032168909907341e-02, 4.032162949442863e-02, 4.032158851623535e-02, 4.032156616449356e-02, 4.032156616449356e-02, 4.032159224152565e-02, 4.032164439558983e-02, 4.032172635197639e-02, 4.032183811068535e-02, 4.032198712229729e-02, 4.032217338681221e-02, 4.032239690423012e-02, 4.032238945364952e-02, 4.032236337661743e-02, 4.032233729958534e-02, 4.032231122255325e-02, 4.032228887081146e-02, 4.032227024435997e-02, 4.032225534319878e-02, 4.032224789261818e-02, 4.032224044203758e-02, 4.032224044203758e-02, 4.032224416732788e-02, 4.032225534319878e-02, 4.032227024435997e-02, 4.032229632139206e-02, 4.032232612371445e-02, 4.032236337661743e-02, 4.032241180539131e-02, 4.032246768474579e-02, 4.032253101468086e-02, 4.032260552048683e-02, 4.032263159751892e-02, 4.032260924577713e-02, 4.032259061932564e-02, 4.032257199287415e-02, 4.032255709171295e-02, 4.032254219055176e-02, 4.032252728939056e-02, 4.032251611351967e-02, 4.032250493764877e-02]
che3.y=[0e+00, 4.65626289951615e-05, 1.226136009790935e-05, 1.855257778515806e-06, -1.302594796470657e-06, -2.259981783936382e-06, -2.550766112108249e-06, -2.63784158960334e-06, -2.664447492861655e-06, -2.671926722541684e-06, -2.674630195542704e-06, -2.675719997569104e-06, -2.675816404007492e-06, -2.67571567746927e-06, -2.675819359865272e-06, -2.676028998394031e-06, -2.676137683010893e-06, -2.676157919268007e-06, -2.676139047252946e-06, -2.676126541700796e-06, -2.6761283606902e-06, -2.676132908163709e-06, -2.676139047252946e-06, -2.676146777957911e-06, -2.676146777957911e-06, -2.676165422599297e-06, -2.676184976735385e-06, -2.676199301276938e-06, -2.676203166629421e-06, -2.676190433703596e-06, -2.67617474491999e-06, -2.676181338756578e-06, -2.676184976735385e-06, -2.676184067240683e-06, -2.676177018656745e-06, -2.676162694115192e-06, -2.676154736036551e-06, -2.676150870684069e-06, -2.676147460078937e-06, -2.676144504221156e-06, -2.676142230484402e-06, -2.676140638868674e-06, -2.676137228263542e-06, -2.676134499779437e-06, -2.676131771295331e-06, -2.676129952305928e-06, -2.676128588063875e-06, -2.676128133316524e-06, -2.676128588063875e-06, -2.676130407053279e-06, -2.676133135537384e-06, -2.676135181900463e-06, -2.676131316547981e-06, -2.676127223821823e-06, -2.676123131095665e-06, -2.676119265743182e-06, -2.676115173017024e-06, -2.676111307664542e-06, -2.67610789705941e-06, -2.676104713827954e-06, -2.676101985343848e-06, -2.676099938980769e-06, -2.676098574738717e-06, -2.67609789261769e-06, -2.67609789261769e-06, -2.676099029486068e-06, -2.676101303222822e-06, -2.676104486454278e-06, -2.676109033927787e-06, -2.676114945643349e-06, -2.676122221600963e-06, -2.67613086180063e-06, -2.67613086180063e-06, -2.676129724932252e-06, -2.676128815437551e-06, -2.676127678569173e-06, -2.676126996448147e-06, -2.676126086953445e-06, -2.676125632206094e-06, -2.676125177458744e-06, -2.676124722711393e-06, -2.676124495337717e-06, -2.676124495337717e-06, -2.676124950085068e-06, -2.676125404832419e-06, -2.676126086953445e-06, -2.676126996448147e-06, -2.676128133316524e-06, -2.676129952305928e-06, -2.676131771295331e-06, -2.67613381765841e-06, -2.67613631876884e-06, -2.676137228263542e-06, -2.67613631876884e-06, -2.676135636647814e-06, -2.676134954526788e-06, -2.676134272405761e-06, -2.676133590284735e-06, -2.676133135537384e-06, -2.676132680790033e-06, -2.676132226042682e-06]
che4.y=[0e+00, -8.565307855606079e-01, -5.002647638320923e-01, -2.051341235637665e-01, -5.886337906122208e-02, 2.747446997091174e-03, 2.66718715429306e-02, 3.549299389123917e-02, 3.864669054746628e-02, 3.973206505179405e-02, 4.010728374123573e-02, 4.024968668818474e-02, 4.029064625501633e-02, 4.02928814291954e-02, 4.029903560876846e-02, 4.031307250261307e-02, 4.032228887081146e-02, 4.032548516988754e-02, 4.032531008124352e-02, 4.032342135906219e-02, 4.032204300165176e-02, 4.032082483172417e-02, 4.032118991017342e-02, 4.032134264707565e-02, 4.032202810049057e-02, 4.032229632139206e-02, 4.032252728939056e-02, 4.032272100448608e-02, 4.032288864254951e-02, 4.032303392887115e-02, 4.032314568758011e-02, 4.032319411635399e-02, 4.032321274280548e-02, 4.032320156693459e-02, 4.03231643140316e-02, 4.032310098409653e-02, 4.032303765416145e-02, 4.032297432422638e-02, 4.03229147195816e-02, 4.032285884022713e-02, 4.032281041145325e-02, 4.032277688384056e-02, 4.032270237803459e-02, 4.032263532280922e-02, 4.032257571816444e-02, 4.032252356410027e-02, 4.032248631119728e-02, 4.032246768474579e-02, 4.032247141003609e-02, 4.032249748706818e-02, 4.032255336642265e-02, 4.032258316874504e-02, 4.032248258590698e-02, 4.032237455248833e-02, 4.032226279377937e-02, 4.032215476036072e-02, 4.032204672694206e-02, 4.032194241881371e-02, 4.032184556126595e-02, 4.032175987958908e-02, 4.032168909907341e-02, 4.032162949442863e-02, 4.032158851623535e-02, 4.032156616449356e-02, 4.032156616449356e-02, 4.032159224152565e-02, 4.032164439558983e-02, 4.032172635197639e-02, 4.032183811068535e-02, 4.032198712229729e-02, 4.032217338681221e-02, 4.032239690423012e-02, 4.032238945364952e-02, 4.032236337661743e-02, 4.032233729958534e-02, 4.032231122255325e-02, 4.032228887081146e-02, 4.032227024435997e-02, 4.032225534319878e-02, 4.032224789261818e-02, 4.032224044203758e-02, 4.032224044203758e-02, 4.032224416732788e-02, 4.032225534319878e-02, 4.032227024435997e-02, 4.032229632139206e-02, 4.032232612371445e-02, 4.032236337661743e-02, 4.032241180539131e-02, 4.032246768474579e-02, 4.032253101468086e-02, 4.032260552048683e-02, 4.032263159751892e-02, 4.032260924577713e-02, 4.032259061932564e-02, 4.032257199287415e-02, 4.032255709171295e-02, 4.032254219055176e-02, 4.032252728939056e-02, 4.032251611351967e-02, 4.032250493764877e-02]
che5.y=[0e+00, 0e+00, 0e+00, 0e+00, 0e+00, 0e+00, 0e+00, 0e+00, 0e+00, 0e+00, 0e+00, 0e+00, 0e+00, 0e+00, 0e+00, 0e+00, 0e+00, 0e+00, 0e+00, 0e+00, 0e+00, 0e+00, 0e+00, 0e+00, 0e+00, 0e+00, 0e+00, 0e+00, 0e+00, 0e+00, 0e+00, 0e+00, 0e+00, 0e+00, 0e+00, 0e+00, 0e+00, 0e+00, 0e+00, 0e+00, 0e+00, 0e+00, 0e+00, 0e+00, 0e+00, 0e+00, 0e+00, 0e+00, 0e+00, 0e+00, 0e+00, 0e+00, 0e+00, 0e+00, 0e+00, 0e+00, 0e+00, 0e+00, 0e+00, 0e+00, 0e+00, 0e+00, 0e+00, 0e+00, 0e+00, 0e+00, 0e+00, 0e+00, 0e+00, 0e+00, 0e+00, 0e+00, 0e+00, 0e+00, 0e+00, 0e+00, 0e+00, 0e+00, 0e+00, 0e+00, 0e+00, 0e+00, 0e+00, 0e+00, 0e+00, 0e+00, 0e+00, 0e+00, 0e+00, 0e+00, 0e+00, 0e+00, 0e+00, 0e+00, 0e+00, 0e+00, 0e+00, 0e+00, 0e+00, 0e+00, 0e+00]
che6.y=[0e+00, 8.502442836761475e-01, 4.928389489650726e-01, 2.002882659435272e-01, 5.649639666080475e-02, -3.604730358347297e-03, -2.676845155656338e-02, -3.524470701813698e-02, -3.825296461582184e-02, -3.927979990839958e-02, -3.963262215256691e-02, -3.976643085479736e-02, -3.98041307926178e-02, -3.980542346835136e-02, -3.981129452586174e-02, -3.982500359416008e-02, -3.983390331268311e-02, -3.983690217137337e-02, -3.983664512634277e-02, -3.983483463525772e-02, -3.983357176184654e-02, -3.98324653506279e-02, -3.983284160494804e-02, -3.983302041888237e-02, -3.983365744352341e-02, -3.983398899435997e-02, -3.983427956700325e-02, -3.983452171087265e-02, -3.983469307422638e-02, -3.983477875590324e-02, -3.983481973409653e-02, -3.98348942399025e-02, -3.983492404222488e-02, -3.983490914106369e-02, -3.983484208583832e-02, -3.983472287654877e-02, -3.983462974429131e-02, -3.983455523848534e-02, -3.983448073267937e-02, -3.983441367745399e-02, -3.983436152338982e-02, -3.983431681990623e-02, -3.983423486351967e-02, -3.98341566324234e-02, -3.983408957719803e-02, -3.983403369784355e-02, -3.983399271965027e-02, -3.983397036790848e-02, -3.983397781848907e-02, -3.983400762081146e-02, -3.983407467603683e-02, -3.983411192893982e-02, -3.983399644494057e-02, -3.983388096094131e-02, -3.983375802636147e-02, -3.983363881707191e-02, -3.983351960778236e-02, -3.983340412378311e-02, -3.983329981565475e-02, -3.983320668339729e-02, -3.983312472701073e-02, -3.983306139707565e-02, -3.983301669359207e-02, -3.983299434185028e-02, -3.983299434185028e-02, -3.983302414417267e-02, -3.983308002352715e-02, -3.983317315578461e-02, -3.983329609036446e-02, -3.983346000313759e-02, -3.9833664894104e-02, -3.9833914488554e-02, -3.98339107632637e-02, -3.983387723565102e-02, -3.983384743332863e-02, -3.983382135629654e-02, -3.983379900455475e-02, -3.983377665281296e-02, -3.983376175165176e-02, -3.983375057578087e-02, -3.983374312520027e-02, -3.983374312520027e-02, -3.983374685049057e-02, -3.983375802636147e-02, -3.983377665281296e-02, -3.983379900455475e-02, -3.983383253216743e-02, -3.983387723565102e-02, -3.98339256644249e-02, -3.983398526906967e-02, -3.983405604958534e-02, -3.983413800597191e-02, -3.9834164083004e-02, -3.983414173126221e-02, -3.983412310481071e-02, -3.983410075306892e-02, -3.983408212661743e-02, -3.983406722545624e-02, -3.983405232429504e-02, -3.983403742313385e-02, -3.983402252197266e-02]
che7.y=[0e+00, -4.65626289951615e-05, -1.226136009790935e-05, -1.855257778515806e-06, 1.302594796470657e-06, 2.259981783936382e-06, 2.550766112108249e-06, 2.63784158960334e-06, 2.664447492861655e-06, 2.671926722541684e-06, 2.674630195542704e-06, 2.675719997569104e-06, 2.675816404007492e-06, 2.67571567746927e-06, 2.675819359865272e-06, 2.676028998394031e-06, 2.676137683010893e-06, 2.676157919268007e-06, 2.676139047252946e-06, 2.676126541700796e-06, 2.6761283606902e-06, 2.676132908163709e-06, 2.676139047252946e-06, 2.676146777957911e-06, 2.676146777957911e-06, 2.676165422599297e-06, 2.676184976735385e-06, 2.676199301276938e-06, 2.676203166629421e-06, 2.676190433703596e-06, 2.67617474491999e-06, 2.676181338756578e-06, 2.676184976735385e-06, 2.676184067240683e-06, 2.676177018656745e-06, 2.676162694115192e-06, 2.676154736036551e-06, 2.676150870684069e-06, 2.676147460078937e-06, 2.676144504221156e-06, 2.676142230484402e-06, 2.676140638868674e-06, 2.676137228263542e-06, 2.676134499779437e-06, 2.676131771295331e-06, 2.676129952305928e-06, 2.676128588063875e-06, 2.676128133316524e-06, 2.676128588063875e-06, 2.676130407053279e-06, 2.676133135537384e-06, 2.676135181900463e-06, 2.676131316547981e-06, 2.676127223821823e-06, 2.676123131095665e-06, 2.676119265743182e-06, 2.676115173017024e-06, 2.676111307664542e-06, 2.67610789705941e-06, 2.676104713827954e-06, 2.676101985343848e-06, 2.676099938980769e-06, 2.676098574738717e-06, 2.67609789261769e-06, 2.67609789261769e-06, 2.676099029486068e-06, 2.676101303222822e-06, 2.676104486454278e-06, 2.676109033927787e-06, 2.676114945643349e-06, 2.676122221600963e-06, 2.67613086180063e-06, 2.67613086180063e-06, 2.676129724932252e-06, 2.676128815437551e-06, 2.676127678569173e-06, 2.676126996448147e-06, 2.676126086953445e-06, 2.676125632206094e-06, 2.676125177458744e-06, 2.676124722711393e-06, 2.676124495337717e-06, 2.676124495337717e-06, 2.676124950085068e-06, 2.676125404832419e-06, 2.676126086953445e-06, 2.676126996448147e-06, 2.676128133316524e-06, 2.676129952305928e-06, 2.676131771295331e-06, 2.67613381765841e-06, 2.67613631876884e-06, 2.676137228263542e-06, 2.67613631876884e-06, 2.676135636647814e-06, 2.676134954526788e-06, 2.676134272405761e-06, 2.676133590284735e-06, 2.676133135537384e-06, 2.676132680790033e-06, 2.676132226042682e-06]
che8.y=[0e+00, 8.565307855606079e-01, 5.002647638320923e-01, 2.051341235637665e-01, 5.886337906122208e-02, -2.747446997091174e-03, -2.66718715429306e-02, -3.549299389123917e-02, -3.864669054746628e-02, -3.973206505179405e-02, -4.010728374123573e-02, -4.024968668818474e-02, -4.029064625501633e-02, -4.02928814291954e-02, -4.029903560876846e-02, -4.031307250261307e-02, -4.032228887081146e-02, -4.032548516988754e-02, -4.032531008124352e-02, -4.032342135906219e-02, -4.032204300165176e-02, -4.032082483172417e-02, -4.032118991017342e-02, -4.032134264707565e-02, -4.032202810049057e-02, -4.032229632139206e-02, -4.032252728939056e-02, -4.032272100448608e-02, -4.032288864254951e-02, -4.032303392887115e-02, -4.032314568758011e-02, -4.032319411635399e-02, -4.032321274280548e-02, -4.032320156693459e-02, -4.03231643140316e-02, -4.032310098409653e-02, -4.032303765416145e-02, -4.032297432422638e-02, -4.03229147195816e-02, -4.032285884022713e-02, -4.032281041145325e-02, -4.032277688384056e-02, -4.032270237803459e-02, -4.032263532280922e-02, -4.032257571816444e-02, -4.032252356410027e-02, -4.032248631119728e-02, -4.032246768474579e-02, -4.032247141003609e-02, -4.032249748706818e-02, -4.032255336642265e-02, -4.032258316874504e-02, -4.032248258590698e-02, -4.032237455248833e-02, -4.032226279377937e-02, -4.032215476036072e-02, -4.032204672694206e-02, -4.032194241881371e-02, -4.032184556126595e-02, -4.032175987958908e-02, -4.032168909907341e-02, -4.032162949442863e-02, -4.032158851623535e-02, -4.032156616449356e-02, -4.032156616449356e-02, -4.032159224152565e-02, -4.032164439558983e-02, -4.032172635197639e-02, -4.032183811068535e-02, -4.032198712229729e-02, -4.032217338681221e-02, -4.032239690423012e-02, -4.032238945364952e-02, -4.032236337661743e-02, -4.032233729958534e-02, -4.032231122255325e-02, -4.032228887081146e-02, -4.032227024435997e-02, -4.032225534319878e-02, -4.032224789261818e-02, -4.032224044203758e-02, -4.032224044203758e-02, -4.032224416732788e-02, -4.032225534319878e-02, -4.032227024435997e-02, -4.032229632139206e-02, -4.032232612371445e-02, -4.032236337661743e-02, -4.032241180539131e-02, -4.032246768474579e-02, -4.032253101468086e-02, -4.032260552048683e-02, -4.032263159751892e-02, -4.032260924577713e-02, -4.032259061932564e-02, -4.032257199287415e-02, -4.032255709171295e-02, -4.032254219055176e-02, -4.032252728939056e-02, -4.032251611351967e-02, -4.032250493764877e-02]
