last-generated=2021-05-11
statistics-simulation=
{
  "linear": " ",
  "nonlinear": " ",
  "number of continuous time states": "2",
  "numerical Jacobians": "0"
}
time=[0e+00, 5e+00]
fouPor.Q1_flow=[0e+00, 0e+00]
fouPor.Q2_flow=[0e+00, 0e+00]
fouPor.vol1.T=[2.931499938964844e+02, 2.921864929338553e+02, 2.912922973891382e+02, 2.9046231088704e+02, 2.896916504352084e+02, 2.889759216308594e+02, 2.883110658277143e+02, 2.876933898221288e+02, 2.871194763847706e+02, 2.865861510013931e+02, 2.860905456542969e+02, 2.856299744718636e+02, 2.852019960477327e+02, 2.848044126604082e+02, 2.844350585095307e+02, 2.84092041015625e+02, 2.837735596439816e+02, 2.834779054102248e+02, 2.832035826386715e+02, 2.829491576568907e+02, 2.827133483886719e+02, 2.824949338832519e+02, 2.822927857379547e+02, 2.821058043583034e+02, 2.819330445930829e+02, 2.817735900878906e+02, 2.816265867806213e+02, 2.814912415174331e+02, 2.813668212326738e+02, 2.812526246169292e+02, 2.811480407714844e+02, 2.81052459630504e+02, 2.809653015536897e+02, 2.808860778452799e+02, 2.808143006028841e+02, 2.807494812011719e+02, 2.806911925748572e+02, 2.806390075921518e+02, 2.805925903114403e+02, 2.805515137089824e+02, 2.805154418945312e+02, 2.804841003144393e+02, 2.804571227561682e+02, 2.804342651774642e+02, 2.804152527022816e+02, 2.803998107910156e+02, 2.803876647851721e+02, 2.80378631577827e+02, 2.803724365330418e+02, 2.803688659692707e+02, 2.803677368164062e+02, 2.803741150033311e+02, 2.80393127492338e+02, 2.804249877225374e+02, 2.804694213395705e+02, 2.805263061523438e+02, 2.805955200925819e+02, 2.806768495340368e+02, 2.807700803795595e+02, 2.80874847307772e+02, 2.809908752441406e+02, 2.811178590139026e+02, 2.812554018854865e+02, 2.81403167435026e+02, 2.815606687913531e+02, 2.817274780273438e+02, 2.819031373794716e+02, 2.820871890810089e+02, 2.822790828802969e+02, 2.824783323268637e+02, 2.826844177246094e+02, 2.828967897565455e+02, 2.831148685860684e+02, 2.833381343360521e+02, 2.835660398200559e+02, 2.837980041503906e+02, 2.840334780094856e+02, 2.842718815613193e+02, 2.84512725369073e+02, 2.847554013793704e+02, 2.849994506835938e+02, 2.85244292278097e+02, 2.854894413856566e+02, 2.857344050507634e+02, 2.85978730177602e+02, 2.86221923828125e+02, 2.864635610926408e+02, 2.867032475246129e+02, 2.869405207897174e+02, 2.871750497163536e+02, 2.87406494140625e+02, 2.876344595848548e+02, 2.878586735188632e+02, 2.880788570051177e+02, 2.882947395826737e+02, 2.885060424804688e+02, 2.8871261518625e+02, 2.889142154665228e+02, 2.89110686885085e+02, 2.893019416350707e+02, 2.894877624511719e+02]
fouPor.vol2.T=[2.931499938964844e+02, 2.926622924875924e+02, 2.92198364271364e+02, 2.917570801296752e+02, 2.913373108155356e+02, 2.9093798828125e+02, 2.905581665926728e+02, 2.901968688547022e+02, 2.898532104893638e+02, 2.895262755591322e+02, 2.892153015136719e+02, 2.889194946980279e+02, 2.886380921725643e+02, 2.883704527569504e+02, 2.881158446676636e+02, 2.878736572265625e+02, 2.87643280083139e+02, 2.874241334032262e+02, 2.872156676282034e+02, 2.870173949736563e+02, 2.868287658691406e+02, 2.866493528613062e+02, 2.864786988102133e+02, 2.863163451397558e+02, 2.861619264138864e+02, 2.860150146484375e+02, 2.858753050464146e+02, 2.857423706676055e+02, 2.856159362207981e+02, 2.854956666163927e+02, 2.853812561035156e+02, 2.852724303192225e+02, 2.85168914843307e+02, 2.850704650422703e+02, 2.849767762106495e+02, 2.848876953125e+02, 2.84802947919612e+02, 2.847223205943301e+02, 2.846456603648839e+02, 2.845726929393423e+02, 2.845033264160156e+02, 2.844373168334131e+02, 2.843745421202037e+02, 2.843148194476963e+02, 2.842579956585833e+02, 2.842039794921875e+02, 2.841525573254621e+02, 2.841036681223776e+02, 2.840571595108486e+02, 2.840129089768744e+02, 2.839708251953125e+02, 2.839307860958506e+02, 2.838927306424593e+02, 2.838565064151772e+02, 2.838220520341129e+02, 2.837892761230469e+02, 2.837580871293903e+02, 2.837284240175504e+02, 2.837002258827561e+02, 2.836734009039355e+02, 2.836478576660156e+02, 2.836235961688508e+02, 2.836004943419829e+02, 2.835785217695521e+02, 2.835576172069996e+02, 2.835377502441406e+02, 2.835188293282408e+02, 2.83500854458718e+02, 2.834837341628736e+02, 2.834674682768527e+02, 2.834519958496094e+02, 2.834372558456962e+02, 2.834232482651132e+02, 2.834099121344043e+02, 2.833972473262402e+02, 2.833851928710938e+02, 2.833737182510959e+02, 2.833627929486684e+02, 2.833524170116871e+02, 2.833425598236208e+02, 2.833331604003906e+02, 2.833242187837596e+02, 2.833157348475655e+02, 2.833076477202118e+02, 2.832999572468695e+02, 2.832926330566406e+02, 2.832856750750209e+02, 2.832790832394388e+02, 2.832727661252135e+02, 2.832667846458504e+02, 2.832610778808594e+02, 2.832556762899035e+02, 2.832505187892241e+02, 2.83245605478063e+02, 2.832409362624171e+02, 2.832365112304688e+02, 2.832322998204032e+02, 2.832282714770992e+02, 2.832244567943852e+02, 2.83220825181925e+02, 2.832173767089844e+02]
sou2.T=[2.831499938964844e+02, 2.831499938964844e+02]
sou1.T_in=[2.731499938964844e+02, 2.732499999985107e+02, 2.733500061005325e+02, 2.734500121950987e+02, 2.735499877870116e+02, 2.736499938964844e+02, 2.737499999761713e+02, 2.7385000611543e+02, 2.739500121950987e+02, 2.740499878168338e+02, 2.741499938964844e+02, 2.742499999761712e+02, 2.743500060557856e+02, 2.744500122546885e+02, 2.745499878168339e+02, 2.746499938964844e+02, 2.747499999761712e+02, 2.748500060557856e+02, 2.749500122546885e+02, 2.750499878168339e+02, 2.751499938964844e+02, 2.752500000953152e+02, 2.753500060557853e+02, 2.754500122546888e+02, 2.755499876976536e+02, 2.756499938964844e+02, 2.757500000953152e+02, 2.758500060557853e+02, 2.759500122546888e+02, 2.760499876976536e+02, 2.761499938964844e+02, 2.762500000953152e+02, 2.763500060557853e+02, 2.764500122546888e+02, 2.765499876976536e+02, 2.766499938964844e+02, 2.767500000953152e+02, 2.768500060557853e+02, 2.769500122546888e+02, 2.770499876976536e+02, 2.771499938964844e+02, 2.772500000953152e+02, 2.773500062941459e+02, 2.7745001201611e+02, 2.775499876976536e+02, 2.776499938964844e+02, 2.777500000953152e+02, 2.778500062941459e+02, 2.7795001201611e+02, 2.780499876976536e+02, 2.781499938964844e+02, 2.782500000953152e+02, 2.783500062941459e+02, 2.7845001201611e+02, 2.785499876976536e+02, 2.786499938964844e+02, 2.787500000953152e+02, 2.788500062941459e+02, 2.7895001201611e+02, 2.790499876976536e+02, 2.791499938964844e+02, 2.792500000953152e+02, 2.793500062941459e+02, 2.7945001201611e+02, 2.795499876976536e+02, 2.796499938964844e+02, 2.797500000953152e+02, 2.798500062941459e+02, 2.7995001201611e+02, 2.800499876976536e+02, 2.801499938964844e+02, 2.802500000953152e+02, 2.803500062941459e+02, 2.8045001201611e+02, 2.805499876976536e+02, 2.806499938964844e+02, 2.807500000953152e+02, 2.808500062941459e+02, 2.8095001201611e+02, 2.810499876976536e+02, 2.811499938964844e+02, 2.812499996187486e+02, 2.813500062941413e+02, 2.814500120161145e+02, 2.815499881748023e+02, 2.816499938964844e+02, 2.817499996187486e+02, 2.818500062941413e+02, 2.819500120161145e+02, 2.820499881748023e+02, 2.821499938964844e+02, 2.822499996187486e+02, 2.823500062941413e+02, 2.824500120161145e+02, 2.825499881748023e+02, 2.826499938964844e+02, 2.827499996187486e+02, 2.828500062941413e+02, 2.829500120161145e+02, 2.830499881748023e+02, 2.831499938964844e+02]
sin.T=[2.931499938964844e+02, 2.931499938964844e+02]
