last-generated=2019-05-08
statistics-simulation=
{
  "linear": " ",
  "nonlinear": " ",
  "numerical Jacobians": "0"
}
FRdp.m_flow=[7.745966911315918e-01, 7.745966911315918e-01, 7.745966911315918e-01, 7.745966911315918e-01, 7.745966911315918e-01, 7.745966911315918e-01, 7.745966911315918e-01, 7.745966911315477e-01, 7.745966911315918e-01, 7.745966911315918e-01, 7.745966911315918e-01, 7.745966911315918e-01, 7.745966911315918e-01, 7.745966911315918e-01, 7.745966911315038e-01, 7.745966911315918e-01, 7.745966911315918e-01, 7.745966911315918e-01, 7.745966911315918e-01, 7.745966911315918e-01, 7.745966911315918e-01, 7.745966911315918e-01, 7.745966911315918e-01, 7.745966911315918e-01, 7.745966911315918e-01, 7.745966911315918e-01, 7.745966911315918e-01, 7.745966911314157e-01, 7.745966911314157e-01, 7.745966911315918e-01, 7.745966911315918e-01, 7.745966911315918e-01, 7.745966911315918e-01, 7.745966911315918e-01, 7.745966911315918e-01, 7.745966911315918e-01, 7.745966911315918e-01, 7.745966911315918e-01, 7.745966911315918e-01, 7.745966911315918e-01, 7.745966911315918e-01, 7.745966911315918e-01, 7.745966911315918e-01, 7.745966911315918e-01, 7.745966911315918e-01, 7.745966911315918e-01, 7.745966911315918e-01, 7.745966911315918e-01, 7.745966911315918e-01, 7.745966911315918e-01, 7.745966911315918e-01, 7.745966911315918e-01, 7.745966911315918e-01, 7.745966911315918e-01, 7.745966911312395e-01, 7.745966911312395e-01, 7.745966911312395e-01, 7.745966911315918e-01, 7.745966911315918e-01, 7.745966911315918e-01, 7.745966911315918e-01, 7.745966911315918e-01, 7.745966911315918e-01, 7.745966911315918e-01, 7.745966911315918e-01, 7.745966911315918e-01, 7.745966911315918e-01, 7.745966911315918e-01, 7.745966911315918e-01, 7.745966911315918e-01, 7.745966911315918e-01, 7.745966911315918e-01, 7.745966911315918e-01, 7.745966911315918e-01, 7.745966911315918e-01, 7.745966911315918e-01, 7.745966911315918e-01, 7.745966911315918e-01, 7.745966911315918e-01, 7.745966911315918e-01, 7.745966911315918e-01, 7.745966911315918e-01, 7.745966911315918e-01, 7.745966911315918e-01, 7.745966911315918e-01, 7.745966911315918e-01, 7.745966911315918e-01, 7.745966911315918e-01, 7.745966911315918e-01, 7.745966911315918e-01, 7.745966911315918e-01, 7.745966911315918e-01, 7.745966911315918e-01, 7.745966911315918e-01, 7.745966911315918e-01, 7.745966911315918e-01, 7.745966911315918e-01, 7.745966911315918e-01, 7.745966911315918e-01, 7.745966911315918e-01, 7.745966911315918e-01]
HR.m_flow=[7.745966911315918e-01, 7.745966911315918e-01, 7.745966911315918e-01, 7.745966911315918e-01, 7.745966911315918e-01, 7.745966911315918e-01, 7.745966911315918e-01, 7.745966911315477e-01, 7.745966911315918e-01, 7.745966911315918e-01, 7.745966911315918e-01, 7.745966911315918e-01, 7.745966911315918e-01, 7.745966911315918e-01, 7.745966911315038e-01, 7.745966911315918e-01, 7.745966911315918e-01, 7.745966911315918e-01, 7.745966911315918e-01, 7.745966911315918e-01, 7.745966911315918e-01, 7.745966911315918e-01, 7.745966911315918e-01, 7.745966911315918e-01, 7.745966911315918e-01, 7.745966911315918e-01, 7.745966911315918e-01, 7.745966911314157e-01, 7.745966911314157e-01, 7.745966911315918e-01, 7.745966911315918e-01, 7.745966911315918e-01, 7.745966911315918e-01, 7.745966911315918e-01, 7.745966911315918e-01, 7.745966911315918e-01, 7.745966911315918e-01, 7.745966911315918e-01, 7.745966911315918e-01, 7.745966911315918e-01, 7.745966911315918e-01, 7.745966911315918e-01, 7.745966911315918e-01, 7.745966911315918e-01, 7.745966911315918e-01, 7.745966911315918e-01, 7.745966911315918e-01, 7.745966911315918e-01, 7.745966911315918e-01, 7.745966911315918e-01, 7.745966911315918e-01, 7.745966911315918e-01, 7.745966911315918e-01, 7.745966911315918e-01, 7.745966911312395e-01, 7.745966911312395e-01, 7.745966911312395e-01, 7.745966911315918e-01, 7.745966911315918e-01, 7.745966911315918e-01, 7.745966911315918e-01, 7.745966911315918e-01, 7.745966911315918e-01, 7.745966911315918e-01, 7.745966911315918e-01, 7.745966911315918e-01, 7.745966911315918e-01, 7.745966911315918e-01, 7.745966911315918e-01, 7.745966911315918e-01, 7.745966911315918e-01, 7.745966911315918e-01, 7.745966911315918e-01, 7.745966911315918e-01, 7.745966911315918e-01, 7.745966911315918e-01, 7.745966911315918e-01, 7.745966911315918e-01, 7.745966911315918e-01, 7.745966911315918e-01, 7.745966911315918e-01, 7.745966911315918e-01, 7.745966911315918e-01, 7.745966911315918e-01, 7.745966911315918e-01, 7.745966911315918e-01, 7.745966911315918e-01, 7.745966911315918e-01, 7.745966911315918e-01, 7.745966911315918e-01, 7.745966911315918e-01, 7.745966911315918e-01, 7.745966911315918e-01, 7.745966911315918e-01, 7.745966911315918e-01, 7.745966911315918e-01, 7.745966911315918e-01, 7.745966911315918e-01, 7.745966911315918e-01, 7.745966911315918e-01, 7.745966911315918e-01]
time=[0e+00, 3.6e+03]
