last-generated=2021-05-06
statistics-simulation=
{
  "linear": " ",
  "nonlinear": " ",
  "number of continuous time states": "18",
  "numerical Jacobians": "0"
}
time=[0e+00, 3.6e+03]
oriWesTop.port_a.m_flow=[5.965141952037811e-02, 2.931209048256278e-03, 2.567500108852983e-03, 2.241515088826418e-03, 1.961435424163938e-03, 1.716318307444453e-03, 1.514210365712643e-03, 1.328475307673216e-03, 1.177936210297048e-03, 1.046612160280347e-03, 9.337655501440167e-04, 8.303934009745717e-04, 7.389789680019021e-04, 6.56387594062835e-04, 5.814636242575942e-04, 5.100042326375842e-04, 4.45108424173668e-04, 3.845506871584803e-04, 3.264844126533717e-04, 2.710084081627429e-04, 2.173330867663026e-04, 1.654064981266856e-04, 1.15783819637727e-04, 6.587235111510381e-05, 1.714222526061349e-05, -3.154395744786598e-05, -7.958040077937767e-05, -1.277100673178212e-04, -1.744225010043011e-04, -2.198093134211376e-04, -2.636017452459782e-04, -3.055785491596907e-04, -3.455589758232236e-04, -3.834025992546231e-04, -4.190120962448418e-04, -4.523330135270953e-04, -4.833492857869714e-04, -5.12080907355994e-04, -5.385766853578389e-04, -5.629084189422429e-04, -5.851665046066046e-04, -6.054554251022637e-04, -6.238871137611568e-04, -6.405788008123636e-04, -6.55649637337774e-04, -6.692174356430769e-04, -6.813979707658291e-04, -6.922958418726921e-04, -7.020144839771092e-04, -7.106715929694474e-04, -7.183795096352696e-04, -7.252081413753331e-04, -7.312545203603804e-04, -7.365861092694104e-04, -7.412703125737607e-04, -7.453716825693846e-04, -7.489460404030979e-04, -7.5204495806247e-04, -7.547169225290418e-04, -7.570042507722974e-04, -7.589483866468072e-04, -7.605841383337975e-04, -7.619448006153107e-04, -7.630587206222117e-04, -7.639534305781126e-04, -7.646514568477869e-04, -7.651746273040771e-04, -7.655409281142056e-04, -7.657675887458026e-04, -7.658696267753839e-04, -7.658601389266551e-04, -7.657515234313905e-04, -7.655539666302502e-04, -7.652778294868767e-04, -7.649310864508152e-04, -7.645220612175763e-04, -7.640569820068777e-04, -7.635426591150463e-04, -7.629841566085815e-04, -7.623867131769657e-04, -7.617545197717845e-04, -7.610915345139802e-04, -7.604013080708683e-04, -7.596869836561382e-04, -7.589517044834793e-04, -7.581977406516671e-04, -7.57426954805851e-04, -7.56641908083111e-04, -7.558439974673092e-04, -7.550341542810202e-04, -7.542136590927839e-04, -7.533852476626635e-04, -7.52549443859607e-04, -7.517074118368328e-04, -7.508593844249845e-04, -7.500056526623666e-04, -7.491468568332493e-04, -7.482832297682762e-04, -7.474173326045275e-04, -7.465493399649858e-04, -7.456805906258523e-04]
oriEasTop.port_a.m_flow=[-5.950168892741203e-02, 2.931499620899558e-03, 2.567677060142159e-03, 2.238907618448138e-03, 1.947490964084864e-03, 1.705275964923203e-03, 1.494316733442247e-03, 1.328644691966474e-03, 1.177579630166292e-03, 1.047273748554289e-03, 9.305321145802736e-04, 8.301997440867126e-04, 7.388779777102172e-04, 6.558640743605793e-04, 5.792592419311403e-04, 5.108043551445007e-04, 4.453330184333026e-04, 3.834085073322058e-04, 3.254653420299292e-04, 2.701907069422305e-04, 2.173449465772137e-04, 1.660872803768143e-04, 1.150605603470467e-04, 6.612772995140404e-05, 1.706991133687552e-05, -3.164018926327117e-05, -8.043419802561402e-05, -1.277586561627687e-04, -1.74471366335638e-04, -2.198584552388638e-04, -2.636512799654156e-04, -3.056285204365849e-04, -3.456094418652356e-04, -3.834536182694137e-04, -4.190636973362416e-04, -4.523852257989347e-04, -4.834021092392504e-04, -5.121343419887125e-04, -5.386306438595057e-04, -5.629629595205188e-04, -5.852215690538287e-04, -6.055110134184361e-04, -6.239431677386165e-04, -6.406352622434497e-04, -6.557065062224865e-04, -6.692746537737548e-04, -6.814554799348116e-04, -6.923536420799792e-04, -7.020725170150399e-04, -7.107299170456827e-04, -7.184379501268268e-04, -7.252667564898729e-04, -7.31313310097903e-04, -7.366450154222548e-04, -7.413292187266052e-04, -7.454306469298899e-04, -7.490050629712641e-04, -7.521040388382971e-04, -7.547760615125299e-04, -7.570633315481246e-04, -7.590073510073125e-04, -7.606431026943028e-04, -7.620037067681551e-04, -7.631175685673952e-04, -7.640121621079743e-04, -7.647101301699877e-04, -7.65233242418617e-04, -7.655994850210845e-04, -7.658260292373598e-04, -7.659279508516192e-04, -7.659183465875685e-04, -7.658096728846431e-04, -7.656119996681809e-04, -7.653357461094856e-04, -7.649888866581023e-04, -7.645796868018806e-04, -7.641144911758602e-04, -7.636000518687069e-04, -7.630414329469204e-04, -7.624438730999827e-04, -7.618115632794797e-04, -7.611484033986926e-04, -7.604580605402589e-04, -7.59743619710207e-04, -7.590082241222262e-04, -7.582541438750923e-04, -7.574832416139543e-04, -7.566980784758925e-04, -7.55899993237108e-04, -7.550900336354971e-04, -7.54269422031939e-04, -7.534408359788358e-04, -7.526049157604575e-04, -7.517628255300224e-04, -7.509146817028522e-04, -7.500608335249126e-04, -7.492018630728126e-04, -7.483380613848567e-04, -7.474719895981252e-04, -7.466038805432618e-04, -7.457350147888064e-04]
oriOutTop.port_a.m_flow=[7.80478585511446e-03, 7.659833412617445e-03, 7.559522520750761e-03, 7.486270274966955e-03, 7.430506404489279e-03, 7.386013399809599e-03, 7.350265979766846e-03, 7.319797296077013e-03, 7.29357497766614e-03, 7.2704185731709e-03, 7.249589543789625e-03, 7.230672519654036e-03, 7.213211618363857e-03, 7.196912076324224e-03, 7.181570865213871e-03, 7.167038973420858e-03, 7.153107784688473e-03, 7.139733992516994e-03, 7.126790471374989e-03, 7.114208769053221e-03, 7.101921364665031e-03, 7.08986259996891e-03, 7.077985908836126e-03, 7.066250313073397e-03, 7.054604589939117e-03, 7.043000310659409e-03, 7.03141838312149e-03, 7.01992167159915e-03, 7.008529268205166e-03, 6.997284013777971e-03, 6.98621803894639e-03, 6.975358352065086e-03, 6.964728236198425e-03, 6.954345386475325e-03, 6.944223772734404e-03, 6.934372242540121e-03, 6.924794986844063e-03, 6.915492471307516e-03, 6.906460970640182e-03, 6.897693499922752e-03, 6.889182142913342e-03, 6.880915258079767e-03, 6.872881203889847e-03, 6.865066941827536e-03, 6.857459433376789e-03, 6.850045174360275e-03, 6.84281112626195e-03, 6.835744716227055e-03, 6.828834302723408e-03, 6.822064984589815e-03, 6.815423723310232e-03, 6.808902136981487e-03, 6.802488584071398e-03, 6.796174682676792e-03, 6.789951585233212e-03, 6.783811841160059e-03, 6.777748931199312e-03, 6.771755870431662e-03, 6.765826605260372e-03, 6.759956013411283e-03, 6.754138506948948e-03, 6.748370360583067e-03, 6.742646917700768e-03, 6.736964453011751e-03, 6.731320172548294e-03, 6.72570988535881e-03, 6.720132194459438e-03, 6.714583840221167e-03, 6.709062959998846e-03, 6.703567691147327e-03, 6.698096171021461e-03, 6.692646536976099e-03, 6.687218323349953e-03, 6.681809201836586e-03, 6.676418706774712e-03, 6.671045441180468e-03, 6.665688939392567e-03, 6.660347804427147e-03, 6.655021570622921e-03, 6.649709772318602e-03, 6.644411943852901e-03, 6.639126688241959e-03, 6.63385447114706e-03, 6.628594361245632e-03, 6.623346358537674e-03, 6.618109531700611e-03, 6.612883880734444e-03, 6.607669405639172e-03, 6.60246517509222e-03, 6.597271654754877e-03, 6.592088844627142e-03, 6.586915347725153e-03, 6.581752095371485e-03, 6.57659862190485e-03, 6.571454461663961e-03, 6.566320080310106e-03, 6.561195477843285e-03, 6.556079722940922e-03, 6.550973281264305e-03, 6.545875687152147e-03, 6.540787406265736e-03]
oriOutBot.port_a.m_flow=[-7.80478585511446e-03, -7.660309318453074e-03, -7.5598219409585e-03, -7.486504502594471e-03, -7.430664263665676e-03, -7.38686416298151e-03, -7.35035166144371e-03, -7.319939788430929e-03, -7.29359220713377e-03, -7.270400412380695e-03, -7.249637041240931e-03, -7.230669725686312e-03, -7.213182281702757e-03, -7.196890655905008e-03, -7.181555964052677e-03, -7.166978437453508e-03, -7.153086829930544e-03, -7.139700464904308e-03, -7.126758340746164e-03, -7.114171981811523e-03, -7.101874332875013e-03, -7.089818362146616e-03, -7.077947724610567e-03, -7.066210731863976e-03, -7.054564543068409e-03, -7.042961195111275e-03, -7.031391374766827e-03, -7.019881624728441e-03, -7.00848875567317e-03, -6.997243035584688e-03, -6.98617659509182e-03, -6.975315976887941e-03, -6.964684929698706e-03, -6.954300682991743e-03, -6.944178137928247e-03, -6.93432567641139e-03, -6.924747955054045e-03, -6.915444042533636e-03, -6.906411610543728e-03, -6.897643208503723e-03, -6.889130920171738e-03, -6.880863104015589e-03, -6.872828118503094e-03, -6.865013390779495e-03, -6.857405416667461e-03, -6.84999069198966e-03, -6.84275571256876e-03, -6.835688836872578e-03, -6.828777492046356e-03, -6.822008173912764e-03, -6.815366912633181e-03, -6.808844860643148e-03, -6.802430842071772e-03, -6.796116475015879e-03, -6.789893377572298e-03, -6.783753633499146e-03, -6.777690723538399e-03, -6.771697197109461e-03, -6.765767931938171e-03, -6.759897340089083e-03, -6.754079833626747e-03, -6.748311687260866e-03, -6.742588244378567e-03, -6.73690577968955e-03, -6.731261499226093e-03, -6.725651677697897e-03, -6.720073521137238e-03, -6.714525166898966e-03, -6.709004752337933e-03, -6.703509483486414e-03, -6.698037963360548e-03, -6.692588794976473e-03, -6.687160115689039e-03, -6.68175145983696e-03, -6.676360964775085e-03, -6.670987699180841e-03, -6.665631197392941e-03, -6.660290528088808e-03, -6.654964294284582e-03, -6.649652495980263e-03, -6.644354667514563e-03, -6.639069877564907e-03, -6.633797660470009e-03, -6.628537550568581e-03, -6.623289547860622e-03, -6.61805272102356e-03, -6.612827535718679e-03, -6.607613060623407e-03, -6.602409295737743e-03, -6.5972157754004e-03, -6.592032965272665e-03, -6.586859934031963e-03, -6.581696681678295e-03, -6.57654320821166e-03, -6.571399047970772e-03, -6.566264666616917e-03, -6.561140064150095e-03, -6.556024774909019e-03, -6.550918333232403e-03, -6.545821204781532e-03, -6.540732458233833e-03]
dooOpeClo.port_a1.m_flow=[4.811525940895081e-01, 2.482126355171204e-01, 2.103877514600754e-01, 1.794164180755615e-01, 1.541901081800461e-01, 1.336172521114349e-01, 1.166799291968346e-01, 1.025495752692222e-01, 9.058962762355804e-02, 8.031658828258514e-02, 7.137127965688705e-02, 6.347399204969406e-02, 5.640988796949387e-02, 5.000117793679237e-02, 4.412799328565597e-02, 3.870000317692757e-02, 3.365007415413857e-02, 2.891950868070126e-02, 2.445774525403976e-02, 2.022078633308411e-02, 1.611590944230556e-02, 1.208043657243252e-02, 8.055843412876129e-03, 3.806855995208025e-03, 3.211531438864768e-04, 1.011708751320839e-03, 4.983385559171438e-03, 8.929057978093636e-03, 1.25923426821828e-02, 1.60969253629446e-02, 1.943330094218254e-02, 2.260388061404228e-02, 2.56347618997097e-02, 2.851444482803345e-02, 3.12320664525032e-02, 3.378061950206757e-02, 3.615664690732956e-02, 3.836001455783844e-02, 4.039329290390015e-02, 4.226121678948402e-02, 4.397024586796761e-02, 4.552813991904259e-02, 4.694338142871857e-02, 4.822494089603424e-02, 4.938199371099472e-02, 5.042362958192825e-02, 5.135878920555115e-02, 5.219554901123047e-02, 5.294189974665642e-02, 5.360689759254456e-02, 5.419917777180672e-02, 5.472412332892418e-02, 5.518918856978416e-02, 5.559954419732094e-02, 5.596036091446877e-02, 5.627657845616341e-02, 5.655248090624809e-02, 5.67920096218586e-02, 5.699887871742249e-02, 5.717632919549942e-02, 5.73275201022625e-02, 5.745512247085571e-02, 5.756167694926262e-02, 5.764934793114662e-02, 5.772024765610695e-02, 5.777609720826149e-02, 5.781855806708336e-02, 5.784901604056358e-02, 5.786878243088722e-02, 5.78790046274662e-02, 5.788068100810051e-02, 5.787476897239685e-02, 5.786203965544701e-02, 5.784329026937485e-02, 5.781912803649902e-02, 5.779018253087997e-02, 5.77569417655468e-02, 5.771992355585098e-02, 5.767951533198357e-02, 5.763611197471619e-02, 5.759003758430481e-02, 5.754159390926361e-02, 5.749105662107468e-02, 5.743866413831711e-02, 5.738465487957001e-02, 5.73292002081871e-02, 5.727245286107063e-02, 5.721459910273552e-02, 5.715574696660042e-02, 5.70959746837616e-02, 5.703537538647652e-02, 5.697415769100189e-02, 5.691235885024071e-02, 5.685006827116013e-02, 5.678730830550194e-02, 5.672410503029823e-02, 5.666050314903259e-02, 5.659652873873711e-02, 5.65323568880558e-02, 5.646801739931107e-02, 5.640359967947006e-02]
dooOpeClo.port_a2.m_flow=[1.375604569911957e-01, 2.452816069126129e-01, 2.078203558921814e-01, 1.771739572286606e-01, 1.52233213186264e-01, 1.319034546613693e-01, 1.151739656925201e-01, 1.012208610773086e-01, 8.941147476434708e-02, 7.927048206329346e-02, 7.043585926294327e-02, 6.264352053403854e-02, 5.567091330885887e-02, 4.934467747807503e-02, 4.354595392942428e-02, 3.819022700190544e-02, 3.320502862334251e-02, 2.853474579751492e-02, 2.413108758628368e-02, 1.99496503919363e-02, 1.589860208332539e-02, 1.191516499966383e-02, 7.939956150949001e-03, 3.741045016795397e-03, 3.040155570488423e-04, 1.043252879753709e-03, 5.062842275947332e-03, 9.056776762008679e-03, 1.276677288115026e-02, 1.631674356758595e-02, 1.969691179692745e-02, 2.290946617722511e-02, 2.598032727837563e-02, 2.88978535681963e-02, 3.16510833799839e-02, 3.423295915126801e-02, 3.663999959826469e-02, 3.887210041284561e-02, 4.093186929821968e-02, 4.282412305474281e-02, 4.45554107427597e-02, 4.613359272480011e-02, 4.756726697087288e-02, 4.886551946401596e-02, 5.003764107823372e-02, 5.109284445643425e-02, 5.204017832875252e-02, 5.288783460855484e-02, 5.364390835165977e-02, 5.431756749749184e-02, 5.491755530238152e-02, 5.544934049248695e-02, 5.592045187950134e-02, 5.633613839745522e-02, 5.670163407921791e-02, 5.702195316553116e-02, 5.730144307017326e-02, 5.754408240318298e-02, 5.775362253189087e-02, 5.793334916234016e-02, 5.808647722005844e-02, 5.821571499109268e-02, 5.832362547516823e-02, 5.841241404414177e-02, 5.848420783877373e-02, 5.854075402021408e-02, 5.858374014496803e-02, 5.861456319689751e-02, 5.863455682992935e-02, 5.864487960934639e-02, 5.86465485394001e-02, 5.864052847027779e-02, 5.862760171294212e-02, 5.860857293009758e-02, 5.8584064245224e-02, 5.855470895767212e-02, 5.852100253105164e-02, 5.848347023129463e-02, 5.844250321388245e-02, 5.839850008487701e-02, 5.83517923951149e-02, 5.830268561840057e-02, 5.825145915150642e-02, 5.819835141301155e-02, 5.814360827207565e-02, 5.808740481734276e-02, 5.802988633513451e-02, 5.797125026583672e-02, 5.791160091757774e-02, 5.785101279616356e-02, 5.778958648443222e-02, 5.772753804922104e-02, 5.76649084687233e-02, 5.760179087519646e-02, 5.753819644451141e-02, 5.747414007782936e-02, 5.740966647863388e-02, 5.734479799866676e-02, 5.727974697947502e-02, 5.721453577280045e-02, 5.714927241206169e-02]
volWes.T=[2.951499938964844e+02, 2.954822692871094e+02, 2.957003784179688e+02, 2.958483581542969e+02, 2.959521789550781e+02, 2.96027099609375e+02, 2.960824584960938e+02, 2.961241455078125e+02, 2.961559753417969e+02, 2.961805419921875e+02, 2.961996154785156e+02, 2.962145080566406e+02, 2.9622607421875e+02, 2.962350769042969e+02, 2.962420043945312e+02, 2.962472534179688e+02, 2.962511901855469e+02, 2.962540283203125e+02, 2.962560424804688e+02, 2.962573852539062e+02, 2.962582092285156e+02, 2.962586364746094e+02, 2.962588195800781e+02, 2.962588195800781e+02, 2.962587890625e+02, 2.962587890625e+02, 2.962587280273438e+02, 2.962585144042969e+02, 2.962580871582031e+02, 2.962572937011719e+02, 2.96256103515625e+02, 2.962544555664062e+02, 2.962522888183594e+02, 2.962496032714844e+02, 2.962462768554688e+02, 2.962424011230469e+02, 2.962378845214844e+02, 2.962327575683594e+02, 2.9622705078125e+02, 2.962207946777344e+02, 2.962139587402344e+02, 2.962066040039062e+02, 2.9619873046875e+02, 2.961904296875e+02, 2.961816711425781e+02, 2.961725463867188e+02, 2.961630249023438e+02, 2.961531982421875e+02, 2.961430358886719e+02, 2.961325988769531e+02, 2.961219482421875e+02, 2.961110534667969e+02, 2.960999450683594e+02, 2.960886840820312e+02, 2.960772705078125e+02, 2.960657348632812e+02, 2.960540466308594e+02, 2.960422668457031e+02, 2.960303955078125e+02, 2.960184326171875e+02, 2.960064086914062e+02, 2.959943542480469e+02, 2.959822082519531e+02, 2.959700622558594e+02, 2.959578552246094e+02, 2.959456176757812e+02, 2.959333801269531e+02, 2.959211120605469e+02, 2.959088439941406e+02, 2.958965759277344e+02, 2.958843078613281e+02, 2.958720397949219e+02, 2.958597717285156e+02, 2.958475036621094e+02, 2.958352661132812e+02, 2.958230285644531e+02, 2.958108215332031e+02, 2.957986145019531e+02, 2.957864379882812e+02, 2.957742614746094e+02, 2.957621154785156e+02, 2.9575e+02, 2.957379150390625e+02, 2.95725830078125e+02, 2.957137756347656e+02, 2.957017517089844e+02, 2.956897277832031e+02, 2.956777648925781e+02, 2.956658020019531e+02, 2.956539001464844e+02, 2.956419982910156e+02, 2.95630126953125e+02, 2.956182861328125e+02, 2.956064453125e+02, 2.955946655273438e+02, 2.955829162597656e+02, 2.955711669921875e+02, 2.955594787597656e+02, 2.955477905273438e+02, 2.955361328125e+02, 2.955245056152344e+02]
volEas.T=[2.981499938964844e+02, 2.977703247070312e+02, 2.975116577148438e+02, 2.973252868652344e+02, 2.971847534179688e+02, 2.970744018554688e+02, 2.96984619140625e+02, 2.969093933105469e+02, 2.968446960449219e+02, 2.967878723144531e+02, 2.96737060546875e+02, 2.9669091796875e+02, 2.966484680175781e+02, 2.966089782714844e+02, 2.965719299316406e+02, 2.965368347167969e+02, 2.965033569335938e+02, 2.964712219238281e+02, 2.964402160644531e+02, 2.964101257324219e+02, 2.963807983398438e+02, 2.963520812988281e+02, 2.963238525390625e+02, 2.962959899902344e+02, 2.962684326171875e+02, 2.962409973144531e+02, 2.962136535644531e+02, 2.961865539550781e+02, 2.961597900390625e+02, 2.961333923339844e+02, 2.961074523925781e+02, 2.960820617675781e+02, 2.960572204589844e+02, 2.960330200195312e+02, 2.960094604492188e+02, 2.95986572265625e+02, 2.9596435546875e+02, 2.959428100585938e+02, 2.959219055175781e+02, 2.959016723632812e+02, 2.958820495605469e+02, 2.958630065917969e+02, 2.958445129394531e+02, 2.958265686035156e+02, 2.958091125488281e+02, 2.957921142578125e+02, 2.957755432128906e+02, 2.957593994140625e+02, 2.957436218261719e+02, 2.957281494140625e+02, 2.957130432128906e+02, 2.956981811523438e+02, 2.9568359375e+02, 2.956692504882812e+02, 2.956551208496094e+02, 2.956412048339844e+02, 2.956274719238281e+02, 2.956139221191406e+02, 2.956005249023438e+02, 2.955872497558594e+02, 2.955741271972656e+02, 2.955611267089844e+02, 2.955482482910156e+02, 2.955354614257812e+02, 2.955227661132812e+02, 2.955101623535156e+02, 2.954976501464844e+02, 2.954852294921875e+02, 2.954728698730469e+02, 2.954605712890625e+02, 2.954483337402344e+02, 2.954361572265625e+02, 2.954240417480469e+02, 2.954119873046875e+02, 2.953999938964844e+02, 2.953880310058594e+02, 2.953761291503906e+02, 2.953642578125e+02, 2.953524169921875e+02, 2.953406372070312e+02, 2.953289184570312e+02, 2.953171997070312e+02, 2.953055419921875e+02, 2.952939147949219e+02, 2.952823486328125e+02, 2.952707824707031e+02, 2.9525927734375e+02, 2.952477722167969e+02, 2.95236328125e+02, 2.952249145507812e+02, 2.952135314941406e+02, 2.952021789550781e+02, 2.951908569335938e+02, 2.951795654296875e+02, 2.951683044433594e+02, 2.951570739746094e+02, 2.951458740234375e+02, 2.951347045898438e+02, 2.951235656738281e+02, 2.951124572753906e+02, 2.951013793945312e+02]
volTop.T=[2.931499938964844e+02, 2.931228942871094e+02, 2.931243896484375e+02, 2.931256103515625e+02, 2.931266479492188e+02, 2.931275329589844e+02, 2.931282958984375e+02, 2.931289367675781e+02, 2.931295166015625e+02, 2.931300048828125e+02, 2.931304321289062e+02, 2.931307983398438e+02, 2.931311340332031e+02, 2.931314392089844e+02, 2.931316833496094e+02, 2.931318969726562e+02, 2.931321105957031e+02, 2.931322631835938e+02, 2.931324157714844e+02, 2.931325378417969e+02, 2.931326293945312e+02, 2.931326904296875e+02, 2.931327514648438e+02, 2.931327819824219e+02, 2.931328125e+02, 2.931328125e+02, 2.931328125e+02, 2.931328735351562e+02, 2.931329040527344e+02, 2.931329956054688e+02, 2.931330871582031e+02, 2.931331787109375e+02, 2.9313330078125e+02, 2.931334533691406e+02, 2.931336059570312e+02, 2.931337585449219e+02, 2.931339416503906e+02, 2.931341247558594e+02, 2.931343078613281e+02, 2.93134521484375e+02, 2.931347351074219e+02, 2.931349487304688e+02, 2.931351623535156e+02, 2.931354064941406e+02, 2.931356506347656e+02, 2.931358947753906e+02, 2.931361389160156e+02, 2.931363830566406e+02, 2.931366271972656e+02, 2.931368713378906e+02, 2.931371459960938e+02, 2.931373901367188e+02, 2.931376647949219e+02, 2.931379089355469e+02, 2.9313818359375e+02, 2.93138427734375e+02, 2.931387023925781e+02, 2.931389465332031e+02, 2.931392211914062e+02, 2.931394653320312e+02, 2.931397399902344e+02, 2.931400146484375e+02, 2.931402587890625e+02, 2.931405334472656e+02, 2.931407775878906e+02, 2.931410217285156e+02, 2.931412963867188e+02, 2.931415405273438e+02, 2.931418151855469e+02, 2.931420593261719e+02, 2.931423034667969e+02, 2.931425476074219e+02, 2.931427917480469e+02, 2.9314306640625e+02, 2.93143310546875e+02, 2.931435546875e+02, 2.93143798828125e+02, 2.9314404296875e+02, 2.93144287109375e+02, 2.9314453125e+02, 2.931447448730469e+02, 2.931449890136719e+02, 2.931452331542969e+02, 2.931454772949219e+02, 2.931456909179688e+02, 2.931459350585938e+02, 2.931461791992188e+02, 2.931463928222656e+02, 2.931466369628906e+02, 2.931468505859375e+02, 2.931470947265625e+02, 2.931473083496094e+02, 2.931475219726562e+02, 2.931477355957031e+02, 2.931479797363281e+02, 2.93148193359375e+02, 2.931484069824219e+02, 2.931486206054688e+02, 2.931488342285156e+02, 2.931490478515625e+02, 2.931492614746094e+02]
volOut.T=[2.881499938964844e+02, 2.881499938964844e+02, 2.881499938964844e+02, 2.881499938964844e+02, 2.881499938964844e+02, 2.881499938964844e+02, 2.881499938964844e+02, 2.881499938964844e+02, 2.881499938964844e+02, 2.881499938964844e+02, 2.881499938964844e+02, 2.881499938964844e+02, 2.881499938964844e+02, 2.881499938964844e+02, 2.881499938964844e+02, 2.881499938964844e+02, 2.881499938964844e+02, 2.881499938964844e+02, 2.881499938964844e+02, 2.881499938964844e+02, 2.881499938964844e+02, 2.881499938964844e+02, 2.881499938964844e+02, 2.881499938964844e+02, 2.881499938964844e+02, 2.881499938964844e+02, 2.881499938964844e+02, 2.881499938964844e+02, 2.881499938964844e+02, 2.881499938964844e+02, 2.881499938964844e+02, 2.881499938964844e+02, 2.881499938964844e+02, 2.881499938964844e+02, 2.881499938964844e+02, 2.881499938964844e+02, 2.881499938964844e+02, 2.881499938964844e+02, 2.881499938964844e+02, 2.881499938964844e+02, 2.881499938964844e+02, 2.881499938964844e+02, 2.881499938964844e+02, 2.881499938964844e+02, 2.881499938964844e+02, 2.881499938964844e+02, 2.881499938964844e+02, 2.881499938964844e+02, 2.881499938964844e+02, 2.881499938964844e+02, 2.881499938964844e+02, 2.881499938964844e+02, 2.881499938964844e+02, 2.881499938964844e+02, 2.881499938964844e+02, 2.881499938964844e+02, 2.881499938964844e+02, 2.881499938964844e+02, 2.881499938964844e+02, 2.881499938964844e+02, 2.881499938964844e+02, 2.881499938964844e+02, 2.881499938964844e+02, 2.881499938964844e+02, 2.881499938964844e+02, 2.881499938964844e+02, 2.881499938964844e+02, 2.881499938964844e+02, 2.881499938964844e+02, 2.881499938964844e+02, 2.881499938964844e+02, 2.881499938964844e+02, 2.881499938964844e+02, 2.881499938964844e+02, 2.881499938964844e+02, 2.881499938964844e+02, 2.881499938964844e+02, 2.881499938964844e+02, 2.881499938964844e+02, 2.881499938964844e+02, 2.881499938964844e+02, 2.881499938964844e+02, 2.881499938964844e+02, 2.881499938964844e+02, 2.881499938964844e+02, 2.881499938964844e+02, 2.881499938964844e+02, 2.881499938964844e+02, 2.881499938964844e+02, 2.881499938964844e+02, 2.881499938964844e+02, 2.881499938964844e+02, 2.881499938964844e+02, 2.881499938964844e+02, 2.881499938964844e+02, 2.881499938964844e+02, 2.881499938964844e+02, 2.881499938964844e+02, 2.881499938964844e+02, 2.881499938964844e+02, 2.881499938964844e+02]
oriWesTop.dp=[3.509163665771484e+01, 8.493098616600037e-02, 6.722497195005417e-02, 5.485899746417999e-02, 4.595158994197845e-02, 3.901886567473412e-02, 3.373675420880318e-02, 2.914505824446678e-02, 2.557002007961273e-02, 2.253894880414009e-02, 1.998917944729328e-02, 1.769140176475048e-02, 1.568544469773769e-02, 1.389128528535366e-02, 1.227668020874262e-02, 1.074675098061562e-02, 9.364691562950611e-03, 8.080457337200642e-03, 6.853277329355478e-03, 5.684093106538057e-03, 4.555355757474899e-03, 3.465258283540606e-03, 2.424829639494419e-03, 1.379238558001816e-03, 3.58888937626034e-04, -6.604144582524896e-04, -1.666340394876897e-03, -2.674789866432551e-03, -3.654419677332047e-03, -4.607381764799356e-03, -5.52820460870862e-03, -6.412333808839321e-03, -7.255987264215946e-03, -8.0561563372612e-03, -8.810675702989101e-03, -9.518235921859741e-03, -1.017830334603786e-02, -1.079108659178019e-02, -1.135739497840405e-02, -1.187853422015905e-02, -1.235621329396963e-02, -1.279245968908072e-02, -1.318948622792959e-02, -1.354963704943657e-02, -1.387532521039248e-02, -1.416895631700754e-02, -1.443291641771793e-02, -1.466936618089676e-02, -1.488046441227198e-02, -1.506869401782751e-02, -1.523643638938665e-02, -1.538516487926245e-02, -1.551695168018341e-02, -1.56332328915596e-02, -1.57354548573494e-02, -1.582500338554382e-02, -1.590307988226414e-02, -1.597079634666443e-02, -1.602920331060886e-02, -1.607921905815601e-02, -1.612173952162266e-02, -1.615752466022968e-02, -1.618729531764984e-02, -1.621166989207268e-02, -1.623125188052654e-02, -1.624652929604053e-02, -1.625798083841801e-02, -1.62660013884306e-02, -1.6270961612463e-02, -1.627319678664207e-02, -1.627298817038536e-02, -1.627061143517494e-02, -1.626628637313843e-02, -1.626024022698402e-02, -1.625265181064606e-02, -1.624369621276855e-02, -1.623351685702801e-02, -1.62222608923912e-02, -1.621003821492195e-02, -1.61969643086195e-02, -1.618313044309616e-02, -1.616862416267395e-02, -1.615352369844913e-02, -1.613789610564709e-02, -1.612181216478348e-02, -1.610532030463219e-02, -1.608846336603165e-02, -1.607129536569118e-02, -1.605384796857834e-02, -1.60361398011446e-02, -1.601820252835751e-02, -1.600009202957153e-02, -1.598182320594788e-02, -1.596342027187347e-02, -1.594488695263863e-02, -1.592623256146908e-02, -1.590746641159058e-02, -1.588859967887402e-02, -1.586968265473843e-02, -1.58507227897644e-02, -1.583174988627434e-02]
oriEasTop.dp=[-3.491568756103516e+01, 8.494710922241211e-02, 6.723245233297348e-02, 5.476991459727287e-02, 4.553849995136261e-02, 3.872126713395119e-02, 3.323405236005783e-02, 2.914914861321449e-02, 2.556168660521507e-02, 2.255403809249401e-02, 1.991678588092327e-02, 1.7687126994133e-02, 1.568324118852615e-02, 1.387996226549149e-02, 1.222934667021036e-02, 1.076383143663406e-02, 9.369463659822941e-03, 8.056281134486198e-03, 6.831773091107607e-03, 5.666880868375301e-03, 4.555604886263609e-03, 3.479539882391691e-03, 2.409672830253839e-03, 1.384586910717189e-03, 3.573749854695052e-04, -6.624293164350092e-04, -1.684223650954664e-03, -2.675808034837249e-03, -3.655445063486698e-03, -4.608414135873318e-03, -5.529246758669615e-03, -6.413387134671211e-03, -7.257053162902594e-03, -8.057235740125179e-03, -8.811770007014275e-03, -9.519346058368683e-03, -1.0179428383708e-02, -1.079222653061152e-02, -1.135854981839657e-02, -1.187970396131277e-02, -1.235739607363939e-02, -1.27936564385891e-02, -1.319069508463144e-02, -1.355085708200932e-02, -1.387655548751354e-02, -1.417019590735435e-02, -1.443416345864534e-02, -1.467062067240477e-02, -1.488172635436058e-02, -1.506996247917414e-02, -1.523770950734615e-02, -1.538644265383482e-02, -1.551823318004608e-02, -1.563451811671257e-02, -1.573674194514751e-02, -1.582629047334194e-02, -1.590436883270741e-02, -1.597208902239799e-02, -1.603049598634243e-02, -1.608050987124443e-02, -1.612303033471107e-02, -1.615881361067295e-02, -1.618858240544796e-02, -1.62129569798708e-02, -1.623253710567951e-02, -1.62478145211935e-02, -1.625926420092583e-02, -1.626728102564812e-02, -1.627224124968052e-02, -1.62744726985693e-02, -1.627426221966743e-02, -1.627188362181187e-02, -1.626755483448505e-02, -1.626150868833065e-02, -1.625391468405724e-02, -1.624495908617973e-02, -1.623477600514889e-02, -1.622351631522179e-02, -1.621129177510738e-02, -1.619821414351463e-02, -1.618437841534615e-02, -1.616986840963364e-02, -1.615476422011852e-02, -1.613913476467133e-02, -1.612304896116257e-02, -1.610655337572098e-02, -1.608969457447529e-02, -1.607252284884453e-02, -1.605507172644138e-02, -1.60373616963625e-02, -1.60194206982851e-02, -1.600130833685398e-02, -1.598303578794003e-02, -1.596463099122047e-02, -1.594609580934048e-02, -1.592743769288063e-02, -1.590866968035698e-02, -1.588979735970497e-02, -1.587087661027908e-02, -1.585191488265991e-02, -1.583293825387955e-02]
oriOutTop.dp=[6.007364988327026e-01, 5.786296129226685e-01, 5.635737776756287e-01, 5.527045726776123e-01, 5.445012450218201e-01, 5.379999279975891e-01, 5.328048467636108e-01, 5.283967852592468e-01, 5.246177315711975e-01, 5.212917923927307e-01, 5.183091759681702e-01, 5.156077742576599e-01, 5.131205320358276e-01, 5.108041763305664e-01, 5.086288452148438e-01, 5.06572425365448e-01, 5.046050548553467e-01, 5.027199387550354e-01, 5.008988380432129e-01, 4.991317987442017e-01, 4.974091351032257e-01, 4.957214295864105e-01, 4.940619766712189e-01, 4.924249947071075e-01, 4.908032119274139e-01, 4.891898632049561e-01, 4.875822961330414e-01, 4.859891533851624e-01, 4.844130575656891e-01, 4.828598201274872e-01, 4.813337624073029e-01, 4.798385202884674e-01, 4.78377103805542e-01, 4.769518375396729e-01, 4.755645096302032e-01, 4.742161631584167e-01, 4.729071855545044e-01, 4.716374576091766e-01, 4.704063236713409e-01, 4.692128002643585e-01, 4.680554866790771e-01, 4.669328629970551e-01, 4.65843141078949e-01, 4.647844433784485e-01, 4.637549519538879e-01, 4.627526700496674e-01, 4.617757797241211e-01, 4.608225524425507e-01, 4.598912596702576e-01, 4.58979994058609e-01, 4.580868184566498e-01, 4.572105705738068e-01, 4.563496112823486e-01, 4.55502837896347e-01, 4.546690583229065e-01, 4.53847199678421e-01, 4.530363082885742e-01, 4.522354602813721e-01, 4.514438807964325e-01, 4.506607949733734e-01, 4.498854875564575e-01, 4.491173923015594e-01, 4.483558833599091e-01, 4.476005136966705e-01, 4.468507766723633e-01, 4.461062550544739e-01, 4.453666210174561e-01, 4.446315169334412e-01, 4.439006447792053e-01, 4.431737661361694e-01, 4.42450612783432e-01, 4.417309761047363e-01, 4.410146772861481e-01, 4.403015077114105e-01, 4.395913779735565e-01, 4.388841092586517e-01, 4.381795525550842e-01, 4.374776482582092e-01, 4.367782473564148e-01, 4.360812902450562e-01, 4.353866577148438e-01, 4.346943199634552e-01, 4.340041875839233e-01, 4.333162307739258e-01, 4.32630330324173e-01, 4.319464862346649e-01, 4.312646389007568e-01, 4.305847585201263e-01, 4.299067854881287e-01, 4.292307198047638e-01, 4.285565316677094e-01, 4.278841912746429e-01, 4.272136390209198e-01, 4.265448749065399e-01, 4.258778691291809e-01, 4.252126514911652e-01, 4.245491623878479e-01, 4.238874018192291e-01, 4.232273101806641e-01, 4.225689470767975e-01, 4.219122231006622e-01]
oriOutBot.dp=[-6.007364988327026e-01, -5.787015557289124e-01, -5.636184215545654e-01, -5.52739143371582e-01, -5.445243716239929e-01, -5.381239056587219e-01, -5.328172445297241e-01, -5.284173488616943e-01, -5.246202349662781e-01, -5.212891697883606e-01, -5.183159708976746e-01, -5.156073570251465e-01, -5.131163597106934e-01, -5.108011364936829e-01, -5.086266398429871e-01, -5.065639019012451e-01, -5.046020746231079e-01, -5.027151703834534e-01, -5.0089430809021e-01, -4.991266429424286e-01, -4.974025785923004e-01, -4.957152009010315e-01, -4.940566718578339e-01, -4.924194514751434e-01, -4.907976388931274e-01, -4.891844391822815e-01, -4.875785410404205e-01, -4.859836101531982e-01, -4.844074547290802e-01, -4.828541576862335e-01, -4.81328010559082e-01, -4.798326790332794e-01, -4.783711433410645e-01, -4.769457578659058e-01, -4.755583107471466e-01, -4.742098152637482e-01, -4.729007184505463e-01, -4.716308414936066e-01, -4.703995883464813e-01, -4.692059457302094e-01, -4.680485427379608e-01, -4.669257998466492e-01, -4.658359587192535e-01, -4.647772014141083e-01, -4.637475907802582e-01, -4.627452492713928e-01, -4.617682993412018e-01, -4.608150124549866e-01, -4.598836898803711e-01, -4.589723348617554e-01, -4.580791294574738e-01, -4.572028517723083e-01, -4.563418924808502e-01, -4.554950594902039e-01, -4.546612799167633e-01, -4.538394212722778e-01, -4.530285000801086e-01, -4.522276520729065e-01, -4.514360725879669e-01, -4.506529867649078e-01, -4.498776793479919e-01, -4.491095840930939e-01, -4.483481049537659e-01, -4.475927352905273e-01, -4.468429982662201e-01, -4.460985064506531e-01, -4.453588724136353e-01, -4.446237683296204e-01, -4.438929259777069e-01, -4.43166047334671e-01, -4.42442923784256e-01, -4.417232871055603e-01, -4.410070180892944e-01, -4.402938783168793e-01, -4.395837783813477e-01, -4.388765096664429e-01, -4.381719827651978e-01, -4.374700784683228e-01, -4.367707073688507e-01, -4.360737800598145e-01, -4.353791773319244e-01, -4.346868693828583e-01, -4.339967668056488e-01, -4.333087801933289e-01, -4.326229095458984e-01, -4.319390952587128e-01, -4.312572777271271e-01, -4.305773973464966e-01, -4.298994541168213e-01, -4.292234182357788e-01, -4.285492599010468e-01, -4.278769493103027e-01, -4.272063970565796e-01, -4.265376627445221e-01, -4.258706867694855e-01, -4.252054691314697e-01, -4.245420098304749e-01, -4.238802790641785e-01, -4.232202470302582e-01, -4.225618839263916e-01, -4.219051599502563e-01]
dooOpeClo.dpAB[1]=[1.630439311265945e-01, 8.869931101799011e-02, 7.026663422584534e-02, 5.732318386435509e-02, 4.785630479454994e-02, 4.06748540699482e-02, 3.504704311490059e-02, 3.051106631755829e-02, 2.676571905612946e-02, 2.360706031322479e-02, 2.089400216937065e-02, 1.852468401193619e-02, 1.642624661326408e-02, 1.45434346050024e-02, 1.283441390842199e-02, 1.126598566770554e-02, 9.812404401600361e-03, 8.452474139630795e-03, 7.168600335717201e-03, 5.946201272308826e-03, 4.772915504872799e-03, 3.638233989477158e-03, 2.532897051423788e-03, 1.448034192435443e-03, 3.752912452910095e-04, -6.93094392772764e-04, -1.75537692848593e-03, -2.803192706778649e-03, -3.829509951174262e-03, -4.827816039323807e-03, -5.792389158159494e-03, -6.718465592712164e-03, -7.602089084684849e-03, -8.440117351710796e-03, -9.230291470885277e-03, -9.971247054636478e-03, -1.066243462264538e-02, -1.130407769232988e-02, -1.189703214913607e-02, -1.244266983121634e-02, -1.294278632849455e-02, -1.339951064437628e-02, -1.381515990942717e-02, -1.419219374656677e-02, -1.453314069658518e-02, -1.484052091836929e-02, -1.511683408170938e-02, -1.536434609442949e-02, -1.558531727641821e-02, -1.578234694898129e-02, -1.595792919397354e-02, -1.611360535025597e-02, -1.625154726207256e-02, -1.637325994670391e-02, -1.648025028407574e-02, -1.657397672533989e-02, -1.66556965559721e-02, -1.672657392919064e-02, -1.678770408034325e-02, -1.684004813432693e-02, -1.688454672694206e-02, -1.69219970703125e-02, -1.695315353572369e-02, -1.69786624610424e-02, -1.699915342032909e-02, -1.701513864099979e-02, -1.70271210372448e-02, -1.703551039099693e-02, -1.704069785773754e-02, -1.704303175210953e-02, -1.704281009733677e-02, -1.704031601548195e-02, -1.703578419983387e-02, -1.702945306897163e-02, -1.702150329947472e-02, -1.701212674379349e-02, -1.700146868824959e-02, -1.698968186974525e-02, -1.697688363492489e-02, -1.696319505572319e-02, -1.694870926439762e-02, -1.693352125585079e-02, -1.691771112382412e-02, -1.690134964883327e-02, -1.688451133668423e-02, -1.686724461615086e-02, -1.684959791600704e-02, -1.683162339031696e-02, -1.681335642933846e-02, -1.679481752216816e-02, -1.677603647112846e-02, -1.675707660615444e-02, -1.673795096576214e-02, -1.671868562698364e-02, -1.66992861777544e-02, -1.667975448071957e-02, -1.666010729968548e-02, -1.664035022258759e-02, -1.662054471671581e-02, -1.660069450736046e-02, -1.658083312213421e-02]
