last-generated=2021-05-09
statistics-simulation=
{
  "linear": " ",
  "nonlinear": " ",
  "number of continuous time states": "1",
  "numerical Jacobians": "0"
}
time=[0e+00, 2e+01]
c=[0e+00, 1.195921791374348e-01, 4.736202226558665e-01, 1.047972719956959e+00, 1.819755384690174e+00, 2.758189678192139e+00, 3.825856182705788e+00, 4.980205200470833e+00, 6.175214624419545e+00, 7.363233366692276e+00, 8.49689769744873e+00, 9.53101039313197e+00, 1.042435320472048e+01, 1.114131288426409e+01, 1.165329846841277e+01, 1.193989944458008e+01, 1.198968888428341e+01, 1.180068506402609e+01, 1.138042042140337e+01, 1.07456539266023e+01, 9.921688079833984e+00, 8.941369001959121e+00, 7.843785349972508e+00, 6.672689344973741e+00, 5.474774071869159e+00, 4.297790050506592e+00, 3.188663197883625e+00, 2.19161364664646e+00, 1.346379523894544e+00, 6.866604839530775e-01, 2.387593239545822e-01, 2.053243147180281e-02, 4.067804348986734e-02, 2.98392872359255e-01, 7.834038644631894e-01, 1.476376533508301e+00, 2.349683968303419e+00, 3.368507114581774e+00, 4.492233356107209e+00, 5.676059058534345e+00, 6.872795581817627e+00, 8.034726257743491e+00, 9.115528131073031e+00, 1.007211037191901e+01, 1.086634471781807e+01, 1.14665641784668e+01, 1.184883808517247e+01, 1.199792767663349e+01, 1.190788971998915e+01, 1.158231298192769e+01, 1.103417587280273e+01, 1.02853337700109e+01, 9.365637766657514e+00, 8.311760135258908e+00, 7.165705845020209e+00, 5.97316837310791e+00, 4.781690912408361e+00, 3.638774216732438e+00, 2.589987279448909e+00, 1.677132462780473e+00, 9.366068840026855e-01, 3.979322601739743e-01, 8.258109687867086e-02, 3.129635476391837e-03, 1.627431469972547e-01, 5.550597906112671e-01, 1.164439062728533e+00, 1.966586764997428e+00, 2.929518902887568e+00, 4.014855266384183e+00, 5.179323196411133e+00, 6.376498409086427e+00, 7.55865364503306e+00, 8.678654510162078e+00, 9.691856422035055e+00, 1.055786228179932e+01, 1.1242147028484e+01, 1.171742790367596e+01, 1.196475953463023e+01, 1.197428425443112e+01, 1.17456169128418e+01, 1.128787725684343e+01, 1.061930983735478e+01, 9.766578519242024e+00, 8.763660141604555e+00, 7.650561332702637e+00, 6.471647049137915e+00, 5.273903965095116e+00, 4.105105678288956e+00, 3.011826406902147e+00, 2.037672519683838e+00, 1.221467355517245e+00, 5.957386499139652e-01, 1.854508802314603e-01, 6.952431309919744e-03, 6.736218184232712e-02, 3.64269619181981e-01, 8.858449300912689e-01, 1.611287616585227e+00, 2.511689625121976e+00, 3.551137685775757e+00]
