last-generated=2024-09-24
statistics-initialization=
{
  "nonlinear": "5, 1, 1, 1",
  "numerical Jacobians": "0"
}
statistics-simulation=
{
  "linear": "0, 0, 0, 0, 0, 0",
  "nonlinear": "1",
  "number of continuous time states": "14",
  "numerical Jacobians": "0"
}
time=[0e+00, 8.64e+04]
vol.T_start=[2.931499938964844e+02, 2.931499938964844e+02]
vol.T=[2.931499938964844e+02, 2.925933227539062e+02, 2.888775634765625e+02, 2.861595764160156e+02, 2.8495947265625e+02, 2.850358581542969e+02, 2.859837646484375e+02, 2.874102172851562e+02, 2.889933471679688e+02, 2.905042419433594e+02, 2.918068237304688e+02, 2.928390502929688e+02, 2.935883483886719e+02, 2.940718078613281e+02, 2.943091125488281e+02, 2.943439331054688e+02, 2.94243408203125e+02, 2.940800476074219e+02, 2.939142761230469e+02, 2.937709045410156e+02, 2.936485290527344e+02, 2.935302734375e+02, 2.934085998535156e+02, 2.933006286621094e+02, 2.932132873535156e+02, 2.931483764648438e+02, 2.931048889160156e+02, 2.930800170898438e+02, 2.930701293945312e+02, 2.930712585449219e+02, 2.930847778320312e+02, 2.931291809082031e+02, 2.932044372558594e+02, 2.93297119140625e+02, 2.953442993164062e+02, 2.919825744628906e+02, 2.890630493164062e+02, 2.883653259277344e+02, 2.886674499511719e+02, 2.896391906738281e+02, 2.908507080078125e+02, 2.920670166015625e+02, 2.931246948242188e+02, 2.939453125e+02, 2.945239868164062e+02, 2.94877197265625e+02, 2.95037841796875e+02, 2.950471496582031e+02, 2.94948486328125e+02, 2.9478271484375e+02, 2.945852661132812e+02, 2.946383666992188e+02, 2.946990051269531e+02, 2.946446228027344e+02, 2.946174621582031e+02, 2.946583251953125e+02, 2.947718200683594e+02, 2.949312133789062e+02, 2.950927124023438e+02, 2.943697814941406e+02, 2.9172900390625e+02, 2.899853210449219e+02, 2.894759521484375e+02, 2.893583984375e+02, 2.897192687988281e+02, 2.911982421875e+02, 2.932756958007812e+02, 2.948333740234375e+02, 2.942781677246094e+02, 2.916119384765625e+02, 2.899531860351562e+02, 2.89501220703125e+02, 2.894545593261719e+02, 2.899556884765625e+02, 2.916108703613281e+02, 2.934497680664062e+02, 2.920744018554688e+02, 2.92060791015625e+02, 2.922153930664062e+02, 2.924024963378906e+02, 2.926074829101562e+02, 2.928856201171875e+02, 2.932109680175781e+02, 2.935037536621094e+02, 2.936703796386719e+02, 2.936811218261719e+02, 2.935746765136719e+02, 2.934161682128906e+02, 2.932817993164062e+02, 2.932220153808594e+02, 2.93230224609375e+02, 2.932682189941406e+02, 2.932825317382812e+02, 2.932425231933594e+02, 2.931610107421875e+02, 2.93061279296875e+02, 2.929723510742188e+02, 2.929243774414062e+02, 2.929268493652344e+02, 2.929627380371094e+02, 2.930025634765625e+02]
temSup.T=[3.231499938964844e+02, 3.121347961425781e+02, 3.067013854980469e+02, 3.0421630859375e+02, 3.040812072753906e+02, 3.055308532714844e+02, 3.078614807128906e+02, 3.104986267089844e+02, 3.130335693359375e+02, 3.152142333984375e+02, 3.169286193847656e+02, 3.181594848632812e+02, 3.189441833496094e+02, 3.1934912109375e+02, 3.194503784179688e+02, 3.193254699707031e+02, 3.190558776855469e+02, 3.187182922363281e+02, 3.183750305175781e+02, 3.180638732910156e+02, 3.177977600097656e+02, 3.175740661621094e+02, 3.173851928710938e+02, 3.172318725585938e+02, 3.171168212890625e+02, 3.170386047363281e+02, 3.169928588867188e+02, 3.169733581542969e+02, 3.169734497070312e+02, 3.169867248535156e+02, 3.170077514648438e+02, 3.170363159179688e+02, 3.170710144042969e+02, 3.171030578613281e+02, 3.115319519042968e+02, 3.027851562500001e+02, 3.023343200683594e+02, 3.023897705078125e+02, 3.038638305664062e+02, 3.056227111816406e+02, 3.073800048828125e+02, 3.089178771972656e+02, 3.100990905761719e+02, 3.108670654296875e+02, 3.112363586425781e+02, 3.112609252929688e+02, 3.110114440917969e+02, 3.105630187988281e+02, 3.099874572753906e+02, 3.093478698730469e+02, 3.086956787109375e+02, 3.0900732421875e+02, 3.087127075195312e+02, 3.084483337402344e+02, 3.083179931640625e+02, 3.082708129882812e+02, 3.082982177734375e+02, 3.083893737792969e+02, 3.085189819335938e+02, 3.031717529296875e+02, 2.984742431640625e+02, 2.982571716308594e+02, 2.980684204101562e+02, 2.984297180175781e+02, 3.002972106933594e+02, 3.047382202148438e+02, 3.077640380859375e+02, 3.095221252441406e+02, 3.029130859374999e+02, 2.982900085449219e+02, 2.982915344238281e+02, 2.982178039550781e+02, 2.988374328613281e+02, 3.013113098144531e+02, 3.055283813476562e+02, 3.081117248535156e+02, 3.092074584960938e+02, 3.096494750976562e+02, 3.100617370605469e+02, 3.104607543945312e+02, 3.108223266601562e+02, 3.111424560546875e+02, 3.114159240722656e+02, 3.116134948730469e+02, 3.117005615234375e+02, 3.116633605957031e+02, 3.115290832519531e+02, 3.113486022949219e+02, 3.11175537109375e+02, 3.110491638183594e+02, 3.109779357910156e+02, 3.109439392089844e+02, 3.109190063476562e+02, 3.108804626464844e+02, 3.108276062011719e+02, 3.107747802734375e+02, 3.107397766113281e+02, 3.107372131347656e+02, 3.107725830078125e+02, 3.108367919921875e+02, 3.109119262695312e+02]
temRet.T=[3.231499938964844e+02, 3.092178039550781e+02, 3.036551513671875e+02, 3.003476257324219e+02, 2.993395690917969e+02, 3.000154113769531e+02, 3.017413024902344e+02, 3.039613647460938e+02, 3.0625e+02, 3.083257446289062e+02, 3.100353393554688e+02, 3.113276977539062e+02, 3.122128601074219e+02, 3.127359619140625e+02, 3.129549560546875e+02, 3.129342346191406e+02, 3.127494812011719e+02, 3.12477783203125e+02, 3.121860046386719e+02, 3.119160461425781e+02, 3.116826171875e+02, 3.114823608398438e+02, 3.113063354492188e+02, 3.111576232910156e+02, 3.110411987304688e+02, 3.10957763671875e+02, 3.109046630859375e+02, 3.108771362304688e+02, 3.108695068359375e+02, 3.108759765625e+02, 3.108922119140625e+02, 3.109218139648438e+02, 3.109663696289062e+02, 3.110176086425781e+02, 3.113614196777343e+02, 3.025054931640626e+02, 2.995110168457031e+02, 2.9907373046875e+02, 2.998973388671875e+02, 3.013737182617188e+02, 3.029876098632812e+02, 3.045008850097656e+02, 3.057467651367188e+02, 3.066391906738281e+02, 3.071700744628906e+02, 3.073746948242188e+02, 3.073091430664062e+02, 3.070379943847656e+02, 3.066259765625e+02, 3.0613232421875e+02, 3.05607177734375e+02, 3.056955261230469e+02, 3.055749206542969e+02, 3.053331298828125e+02, 3.052039794921875e+02, 3.051586608886719e+02, 3.051889953613281e+02, 3.052834777832031e+02, 3.054159240722656e+02, 3.029496765136719e+02, 2.983072814941406e+02, 2.966511840820312e+02, 2.963155822753906e+02, 2.963598327636719e+02, 2.973336486816406e+02, 3.005394287109375e+02, 3.036998901367188e+02, 3.057086486816406e+02, 3.026954345703124e+02, 2.981248474121094e+02, 2.966512451171875e+02, 2.963958740234375e+02, 2.966054992675781e+02, 2.979519958496094e+02, 3.013831787109375e+02, 3.041047973632812e+02, 3.049814758300781e+02, 3.053169860839844e+02, 3.056520080566406e+02, 3.059938354492188e+02, 3.063180541992188e+02, 3.066308898925781e+02, 3.069302368164062e+02, 3.071788635253906e+02, 3.073246154785156e+02, 3.073370971679688e+02, 3.072352600097656e+02, 3.070692443847656e+02, 3.068994750976562e+02, 3.067756042480469e+02, 3.067121276855469e+02, 3.066914978027344e+02, 3.066800842285156e+02, 3.066479187011719e+02, 3.065912475585938e+02, 3.065241394042969e+02, 3.064671325683594e+02, 3.064405822753906e+02, 3.064553833007812e+02, 3.065045776367188e+02, 3.065688171386719e+02]
heaPum.refCyc.sigBus.onOffMea=[1e+00, 1e+00, 1e+00, 1e+00, 1e+00, 1e+00, 1e+00, 1e+00, 1e+00, 1e+00, 1e+00, 1e+00, 1e+00, 1e+00, 1e+00, 1e+00, 1e+00, 1e+00, 1e+00, 1e+00, 1e+00, 1e+00, 1e+00, 1e+00, 1e+00, 1e+00, 1e+00, 1e+00, 1e+00, 1e+00, 1e+00, 1e+00, 1e+00, 1e+00, 0e+00, 0e+00, 1e+00, 1e+00, 1e+00, 1e+00, 1e+00, 1e+00, 1e+00, 1e+00, 1e+00, 1e+00, 1e+00, 1e+00, 1e+00, 1e+00, 1e+00, 1e+00, 1e+00, 1e+00, 1e+00, 1e+00, 1e+00, 1e+00, 1e+00, 0e+00, 0e+00, 1e+00, 1e+00, 1e+00, 1e+00, 1e+00, 1e+00, 1e+00, 0e+00, 0e+00, 1e+00, 1e+00, 1e+00, 1e+00, 1e+00, 1e+00, 1e+00, 1e+00, 1e+00, 1e+00, 1e+00, 1e+00, 1e+00, 1e+00, 1e+00, 1e+00, 1e+00, 1e+00, 1e+00, 1e+00, 1e+00, 1e+00, 1e+00, 1e+00, 1e+00, 1e+00, 1e+00, 1e+00, 1e+00, 1e+00, 1e+00]
