last-generated=2021-05-09
statistics-simulation=
{
  "linear": " ",
  "nonlinear": " ",
  "number of continuous time states": "5",
  "numerical Jacobians": "0"
}
time=[0e+00, 1e+03]
senTemIn.T=[3.231499938964844e+02, 3.231499938964844e+02, 3.231499938964844e+02, 3.231499938964844e+02, 3.231499938964844e+02, 3.231499938964844e+02, 3.231499938964844e+02, 3.231499938964844e+02, 3.231499938964844e+02, 3.231499938964844e+02, 3.231499938964844e+02, 3.431499938964844e+02, 3.431499938964844e+02, 3.431499938964844e+02, 3.431499938964844e+02, 3.431499938964844e+02, 3.431499938964844e+02, 3.431499938964844e+02, 3.431499938964844e+02, 3.431499938964844e+02, 3.431499938964844e+02, 3.431499938964844e+02, 3.431499938964844e+02, 3.431499938964844e+02, 3.431499938964844e+02, 3.431499938964844e+02, 3.431499938964844e+02, 3.431499938964844e+02, 3.431499938964844e+02, 3.431499938964844e+02, 3.431499938964844e+02, 3.431499938964844e+02, 3.431499938964844e+02, 3.431499938964844e+02, 3.431499938964844e+02, 3.431499938964844e+02, 3.431499938964844e+02, 3.431499938964844e+02, 3.431499938964844e+02, 3.431499938964844e+02, 3.431499938964844e+02, 3.431499938964844e+02, 3.431499938964844e+02, 3.431499938964844e+02, 3.431499938964844e+02, 3.431499938964844e+02, 3.431499938964844e+02, 3.431499938964844e+02, 3.431499938964844e+02, 3.431499938964844e+02, 3.431499938964844e+02, 3.431499938964844e+02, 3.431499938964844e+02, 3.431499938964844e+02, 3.431499938964844e+02, 3.431499938964844e+02, 3.431499938964844e+02, 3.431499938964844e+02, 3.431499938964844e+02, 3.431499938964844e+02, 3.431499938964844e+02, 3.431499938964844e+02, 3.431499938964844e+02, 3.431499938964844e+02, 3.431499938964844e+02, 3.431499938964844e+02, 3.431499938964844e+02, 3.431499938964844e+02, 3.431499938964844e+02, 3.431499938964844e+02, 3.431499938964844e+02, 3.431499938964844e+02, 3.431499938964844e+02, 3.431499938964844e+02, 3.431499938964844e+02, 3.431499938964844e+02, 3.431499938964844e+02, 3.431499938964844e+02, 3.431499938964844e+02, 3.431499938964844e+02, 3.431499938964844e+02, 3.431499938964844e+02, 3.431499938964844e+02, 3.431499938964844e+02, 3.431499938964844e+02, 3.431499938964844e+02, 3.431499938964844e+02, 3.431499938964844e+02, 3.431499938964844e+02, 3.431499938964844e+02, 3.431499938964844e+02, 3.431499938964844e+02, 3.431499938964844e+02, 3.431499938964844e+02, 3.431499938964844e+02, 3.431499938964844e+02, 3.431499938964844e+02, 3.431499938964844e+02, 3.431499938964844e+02, 3.431499938964844e+02, 3.431499938964844e+02]
senTemOut.T=[3.231499938964844e+02, 3.230866394042969e+02, 3.230394897460938e+02, 3.230064392089844e+02, 3.229837951660156e+02, 3.229687194824219e+02, 3.229592895507812e+02, 3.229539794921875e+02, 3.229517211914062e+02, 3.229517211914062e+02, 3.229534301757812e+02, 3.229563598632812e+02, 3.229602355957031e+02, 3.229647521972656e+02, 3.229697875976562e+02, 3.229751892089844e+02, 3.229808654785156e+02, 3.229867858886719e+02, 3.229928283691406e+02, 3.229989929199219e+02, 3.230052795410156e+02, 3.230115966796875e+02, 3.230179443359375e+02, 3.230243530273438e+02, 3.230307312011719e+02, 3.230371704101562e+02, 3.230435485839844e+02, 3.230491333007812e+02, 3.230535278320312e+02, 3.230567321777344e+02, 3.230590515136719e+02, 3.230607604980469e+02, 3.2306201171875e+02, 3.230629272460938e+02, 3.230635986328125e+02, 3.230640869140625e+02, 3.23236328125e+02, 3.282810974121094e+02, 3.321284484863281e+02, 3.349717712402344e+02, 3.37072998046875e+02, 3.386259765625e+02, 3.397739562988281e+02, 3.406222534179688e+02, 3.412490234375e+02, 3.417121887207031e+02, 3.42054443359375e+02, 3.423073425292969e+02, 3.424942321777344e+02, 3.4263232421875e+02, 3.42734375e+02, 3.428098449707031e+02, 3.428655700683594e+02, 3.429067077636719e+02, 3.429371032714844e+02, 3.429595642089844e+02, 3.429761962890625e+02, 3.429884643554688e+02, 3.429974670410156e+02, 3.430040893554688e+02, 3.430089721679688e+02, 3.430126342773438e+02, 3.43015380859375e+02, 3.430174560546875e+02, 3.430189514160156e+02, 3.430200805664062e+02, 3.430208740234375e+02, 3.43021484375e+02, 3.430219116210938e+02, 3.430222473144531e+02, 3.430225219726562e+02, 3.430227355957031e+02, 3.430228881835938e+02, 3.430230102539062e+02, 3.430231018066406e+02, 3.430231628417969e+02, 3.43023193359375e+02, 3.430232238769531e+02, 3.430232238769531e+02, 3.430232238769531e+02, 3.430232238769531e+02, 3.430232238769531e+02, 3.430232238769531e+02, 3.43023193359375e+02, 3.43023193359375e+02, 3.43023193359375e+02, 3.43023193359375e+02, 3.43023193359375e+02, 3.43023193359375e+02, 3.43023193359375e+02, 3.43023193359375e+02, 3.43023193359375e+02, 3.43023193359375e+02, 3.43023193359375e+02, 3.43023193359375e+02, 3.43023193359375e+02, 3.43023193359375e+02, 3.430232238769531e+02, 3.430232238769531e+02, 3.430232238769531e+02, 3.430232238769531e+02]
