last-generated=2021-05-11
statistics-initialization=
{
  "nonlinear": "1",
  "numerical Jacobians": "0"
}
statistics-simulation=
{
  "linear": "0, 0",
  "nonlinear": "1",
  "number of continuous time states": "10",
  "numerical Jacobians": "0"
}
time=[0e+00, 1e+05]
demand.port_a.m_flow=[3.826237618923187e-01, 4.950740933418274e-01, 5.645722150802612e-01, 5.645722150802612e-01, 4.950740933418274e-01, 3.826237618923187e-01, 2.701734602451324e-01, 2.006753534078598e-01, 2.006753534078598e-01, 2.701734602451324e-01, 3.826237618923187e-01, 4.950740933418274e-01, 5.645722150802612e-01, 5.645722150802612e-01, 4.950740933418272e-01, 3.826237618923187e-01, 2.701734602451324e-01, 2.006753534078598e-01, 2.006753534078598e-01, 2.701734602451324e-01, 3.826237618923187e-01, 4.950740933418274e-01, 5.645722150802612e-01, 5.645722150802612e-01, 4.950740933418274e-01, 3.826237618923187e-01, 2.701734602451324e-01, 2.006753534078598e-01, 2.0067535340786e-01, 2.701734602451321e-01, 3.826237618923187e-01, 4.950740933418274e-01, 5.645722150802612e-01, 5.645722150802612e-01, 4.950740933418274e-01, 3.826237618923187e-01, 2.701734602451324e-01, 2.006753534078598e-01, 2.006753534078598e-01, 2.701734602451324e-01, 3.826237618923187e-01, 4.950740933418274e-01, 5.645722150802612e-01, 5.645722150802612e-01, 4.950740933418274e-01, 3.826237618923187e-01, 2.701734602451324e-01, 2.006753534078598e-01, 2.006753534078598e-01, 2.701734602451324e-01, 3.826237618923187e-01, 4.950740933418274e-01, 5.645722150802612e-01, 5.645722150802612e-01, 4.950740933418274e-01, 3.826237618923178e-01, 2.701734602451318e-01, 2.006753534078601e-01, 2.006753534078596e-01, 2.701734602451324e-01, 3.826237618923187e-01, 4.950740933418274e-01, 5.645722150802612e-01, 5.645722150802612e-01, 4.950740933418274e-01, 3.826237618923187e-01, 2.701734602451324e-01, 2.006753534078598e-01, 2.006753534078598e-01, 2.701734602451324e-01, 3.826237618923187e-01, 4.950740933418274e-01, 5.645722150802612e-01, 5.645722150802612e-01, 4.950740933418274e-01, 3.826237618923187e-01, 2.701734602451324e-01, 2.006753534078598e-01, 2.006753534078598e-01, 2.701734602451324e-01, 3.826237618923187e-01, 4.950740933418274e-01, 5.645722150802612e-01, 5.645722150802612e-01, 4.950740933418274e-01, 3.826237618923187e-01, 2.701734602451324e-01, 2.006753534078598e-01, 2.006753534078598e-01, 2.701734602451324e-01, 3.826237618923187e-01, 4.950740933418274e-01, 5.645722150802612e-01, 5.645722150802612e-01, 4.950740933418274e-01, 3.826237618923187e-01, 2.701734602451324e-01, 2.006753534078598e-01, 2.006753534078598e-01, 2.701734602451324e-01, 3.826237618923187e-01]
