last-generated=2024-10-17
statistics-initialization=
{
  "nonlinear": "1, 0, 1",
  "numerical Jacobians": "0"
}
statistics-simulation=
{
  "linear": "0",
  "nonlinear": "1, 4, 1",
  "number of continuous time states": "9",
  "numerical Jacobians": "0"
}
time=[0e+00, 9e+02]
pum.m_flow=[0e+00, 0e+00, 0e+00, 0e+00, 0e+00, 0e+00, 0e+00, 0e+00, 0e+00, 0e+00, 0e+00, 0e+00, 3.600000143051147e-01, 7.649999856948853e-01, 1.169999957084656e+00, 1.350000023841858e+00, 1.350000023841858e+00, 1.350000023841858e+00, 1.350000023841858e+00, 1.350000023841858e+00, 1.350000023841858e+00, 1.350000023841858e+00, 1.350000023841858e+00, 1.350000023841858e+00, 1.350000023841858e+00, 1.350000023841858e+00, 1.350000023841858e+00, 1.350000023841858e+00, 1.350000023841858e+00, 1.350000023841858e+00, 1.350000023841858e+00, 1.350000023841858e+00, 1.350000023841858e+00, 1.350000023841858e+00, 1.350000023841858e+00, 1.350000023841858e+00, 1.350000023841858e+00, 1.350000023841858e+00, 1.350000023841858e+00, 1.350000023841858e+00, 1.350000023841858e+00, 1.350000023841858e+00, 1.350000023841858e+00, 1.350000023841858e+00, 1.350000023841858e+00, 1.350000023841858e+00, 1.350000023841858e+00, 1.350000023841858e+00, 1.350000023841858e+00, 1.350000023841858e+00, 1.350000023841858e+00, 1.350000023841858e+00, 1.350000023841858e+00, 1.350000023841858e+00, 1.350000023841858e+00, 1.350000023841858e+00, 1.350000023841858e+00, 1.350000023841858e+00, 1.350000023841858e+00, 1.350000023841858e+00, 1.350000023841858e+00, 1.350000023841858e+00, 1.350000023841858e+00, 1.350000023841858e+00, 1.350000023841858e+00, 1.350000023841858e+00, 1.350000023841858e+00, 1.350000023841858e+00, 1.350000023841858e+00, 1.350000023841858e+00, 1.350000023841858e+00, 1.350000023841858e+00, 1.350000023841858e+00, 1.350000023841858e+00, 1.350000023841858e+00, 1.350000023841858e+00, 1.350000023841858e+00, 1.350000023841858e+00, 1.350000023841858e+00, 1.350000023841858e+00, 1.350000023841858e+00, 1.350000023841858e+00, 1.350000023841858e+00, 1.350000023841858e+00, 1.350000023841858e+00, 1.350000023841858e+00, 1.350000023841858e+00, 1.350000023841858e+00, 1.350000023841858e+00, 1.350000023841858e+00, 1.350000023841858e+00, 1.350000023841858e+00, 1.350000023841858e+00, 1.350000023841858e+00, 1.350000023841858e+00, 1.350000023841858e+00, 1.350000023841858e+00, 1.350000023841858e+00, 1.350000023841858e+00, 1.350000023841858e+00, 1.350000023841858e+00]
orc.PExp=[-0e+00, -0e+00, -0e+00, -0e+00, -0e+00, -0e+00, -0e+00, 0e+00, -0e+00, -0e+00, -0e+00, -0e+00, -0e+00, -5.047607421875e+03, -5.679322265625e+03, -5.591501953125e+03, -5.2858798828125e+03, -4.98615576171875e+03, -4.69414501953125e+03, -4.418654296875e+03, -4.21325390625e+03, -4.1798173828125e+03, -4.560865234375e+03, -4.90720751953125e+03, -4.82639501953125e+03, -4.6282041015625e+03, -4.5874912109375e+03, -4.679552734375e+03, -4.73887353515625e+03, -4.71108349609375e+03, -4.6709755859375e+03, -4.67110400390625e+03, -4.69270556640625e+03, -4.7004765625e+03, -4.68892431640625e+03, -4.67389501953125e+03, -4.673931640625e+03, -4.6816318359375e+03, -4.68426953125e+03, -4.6811083984375e+03, -4.678287109375e+03, -4.67847705078125e+03, -4.679673828125e+03, -4.67972412109375e+03, -4.67879443359375e+03, -4.67798388671875e+03, -4.67763232421875e+03, -4.67743115234375e+03, -4.6770263671875e+03, -4.676416015625e+03, -4.6757939453125e+03, -4.67519970703125e+03, -4.6745322265625e+03, -4.6737783203125e+03, -4.67298046875e+03, -4.67210205078125e+03, -4.67109228515625e+03, -4.669974609375e+03, -4.66876123046875e+03, -4.66739404296875e+03, -4.6658291015625e+03, -4.6640751953125e+03, -4.66210107421875e+03, -4.65984521484375e+03, -4.657267578125e+03, -4.6543369140625e+03, -4.651001953125e+03, -4.64889501953125e+03, -4.66262939453125e+03, -4.6811357421875e+03, -4.690380859375e+03, -4.69413720703125e+03, -4.6951064453125e+03, -4.69359130859375e+03, -4.69105859375e+03, -4.68932421875e+03, -4.688853515625e+03, -4.689189453125e+03, -4.68971728515625e+03, -4.69006201171875e+03, -4.6901416015625e+03, -4.6900625e+03, -4.6899580078125e+03, -4.68989892578125e+03, -4.6898857421875e+03, -4.6898916015625e+03, -4.68990185546875e+03, -4.6899140625e+03, -4.689923828125e+03, -4.68992578125e+03, -4.68992041015625e+03, -4.6899150390625e+03, -4.6899150390625e+03, -4.6899169921875e+03, -4.68991748046875e+03, -4.68991650390625e+03, -4.68991455078125e+03, -4.6899140625e+03, -4.689916015625e+03, -4.68991845703125e+03, -4.6899208984375e+03]
orc.PPum=[0e+00, 0e+00, 0e+00, 0e+00, 0e+00, 0e+00, 0e+00, 0e+00, 0e+00, 0e+00, 0e+00, 0e+00, 0e+00, 2.16175048828125e+02, 2.278022003173828e+02, 2.262939300537109e+02, 2.207820129394531e+02, 2.149391479492188e+02, 2.087775573730469e+02, 2.024923248291016e+02, 1.974808654785156e+02, 1.966373596191406e+02, 2.057969207763672e+02, 2.133211822509766e+02, 2.116288604736328e+02, 2.073166198730469e+02, 2.064012145996094e+02, 2.0845654296875e+02, 2.097534942626953e+02, 2.091485443115234e+02, 2.082672576904297e+02, 2.082700958251953e+02, 2.087459411621094e+02, 2.089164276123047e+02, 2.08662841796875e+02, 2.083317260742188e+02, 2.083325500488281e+02, 2.085023498535156e+02, 2.085604400634766e+02, 2.084908142089844e+02, 2.084286346435547e+02, 2.084328308105469e+02, 2.084592132568359e+02, 2.084603118896484e+02, 2.084398193359375e+02, 2.084219512939453e+02, 2.084141998291016e+02, 2.084097595214844e+02, 2.084008331298828e+02, 2.083873748779297e+02, 2.083736419677734e+02, 2.083605346679688e+02, 2.083458099365234e+02, 2.083291625976562e+02, 2.083115386962891e+02, 2.082921447753906e+02, 2.082698364257812e+02, 2.082451324462891e+02, 2.082183074951172e+02, 2.081880798339844e+02, 2.081534576416016e+02, 2.081146392822266e+02, 2.080709381103516e+02, 2.080209503173828e+02, 2.079638061523438e+02, 2.078987884521484e+02, 2.078247222900391e+02, 2.077778930664062e+02, 2.080826263427734e+02, 2.084914245605469e+02, 2.086948699951172e+02, 2.087773742675781e+02, 2.087986450195312e+02, 2.08765380859375e+02, 2.087097473144531e+02, 2.08671630859375e+02, 2.086612854003906e+02, 2.086686706542969e+02, 2.086802825927734e+02, 2.086878509521484e+02, 2.086896057128906e+02, 2.086878662109375e+02, 2.086855621337891e+02, 2.086842803955078e+02, 2.086839752197266e+02, 2.086841125488281e+02, 2.086843414306641e+02, 2.086846008300781e+02, 2.086848297119141e+02, 2.086848602294922e+02, 2.086847381591797e+02, 2.086846313476562e+02, 2.086846160888672e+02, 2.086846618652344e+02, 2.086846771240234e+02, 2.086846466064453e+02, 2.086846160888672e+02, 2.086846008300781e+02, 2.086846466064453e+02, 2.086847076416016e+02, 2.086847534179688e+02]
orc.QEva_flow=[0e+00, 0e+00, 0e+00, 0e+00, 0e+00, 0e+00, 0e+00, 0e+00, 0e+00, 0e+00, 0e+00, 0e+00, 0e+00, -6.16321484375e+04, -6.3274328125e+04, -6.30512109375e+04, -6.226166796875e+04, -6.146783203125e+04, -6.067626953125e+04, -5.991373828125e+04, -5.93358359375e+04, -5.924104296875e+04, -6.030921875e+04, -6.125556640625e+04, -6.10369453125e+04, -6.049511328125e+04, -6.0382828125e+04, -6.06362578125e+04, -6.079865234375e+04, -6.07226640625e+04, -6.061271484375e+04, -6.06130703125e+04, -6.067232421875e+04, -6.06936171875e+04, -6.06619609375e+04, -6.062073046875e+04, -6.062083203125e+04, -6.06419609375e+04, -6.06491953125e+04, -6.06405234375e+04, -6.063278515625e+04, -6.06333046875e+04, -6.063658984375e+04, -6.06367265625e+04, -6.063417578125e+04, -6.0631953125e+04, -6.063098828125e+04, -6.063043359375e+04, -6.062932421875e+04, -6.06276484375e+04, -6.062594140625e+04, -6.06243125e+04, -6.062248046875e+04, -6.062041015625e+04, -6.061821875e+04, -6.061580859375e+04, -6.06130390625e+04, -6.060996875e+04, -6.060663671875e+04, -6.06028828125e+04, -6.05985859375e+04, -6.059376953125e+04, -6.058834765625e+04, -6.05821484375e+04, -6.057506640625e+04, -6.056701171875e+04, -6.055784375e+04, -6.055205078125e+04, -6.0589796875e+04, -6.064059765625e+04, -6.0665953125e+04, -6.067625e+04, -6.067890625e+04, -6.067475390625e+04, -6.066780859375e+04, -6.06630546875e+04, -6.0661765625e+04, -6.06626875e+04, -6.06641328125e+04, -6.0665078125e+04, -6.0665296875e+04, -6.0665078125e+04, -6.066479296875e+04, -6.06646328125e+04, -6.066459375e+04, -6.0664609375e+04, -6.0664640625e+04, -6.0664671875e+04, -6.066469921875e+04, -6.066470703125e+04, -6.066469140625e+04, -6.066467578125e+04, -6.066467578125e+04, -6.06646796875e+04, -6.066468359375e+04, -6.06646796875e+04, -6.066467578125e+04, -6.0664671875e+04, -6.06646796875e+04, -6.06646875e+04, -6.066469140625e+04]
orc.QCon_flow=[0e+00, 0e+00, 0e+00, 0e+00, 0e+00, 0e+00, 0e+00, 0e+00, 0e+00, 0e+00, 0e+00, 0e+00, 0e+00, 5.680071484375e+04, 5.782280859375e+04, 5.768600390625e+04, 5.71965703125e+04, 5.66966171875e+04, 5.619090234375e+04, 5.569757421875e+04, 5.53200625e+04, 5.525786328125e+04, 5.595415234375e+04, 5.65616796875e+04, 5.64221796875e+04, 5.60742265625e+04, 5.600173828125e+04, 5.616516015625e+04, 5.626953515625e+04, 5.622073046875e+04, 5.61500078125e+04, 5.6150234375e+04, 5.61883671875e+04, 5.620205859375e+04, 5.618169921875e+04, 5.615516796875e+04, 5.615523046875e+04, 5.616883203125e+04, 5.6173484375e+04, 5.616790625e+04, 5.616292578125e+04, 5.616326171875e+04, 5.6165375e+04, 5.61654609375e+04, 5.61638203125e+04, 5.6162390625e+04, 5.616176953125e+04, 5.61614140625e+04, 5.616069921875e+04, 5.615962109375e+04, 5.61585234375e+04, 5.615747265625e+04, 5.615629296875e+04, 5.61549609375e+04, 5.615355078125e+04, 5.6152e+04, 5.615021484375e+04, 5.614823828125e+04, 5.614609375e+04, 5.614367578125e+04, 5.614091015625e+04, 5.613780859375e+04, 5.613431640625e+04, 5.613032421875e+04, 5.612576171875e+04, 5.612057421875e+04, 5.61146640625e+04, 5.611093359375e+04, 5.613525e+04, 5.6167953125e+04, 5.6184265625e+04, 5.6190890625e+04, 5.619259765625e+04, 5.618992578125e+04, 5.61854609375e+04, 5.618240234375e+04, 5.618157421875e+04, 5.61821640625e+04, 5.618309765625e+04, 5.6183703125e+04, 5.618384375e+04, 5.618370703125e+04, 5.618351953125e+04, 5.618341796875e+04, 5.618339453125e+04, 5.618340234375e+04, 5.6183421875e+04, 5.61834453125e+04, 5.61834609375e+04, 5.618346484375e+04, 5.6183453125e+04, 5.61834453125e+04, 5.61834453125e+04, 5.618344921875e+04, 5.618344921875e+04, 5.618344921875e+04, 5.61834453125e+04, 5.61834453125e+04, 5.61834453125e+04, 5.6183453125e+04, 5.618345703125e+04]
senTWatSup.T=[3.081499938964844e+02, 3.081499938964844e+02, 3.081499938964844e+02, 3.081499938964844e+02, 3.081499938964844e+02, 3.081499938964844e+02, 3.081499938964844e+02, 3.081499938964844e+02, 3.081499938964844e+02, 3.081499938964844e+02, 3.081499938964844e+02, 3.081499938964844e+02, 3.081499938964844e+02, 3.081499938964844e+02, 3.081499938964844e+02, 3.081499938964844e+02, 3.081500244140625e+02, 3.081500244140625e+02, 3.081500244140625e+02, 3.08884521484375e+02, 3.15165283203125e+02, 3.242608642578125e+02, 3.277221984863281e+02, 3.278239440917969e+02, 3.275229797363281e+02, 3.275411376953125e+02, 3.278572998046875e+02, 3.280862426757812e+02, 3.28076904296875e+02, 3.280145874023438e+02, 3.280353088378906e+02, 3.281051635742188e+02, 3.281397094726562e+02, 3.281302185058594e+02, 3.2812060546875e+02, 3.28140380859375e+02, 3.281753845214844e+02, 3.28195068359375e+02, 3.281971435546875e+02, 3.281977233886719e+02, 3.282046203613281e+02, 3.282132263183594e+02, 3.282182922363281e+02, 3.282203369140625e+02, 3.282225646972656e+02, 3.282260437011719e+02, 3.282298278808594e+02, 3.282331848144531e+02, 3.282361755371094e+02, 3.282393493652344e+02, 3.282429504394531e+02, 3.282467956542969e+02, 3.282508239746094e+02, 3.282551879882812e+02, 3.282599487304688e+02, 3.282650756835938e+02, 3.282706909179688e+02, 3.282768859863281e+02, 3.282837829589844e+02, 3.282913513183594e+02, 3.282994079589844e+02, 3.283086242675781e+02, 3.283192749023438e+02, 3.283303527832031e+02, 3.28345947265625e+02, 3.283599548339844e+02, 3.283786926269531e+02, 3.283974304199219e+02, 3.284041137695312e+02, 3.283757019042969e+02, 3.283257141113281e+02, 3.282757568359375e+02, 3.282337951660156e+02, 3.282029113769531e+02, 3.281841125488281e+02, 3.281746215820312e+02, 3.28169921875e+02, 3.281665954589844e+02, 3.281632690429688e+02, 3.28159912109375e+02, 3.281569519042969e+02, 3.2815478515625e+02, 3.281533508300781e+02, 3.281524963378906e+02, 3.281518859863281e+02, 3.281514587402344e+02, 3.28151123046875e+02, 3.281508483886719e+02, 3.28150634765625e+02, 3.281504516601562e+02, 3.281502990722656e+02, 3.281502380371094e+02, 3.281501770019531e+02, 3.28150146484375e+02, 3.281500854492188e+02, 3.281500854492188e+02, 3.281500549316406e+02, 3.281500549316406e+02, 3.281500549316406e+02, 3.281500244140625e+02, 3.281500244140625e+02]
senTWatRet.T=[3.081499938964844e+02, 3.081499938964844e+02, 3.081499938964844e+02, 3.081499938964844e+02, 3.081499938964844e+02, 3.081499938964844e+02, 3.081499938964844e+02, 3.081499938964844e+02, 3.081499938964844e+02, 3.081499938964844e+02, 3.081499938964844e+02, 3.081499938964844e+02, 3.081499938964844e+02, 3.081499938964844e+02, 3.081499938964844e+02, 3.081499938964844e+02, 3.081499938964844e+02, 3.081500244140625e+02, 3.081500244140625e+02, 3.081500244140625e+02, 3.081500244140625e+02, 3.081499938964844e+02, 3.081499938964844e+02, 3.081499938964844e+02, 3.081499938964844e+02, 3.081499938964844e+02, 3.081499938964844e+02, 3.081499938964844e+02, 3.081499938964844e+02, 3.081499938964844e+02, 3.081499938964844e+02, 3.081499938964844e+02, 3.081499938964844e+02, 3.081499938964844e+02, 3.0828564453125e+02, 3.085830383300781e+02, 3.088848876953125e+02, 3.091864929199219e+02, 3.094873352050781e+02, 3.097879943847656e+02, 3.100889892578125e+02, 3.1039013671875e+02, 3.106912231445312e+02, 3.109921875e+02, 3.112931518554688e+02, 3.115941467285156e+02, 3.118951721191406e+02, 3.121961669921875e+02, 3.124971618652344e+02, 3.127981567382812e+02, 3.130991516113281e+02, 3.13400146484375e+02, 3.137011108398438e+02, 3.140021057128906e+02, 3.143031005859375e+02, 3.146040649414062e+02, 3.149050598144531e+02, 3.152060241699219e+02, 3.155070190429688e+02, 3.158079833984375e+02, 3.161089172363281e+02, 3.164098510742188e+02, 3.167108154296875e+02, 3.1701171875e+02, 3.173127746582031e+02, 3.176136169433594e+02, 3.179146118164062e+02, 3.181482543945312e+02, 3.181500854492188e+02, 3.181499938964844e+02, 3.181499938964844e+02, 3.181499938964844e+02, 3.181499938964844e+02, 3.181499938964844e+02, 3.181499938964844e+02, 3.181499938964844e+02, 3.181499938964844e+02, 3.181499938964844e+02, 3.181499938964844e+02, 3.181499938964844e+02, 3.181499938964844e+02, 3.181499938964844e+02, 3.181499938964844e+02, 3.181499938964844e+02, 3.181499938964844e+02, 3.181499938964844e+02, 3.181499938964844e+02, 3.181499938964844e+02, 3.181499938964844e+02, 3.181499938964844e+02, 3.181499938964844e+02, 3.181499938964844e+02, 3.181499938964844e+02, 3.181499938964844e+02, 3.181499938964844e+02, 3.181499938964844e+02, 3.181499938964844e+02, 3.181499938964844e+02, 3.181499938964844e+02, 3.181499938964844e+02, 3.181499938964844e+02]
