last-generated=2024-07-24
statistics-initialization=
{
  "nonlinear": "1, 0",
  "numerical Jacobians": "0"
}
statistics-simulation=
{
  "linear": "0, 0, 0",
  "nonlinear": "1, 1, 1, 1",
  "number of continuous time states": "25",
  "numerical Jacobians": "0"
}
time=[0e+00, 8e+02]
hydraulicBus.TFwrdInMea=[3.031499938964844e+02, 3.032049621582031e+02, 3.035575927734375e+02, 3.042655029296875e+02, 3.051746765136719e+02, 3.061700439453125e+02, 3.071881225585938e+02, 3.0818916015625e+02, 3.091528076171875e+02, 3.100681823730469e+02, 3.10935302734375e+02, 3.117451416015625e+02, 3.125067016601562e+02, 3.132178100585937e+02, 3.1388115234375e+02, 3.145028381347656e+02, 3.150791748046875e+02, 3.156191833496094e+02, 3.161222351074219e+02, 3.16590869140625e+02, 3.170296936035156e+02, 3.17436181640625e+02, 3.178168579101563e+02, 3.182203735351562e+02, 3.198258056640625e+02, 3.212250061035156e+02, 3.220052856445312e+02, 3.22481982421875e+02, 3.22757666015625e+02, 3.229190368652344e+02, 3.230162658691406e+02, 3.230704650878906e+02, 3.231035888671875e+02, 3.2312275390625e+02, 3.231339782714844e+02, 3.231407165527344e+02, 3.231444763183594e+02, 3.231467712402344e+02, 3.231481140136719e+02, 3.231488891601563e+02, 3.231493530273438e+02, 3.23149609375e+02, 3.231497680664062e+02, 3.231498657226563e+02, 3.231499145507813e+02, 3.231499633789062e+02, 3.231499633789062e+02, 3.231499938964844e+02, 3.231499938964844e+02, 3.231499938964844e+02, 3.231499938964844e+02, 3.231499938964844e+02, 3.231499938964844e+02, 3.231499938964844e+02, 3.231499938964844e+02, 3.231499938964844e+02, 3.231499938964844e+02, 3.231499938964844e+02, 3.231499938964844e+02, 3.231499938964844e+02, 3.231499938964844e+02, 3.231499938964844e+02, 3.231499938964844e+02, 3.231499938964844e+02, 3.231499938964844e+02, 3.231499938964844e+02, 3.231499938964844e+02, 3.231499938964844e+02, 3.231499938964844e+02, 3.231499938964844e+02, 3.231499938964844e+02, 3.231499938964844e+02, 3.231499938964844e+02, 3.231499938964844e+02, 3.231499938964844e+02, 3.231499938964844e+02, 3.231499938964844e+02, 3.231499938964844e+02, 3.231499938964844e+02, 3.231499938964844e+02, 3.231499938964844e+02, 3.231499938964844e+02, 3.231499938964844e+02, 3.231499938964844e+02, 3.231499938964844e+02, 3.231499938964844e+02, 3.231499938964844e+02, 3.231499938964844e+02, 3.231499938964844e+02, 3.231499938964844e+02, 3.231499938964844e+02, 3.231499938964844e+02, 3.231499938964844e+02, 3.231499938964844e+02, 3.231499938964844e+02, 3.231499938964844e+02, 3.231499938964844e+02, 3.231499938964844e+02, 3.231499938964844e+02, 3.231499938964844e+02, 3.231499938964844e+02]
hydraulicBus.TFwrdOutMea=[3.031499938964844e+02, 3.031497009277344e+02, 3.031494750976562e+02, 3.031492065429687e+02, 3.031487365722656e+02, 3.0314794921875e+02, 3.031466979980469e+02, 3.031448913574219e+02, 3.031424255371094e+02, 3.031392028808594e+02, 3.0313525390625e+02, 3.031303649902344e+02, 3.031246337890625e+02, 3.031179931640625e+02, 3.031103881835937e+02, 3.031018981933594e+02, 3.030923706054688e+02, 3.030819580078125e+02, 3.030705810546875e+02, 3.030582641601562e+02, 3.030450744628906e+02, 3.030309387207031e+02, 3.03015966796875e+02, 3.0299736328125e+02, 3.029835998535156e+02, 3.030479736328125e+02, 3.030864135742187e+02, 3.034358215332031e+02, 3.064191711425781e+02, 3.108431579589844e+02, 3.149634704589844e+02, 3.179608337402344e+02, 3.200118774414062e+02, 3.212798461914062e+02, 3.220418395996094e+02, 3.225052185058594e+02, 3.227647583007812e+02, 3.229236633300781e+02, 3.230158996582031e+02, 3.230701171875e+02, 3.231028747558594e+02, 3.231212707519531e+02, 3.231325744628906e+02, 3.231391662597656e+02, 3.231431396484375e+02, 3.231456909179688e+02, 3.231473327636719e+02, 3.231484436035156e+02, 3.231491516113281e+02, 3.231496459960937e+02, 3.231500244140625e+02, 3.231503479003906e+02, 3.231506408691406e+02, 3.231509094238281e+02, 3.231511657714844e+02, 3.231514282226562e+02, 3.231516723632812e+02, 3.231519470214844e+02, 3.231521911621094e+02, 3.231524658203125e+02, 3.231527099609375e+02, 3.231529846191406e+02, 3.231532592773438e+02, 3.231535278320313e+02, 3.231537902832031e+02, 3.231540832519531e+02, 3.231543579101562e+02, 3.23154638671875e+02, 3.231549560546875e+02, 3.231552551269531e+02, 3.231555480957031e+02, 3.231558715820312e+02, 3.231561706542969e+02, 3.231565124511719e+02, 3.231568237304688e+02, 3.231571655273438e+02, 3.231575073242187e+02, 3.231578491210938e+02, 3.231581909179687e+02, 3.23158544921875e+02, 3.231589050292969e+02, 3.2315927734375e+02, 3.231596557617187e+02, 3.231600463867188e+02, 3.231604064941406e+02, 3.231607971191406e+02, 3.231611999511719e+02, 3.231614990234375e+02, 3.2316171875e+02, 3.231618286132813e+02, 3.231618957519531e+02, 3.231619445800781e+02, 3.23161962890625e+02, 3.231619873046875e+02, 3.231619873046875e+02, 3.231620178222656e+02, 3.231620178222656e+02, 3.231620178222656e+02, 3.231620178222656e+02, 3.231620178222656e+02, 3.231620178222656e+02]
hydraulicBus.TRtrnInMea=[3.031499938964844e+02, 3.031497009277344e+02, 3.031494750976562e+02, 3.031492065429687e+02, 3.031487365722656e+02, 3.0314794921875e+02, 3.031466979980469e+02, 3.031448913574219e+02, 3.031424255371094e+02, 3.031392028808594e+02, 3.0313525390625e+02, 3.031303649902344e+02, 3.031246337890625e+02, 3.031179931640625e+02, 3.031103881835937e+02, 3.031018981933594e+02, 3.030923706054688e+02, 3.030819580078125e+02, 3.030705810546875e+02, 3.030582641601562e+02, 3.030450744628906e+02, 3.030309387207031e+02, 3.03015966796875e+02, 3.0299736328125e+02, 3.029835998535156e+02, 3.030479736328125e+02, 3.030864135742187e+02, 3.034358215332031e+02, 3.064191711425781e+02, 3.108431579589844e+02, 3.149634704589844e+02, 3.179608337402344e+02, 3.200118774414062e+02, 3.212798461914062e+02, 3.220418395996094e+02, 3.225052185058594e+02, 3.227647583007812e+02, 3.229236633300781e+02, 3.230158996582031e+02, 3.230701171875e+02, 3.231028747558594e+02, 3.231212707519531e+02, 3.231325744628906e+02, 3.231391662597656e+02, 3.231431396484375e+02, 3.231456909179688e+02, 3.231473327636719e+02, 3.231484436035156e+02, 3.231491516113281e+02, 3.231496459960937e+02, 3.231500244140625e+02, 3.231503479003906e+02, 3.231506408691406e+02, 3.231509094238281e+02, 3.231511657714844e+02, 3.231514282226562e+02, 3.231516723632812e+02, 3.231519470214844e+02, 3.231521911621094e+02, 3.231524658203125e+02, 3.231527099609375e+02, 3.231529846191406e+02, 3.231532592773438e+02, 3.231535278320313e+02, 3.231537902832031e+02, 3.231540832519531e+02, 3.231543579101562e+02, 3.23154638671875e+02, 3.231549560546875e+02, 3.231552551269531e+02, 3.231555480957031e+02, 3.231558715820312e+02, 3.231561706542969e+02, 3.231565124511719e+02, 3.231568237304688e+02, 3.231571655273438e+02, 3.231575073242187e+02, 3.231578491210938e+02, 3.231581909179687e+02, 3.23158544921875e+02, 3.231589050292969e+02, 3.2315927734375e+02, 3.231596557617187e+02, 3.231600463867188e+02, 3.231604064941406e+02, 3.231607971191406e+02, 3.231611999511719e+02, 3.231614990234375e+02, 3.2316171875e+02, 3.231618286132813e+02, 3.231618957519531e+02, 3.231619445800781e+02, 3.23161962890625e+02, 3.231619873046875e+02, 3.231619873046875e+02, 3.231620178222656e+02, 3.231620178222656e+02, 3.231620178222656e+02, 3.231620178222656e+02, 3.231620178222656e+02, 3.231620178222656e+02]
hydraulicBus.TRtrnOutMea=[3.031499938964844e+02, 3.031596618652344e+02, 3.03184228515625e+02, 3.032051025390625e+02, 3.032196594238281e+02, 3.032300415039062e+02, 3.032371948242188e+02, 3.032424499511719e+02, 3.032461120605469e+02, 3.03248486328125e+02, 3.032498168945312e+02, 3.032500366210937e+02, 3.032493408203125e+02, 3.032476806640625e+02, 3.032451110839844e+02, 3.032416687011719e+02, 3.032372497558594e+02, 3.032319580078125e+02, 3.0322578125e+02, 3.032187316894531e+02, 3.032108764648438e+02, 3.032020812988281e+02, 3.031925231933594e+02, 3.031778015136719e+02, 3.031047302246094e+02, 3.031084289550781e+02, 3.031227783203125e+02, 3.031231140136719e+02, 3.031286804199219e+02, 3.050608337402344e+02, 3.097651977539062e+02, 3.143107788085937e+02, 3.176916381835937e+02, 3.198708862304687e+02, 3.212004333496094e+02, 3.220138244628906e+02, 3.224703247070312e+02, 3.2275e+02, 3.22912353515625e+02, 3.230078125e+02, 3.230655212402344e+02, 3.230979125976563e+02, 3.231177978515625e+02, 3.2312939453125e+02, 3.23136328125e+02, 3.231408081054688e+02, 3.231436096191406e+02, 3.231455200195313e+02, 3.231467163085937e+02, 3.231474975585937e+02, 3.231480712890625e+02, 3.231485595703125e+02, 3.231490051269531e+02, 3.231493469238281e+02, 3.231496826171875e+02, 3.231499938964844e+02, 3.231503173828125e+02, 3.231506408691406e+02, 3.231509338378906e+02, 3.231512390136719e+02, 3.231515502929688e+02, 3.231518432617187e+02, 3.231521667480469e+02, 3.231524597167969e+02, 3.231527648925781e+02, 3.23153076171875e+02, 3.231533996582031e+02, 3.231537231445312e+02, 3.231540405273437e+02, 3.231543518066406e+02, 3.231546936035156e+02, 3.231550048828125e+02, 3.231553466796875e+02, 3.231556884765625e+02, 3.231560302734375e+02, 3.231564025878906e+02, 3.231567443847656e+02, 3.231570922851562e+02, 3.231574584960937e+02, 3.231578430175781e+02, 3.23158203125e+02, 3.2315859375e+02, 3.23158984375e+02, 3.23159375e+02, 3.23159765625e+02, 3.2316015625e+02, 3.231605773925781e+02, 3.23160888671875e+02, 3.231611083984375e+02, 3.231612487792969e+02, 3.231613159179688e+02, 3.231613647460937e+02, 3.231614074707031e+02, 3.231614074707031e+02, 3.231614379882812e+02, 3.231614379882812e+02, 3.231614379882812e+02, 3.231614379882812e+02, 3.231614379882812e+02, 3.231614379882812e+02, 3.231614379882812e+02]
hydraulicBus.VFlowInMea=[-3.972239174716928e-18, 6.521840418827196e-08, 8.674345082226864e-08, 8.940674689483785e-08, 8.978648367019559e-08, 8.983411703411548e-08, 8.98419102668413e-08, 8.98403584415064e-08, 8.983836892184627e-08, 8.983869435041924e-08, 8.983984400856571e-08, 8.98380974945212e-08, 8.983662524997271e-08, 8.983787580518765e-08, 8.983887909153054e-08, 8.983894872471865e-08, 8.983847976651305e-08, 8.983827655129062e-08, 8.983835613207702e-08, 8.98386318226585e-08, 8.983865740219699e-08, 8.983863040157302e-08, 8.983864319134227e-08, 2.241049266160644e-06, 3.700307970575522e-05, 6.607548129977658e-05, 9.889458160614595e-05, 1.370766694890335e-04, 1.757766149239616e-04, 2.144610101822762e-04, 2.531264326535165e-04, 2.917777223046869e-04, 3.304257872514427e-04, 3.69073695037514e-04, 4.077215795405209e-04, 4.463694640435278e-04, 4.850173951126635e-04, 5.236652679741383e-04, 5.623131990432739e-04, 6.009610719047487e-04, 6.396090029738843e-04, 6.782568758353591e-04, 7.169047952629626e-04, 7.555526797659695e-04, 7.942006108351052e-04, 8.328484836965799e-04, 8.714964147657156e-04, 9.101442876271904e-04, 9.48792218696326e-04, 9.874401148408651e-04, 1.026088022626936e-03, 1.064735930413008e-03, 1.103383814916015e-03, 1.14203174598515e-03, 1.180679653771222e-03, 1.219327561557293e-03, 1.257975469343364e-03, 1.296623353846371e-03, 1.335271284915507e-03, 1.373919146135449e-03, 1.412567100487649e-03, 1.451215008273721e-03, 1.489862892776728e-03, 1.528510823845863e-03, 1.567158685065806e-03, 1.605806639418006e-03, 1.644454477354884e-03, 1.683102431707084e-03, 1.72175036277622e-03, 1.760398223996162e-03, 1.799046178348362e-03, 1.837694016285241e-03, 1.876341970637441e-03, 1.914989901706576e-03, 1.953637762926519e-03, 1.992285717278719e-03, 2.030933508649468e-03, 2.069581532850862e-03, 2.10822937078774e-03, 2.146877348423004e-03, 2.185525139793754e-03, 2.224173163995147e-03, 2.262820955365896e-03, 2.301468979567289e-03, 2.340116770938039e-03, 2.378764795139432e-03, 2.405484905466437e-03, 2.414120081812143e-03, 2.415728289633989e-03, 2.416014950722456e-03, 2.416065894067287e-03, 2.416073903441429e-03, 2.416076138615608e-03, 2.416076138615608e-03, 2.416075812652707e-03, 2.416075440123677e-03, 2.416075207293034e-03, 2.416075207293034e-03, 2.416075021028519e-03, 2.41607497446239e-03, 2.41607497446239e-03]
hydraulicBus.VFlowOutMea=[-3.972239174716928e-18, 6.521840418827196e-08, 8.674345082226864e-08, 8.940674689483785e-08, 8.978648367019559e-08, 8.983411703411548e-08, 8.98419102668413e-08, 8.98403584415064e-08, 8.983836892184627e-08, 8.983869435041924e-08, 8.983984400856571e-08, 8.98380974945212e-08, 8.983662524997271e-08, 8.983787580518765e-08, 8.983887909153054e-08, 8.983894872471865e-08, 8.983847976651305e-08, 8.983827655129062e-08, 8.983835613207702e-08, 8.98386318226585e-08, 8.983865740219699e-08, 8.983863040157302e-08, 8.983864319134227e-08, 2.241049266160644e-06, 3.700307970575522e-05, 6.607548129977658e-05, 9.889458160614595e-05, 1.370766694890335e-04, 1.757766149239616e-04, 2.144610101822762e-04, 2.531264326535165e-04, 2.917777223046869e-04, 3.304257872514427e-04, 3.69073695037514e-04, 4.077215795405209e-04, 4.463694640435278e-04, 4.850173951126635e-04, 5.236652679741383e-04, 5.623131990432739e-04, 6.009610719047487e-04, 6.396090029738843e-04, 6.782568758353591e-04, 7.169047952629626e-04, 7.555526797659695e-04, 7.942006108351052e-04, 8.328484836965799e-04, 8.714964147657156e-04, 9.101442876271904e-04, 9.48792218696326e-04, 9.874401148408651e-04, 1.026088022626936e-03, 1.064735930413008e-03, 1.103383814916015e-03, 1.14203174598515e-03, 1.180679653771222e-03, 1.219327561557293e-03, 1.257975469343364e-03, 1.296623353846371e-03, 1.335271284915507e-03, 1.373919146135449e-03, 1.412567100487649e-03, 1.451215008273721e-03, 1.489862892776728e-03, 1.528510823845863e-03, 1.567158685065806e-03, 1.605806639418006e-03, 1.644454477354884e-03, 1.683102431707084e-03, 1.72175036277622e-03, 1.760398223996162e-03, 1.799046178348362e-03, 1.837694016285241e-03, 1.876341970637441e-03, 1.914989901706576e-03, 1.953637762926519e-03, 1.992285717278719e-03, 2.030933508649468e-03, 2.069581532850862e-03, 2.10822937078774e-03, 2.146877348423004e-03, 2.185525139793754e-03, 2.224173163995147e-03, 2.262820955365896e-03, 2.301468979567289e-03, 2.340116770938039e-03, 2.378764795139432e-03, 2.405484905466437e-03, 2.414120081812143e-03, 2.415728289633989e-03, 2.416014950722456e-03, 2.416065894067287e-03, 2.416073903441429e-03, 2.416076138615608e-03, 2.416076138615608e-03, 2.416075812652707e-03, 2.416075440123677e-03, 2.416075207293034e-03, 2.416075207293034e-03, 2.416075021028519e-03, 2.41607497446239e-03, 2.41607497446239e-03]
