last-generated=2021-05-06
statistics-simulation=
{
  "linear": " ",
  "nonlinear": " ",
  "number of continuous time states": "20",
  "numerical Jacobians": "0"
}
time=[0e+00, 3.6e+03]
oriWesTop.port_a.m_flow=[5.965141952037811e-02, 3.259133547544479e-03, 2.942020073533058e-03, 2.671872265636921e-03, 2.424264093860984e-03, 2.205000026151538e-03, 1.997728133574128e-03, 1.815888797864318e-03, 1.654129009693861e-03, 1.495813718065619e-03, 1.363115850836039e-03, 1.226620632223785e-03, 1.09906867146492e-03, 9.883531602099538e-04, 8.780070347711442e-04, 7.717235712334514e-04, 6.684379186481237e-04, 5.671460530720651e-04, 4.6683763503097e-04, 3.67311731679365e-04, 2.696885785553604e-04, 1.750535739120096e-04, 8.434664050582796e-05, -1.645429392738151e-06, -8.230493403971195e-05, -1.572297333041206e-04, -2.262408524984494e-04, -2.893382043112071e-04, -3.466449561528863e-04, -3.984021604992449e-04, -4.449157568160444e-04, -4.865699156653136e-04, -5.237403674982488e-04, -5.568436463363469e-04, -5.862548132427037e-04, -6.123678176663816e-04, -6.355215446092188e-04, -6.560573820024729e-04, -6.742639816366136e-04, -6.904209149070084e-04, -7.047660765238106e-04, -7.175192004069686e-04, -7.288727210834622e-04, -7.389941602014005e-04, -7.480377680622041e-04, -7.561281090602279e-04, -7.6338677899912e-04, -7.699110428802669e-04, -7.757886778563261e-04, -7.810960523784161e-04, -7.858983008190989e-04, -7.902558427304029e-04, -7.942190859466791e-04, -7.978322100825608e-04, -8.011336904019117e-04, -8.041561231948435e-04, -8.069309988059103e-04, -8.094810182228684e-04, -8.118293480947614e-04, -8.139960700646043e-04, -8.1599474651739e-04, -8.1784458598122e-04, -8.195548434741795e-04, -8.211398962885141e-04, -8.22609115857631e-04, -8.239716989919543e-04, -8.252367260865867e-04, -8.264107163995504e-04, -8.275010040961206e-04, -8.285127114504576e-04, -8.294513099826872e-04, -8.303213980980217e-04, -8.311269921250641e-04, -8.318726904690266e-04, -8.325614035129547e-04, -8.33195517770946e-04, -8.337776525877416e-04, -8.343125809915364e-04, -8.348009432666004e-04, -8.352440781891346e-04, -8.356433245353401e-04, -8.36003280710429e-04, -8.363239467144012e-04, -8.36606661323458e-04, -8.368525304831564e-04, -8.370638824999332e-04, -8.372415904887021e-04, -8.373871678486466e-04, -8.37501953355968e-04, -8.375867619179189e-04, -8.376429323107004e-04, -8.376719197258353e-04, -8.376750629395247e-04, -8.376523037441075e-04, -8.376042824238539e-04, -8.375319303013384e-04, -8.374357712455094e-04, -8.373167947866023e-04, -8.371760486625135e-04, -8.370138821192086e-04, -8.368309354409575e-04]
oriEasTop.port_a.m_flow=[-5.94506673514843e-02, 3.259368240833282e-03, 2.942158374935389e-03, 2.670569345355034e-03, 2.426730003207922e-03, 2.198752714321017e-03, 2.001063199713826e-03, 1.816269941627979e-03, 1.644860487431288e-03, 1.49850023444742e-03, 1.350382692180574e-03, 1.225932268425822e-03, 1.108882133848965e-03, 9.883029852062464e-04, 8.779157069511709e-04, 7.716330583207309e-04, 6.683482206426561e-04, 5.670559476129711e-04, 4.667480825446546e-04, 3.672222956083715e-04, 2.695995790418237e-04, 1.749637594912201e-04, 8.425680425716564e-05, -1.735956402626471e-06, -8.239690941991284e-05, -1.573231565998867e-04, -2.263358182972297e-04, -2.894355275202544e-04, -3.467490023467691e-04, -3.985023067798465e-04, -4.450270789675415e-04, -4.866713425144553e-04, -5.238495068624616e-04, -5.569430068135262e-04, -5.863626138307154e-04, -6.124679348431528e-04, -6.356284720823169e-04, -6.56158896163106e-04, -6.743698031641543e-04, -6.905242335051298e-04, -7.048709667287767e-04, -7.176242652349174e-04, -7.289767963811755e-04, -7.391007384285331e-04, -7.481411448679864e-04, -7.562357350252569e-04, -7.634935318492353e-04, -7.700176793150604e-04, -7.758951978757977e-04, -7.81202397774905e-04, -7.860044133849442e-04, -7.903617806732655e-04, -7.94324791058898e-04, -7.979377405717969e-04, -8.012389298528433e-04, -8.042611298151314e-04, -8.070357725955546e-04, -8.095855009742081e-04, -8.119335980154574e-04, -8.141000289469957e-04, -8.16098356153816e-04, -8.179479045793414e-04, -8.196579292416573e-04, -8.212426910176873e-04, -8.227117359638214e-04, -8.240740280598402e-04, -8.253388223238289e-04, -8.265125215984881e-04, -8.276025182567537e-04, -8.286139345727861e-04, -8.295523002743721e-04, -8.30422097351402e-04, -8.312274003401399e-04, -8.319728658534586e-04, -8.326612296514213e-04, -8.332950528711081e-04, -8.338768966495991e-04, -8.344115922227502e-04, -8.348996634595096e-04, -8.353425073437393e-04, -8.357415208593011e-04, -8.361012442037463e-04, -8.36421619169414e-04, -8.367040427401662e-04, -8.369495626538992e-04, -8.371605654247105e-04, -8.373380405828357e-04, -8.374833269044757e-04, -8.375979377888143e-04, -8.376825135201216e-04, -8.377385092899203e-04, -8.377672056667507e-04, -8.377701160497963e-04, -8.377470658160746e-04, -8.376988116651773e-04, -8.376261685043573e-04, -8.375297766178846e-04, -8.374105673283339e-04, -8.372695301659405e-04, -8.37107072584331e-04, -8.369238348677754e-04]
oriOutTop.port_a.m_flow=[3.666715025901794e-01, 9.132185019552708e-03, 9.042108431458473e-03, 8.975259028375149e-03, 8.923311717808247e-03, 8.881127461791039e-03, 8.84579960256815e-03, 8.815058507025242e-03, 8.787825703620911e-03, 8.76305066049099e-03, 8.739988319575787e-03, 8.719166740775108e-03, 8.699283935129642e-03, 8.679832331836224e-03, 8.661284111440182e-03, 8.643252775073051e-03, 8.625597693026066e-03, 8.608194068074226e-03, 8.590926416218281e-03, 8.573764935135841e-03, 8.556807413697243e-03, 8.54015164077282e-03, 8.523877710103989e-03, 8.508055470883846e-03, 8.492724038660526e-03, 8.477906696498394e-03, 8.463623002171516e-03, 8.449876680970192e-03, 8.436660282313824e-03, 8.423957973718643e-03, 8.411742746829987e-03, 8.399985730648041e-03, 8.388650603592396e-03, 8.37770476937294e-03, 8.367111906409264e-03, 8.35683848708868e-03, 8.346851915121078e-03, 8.337121456861496e-03, 8.327621035277843e-03, 8.318322710692883e-03, 8.309205062687397e-03, 8.300247602164745e-03, 8.291430771350861e-03, 8.282738737761974e-03, 8.274157531559467e-03, 8.26567504554987e-03, 8.257279172539711e-03, 8.248960599303246e-03, 8.240711875259876e-03, 8.232523687183857e-03, 8.224392309784889e-03, 8.216310292482376e-03, 8.208273909986019e-03, 8.200278505682945e-03, 8.192320354282856e-03, 8.184396661818027e-03, 8.176504634320736e-03, 8.168642409145832e-03, 8.160807192325592e-03, 8.152998983860016e-03, 8.145214058458805e-03, 8.13745241612196e-03, 8.129713125526905e-03, 8.121995255351067e-03, 8.114296942949295e-03, 8.106619119644165e-03, 8.098958991467953e-03, 8.091317489743233e-03, 8.08369368314743e-03, 8.076087571680546e-03, 8.068498224020004e-03, 8.060925640165806e-03, 8.05336982011795e-03, 8.045829832553864e-03, 8.038305677473545e-03, 8.030797354876995e-03, 8.023303933441639e-03, 8.015827275812626e-03, 8.008364588022232e-03, 8.000917732715607e-03, 7.99348670989275e-03, 7.986069656908512e-03, 7.978667505085468e-03, 7.971281185746193e-03, 7.963908836245537e-03, 7.956551387906075e-03, 7.949208840727806e-03, 7.941880263388157e-03, 7.934566587209702e-03, 7.92726781219244e-03, 7.919983007013798e-03, 7.912712171673775e-03, 7.905455306172371e-03, 7.898213341832161e-03, 7.89098534733057e-03, 7.883771322667599e-03, 7.876571267843246e-03, 7.869386114180088e-03, 7.862213999032974e-03, 7.855056785047054e-03, 7.847912609577179e-03]
oriOutBot.port_a.m_flow=[3.664178252220154e-01, -9.132607840001583e-03, -9.042353369295597e-03, -8.97541455924511e-03, -8.923348970711231e-03, -8.881219662725925e-03, -8.845701813697815e-03, -8.815093897283077e-03, -8.787861093878746e-03, -8.763277903199196e-03, -8.740841411054134e-03, -8.719127625226974e-03, -8.69876891374588e-03, -8.679759688675404e-03, -8.661211468279362e-03, -8.643178269267082e-03, -8.625522255897522e-03, -8.608118630945683e-03, -8.590851910412312e-03, -8.573690429329872e-03, -8.556732907891273e-03, -8.540076203644276e-03, -8.52380134165287e-03, -8.507977239787579e-03, -8.492643944919109e-03, -8.477824740111828e-03, -8.463538251817226e-03, -8.449789136648178e-03, -8.436570875346661e-03, -8.423865772783756e-03, -8.411649614572525e-03, -8.399889804422855e-03, -8.388553746044636e-03, -8.377605117857456e-03, -8.367011323571205e-03, -8.356736972928047e-03, -8.346749469637871e-03, -8.337018080055714e-03, -8.327516727149487e-03, -8.318218402564526e-03, -8.309099823236465e-03, -8.300141431391239e-03, -8.291324600577354e-03, -8.282632566988468e-03, -8.274051360785961e-03, -8.265568874776363e-03, -8.257173001766205e-03, -8.248854428529739e-03, -8.24060570448637e-03, -8.232417516410351e-03, -8.224286139011383e-03, -8.216205053031445e-03, -8.208167739212513e-03, -8.200173266232014e-03, -8.192215114831924e-03, -8.184291422367096e-03, -8.176399394869804e-03, -8.168538101017475e-03, -8.160702884197235e-03, -8.152894675731659e-03, -8.145110681653023e-03, -8.137349039316177e-03, -8.129609748721123e-03, -8.121891878545284e-03, -8.114194497466087e-03, -8.106515742838383e-03, -8.098856545984745e-03, -8.0912159755826e-03, -8.083592168986797e-03, -8.075986057519913e-03, -8.068397641181946e-03, -8.060825057327747e-03, -8.053269237279892e-03, -8.045729249715805e-03, -8.038205094635487e-03, -8.030697703361511e-03, -8.02320521324873e-03, -8.015727624297142e-03, -8.008265867829323e-03, -8.000819012522697e-03, -7.993387989699841e-03, -7.985970936715603e-03, -7.978569716215134e-03, -7.971183396875858e-03, -7.963811047375202e-03, -7.956454530358315e-03, -7.949111983180046e-03, -7.941783405840397e-03, -7.934470660984516e-03, -7.92717095464468e-03, -7.919887080788612e-03, -7.912616245448589e-03, -7.90536031126976e-03, -7.89811834692955e-03, -7.890890352427959e-03, -7.883677259087563e-03, -7.87647720426321e-03, -7.869292050600052e-03, -7.862120866775513e-03, -7.854962721467018e-03, -7.847819477319717e-03]
dooOpeClo.port_a1.m_flow=[4.811525940895081e-01, 2.426439076662064e-01, 2.039947211742401e-01, 1.721604764461517e-01, 1.460550576448441e-01, 1.246116682887077e-01, 1.067626550793648e-01, 9.168288856744765e-02, 7.87174254655838e-02, 6.737855821847916e-02, 5.728687345981598e-02, 4.812752082943916e-02, 3.969093039631844e-02, 3.184321150183678e-02, 2.447897382080554e-02, 1.747766882181168e-02, 1.05656199157238e-02, 3.271874040365219e-03, 1.09077338129282e-03, 8.013226091861725e-03, 1.450756005942822e-02, 2.061272412538528e-02, 2.639490179717541e-02, 3.188282996416092e-02, 3.701596707105637e-02, 4.17541041970253e-02, 4.607900604605675e-02, 4.998964443802835e-02, 5.349664390087128e-02, 5.661965534090996e-02, 5.938452482223511e-02, 6.181992217898369e-02, 6.395555287599564e-02, 6.58201202750206e-02, 6.744085252285004e-02, 6.884361058473587e-02, 7.005266845226288e-02, 7.109049707651138e-02, 7.197760790586472e-02, 7.273253798484802e-02, 7.337191700935364e-02, 7.391054928302765e-02, 7.436152547597885e-02, 7.473639398813248e-02, 7.504528015851974e-02, 7.529705017805099e-02, 7.549945265054703e-02, 7.565920054912567e-02, 7.578212767839432e-02, 7.587327063083649e-02, 7.59369283914566e-02, 7.597705721855164e-02, 7.599692046642303e-02, 7.599936425685883e-02, 7.59868323802948e-02, 7.596136629581451e-02, 7.592495530843735e-02, 7.587894797325134e-02, 7.582475990056992e-02, 7.576358318328857e-02, 7.569617033004761e-02, 7.562368363142014e-02, 7.554657757282257e-02, 7.546567916870117e-02, 7.538148760795593e-02, 7.529447227716446e-02, 7.520511001348495e-02, 7.511370629072189e-02, 7.502064108848572e-02, 7.492611557245255e-02, 7.483039796352386e-02, 7.4733667075634e-02, 7.463608682155609e-02, 7.453785836696625e-02, 7.443907111883163e-02, 7.433978468179703e-02, 7.424008101224899e-02, 7.414019107818604e-02, 7.404007017612457e-02, 7.393971085548401e-02, 7.383912801742554e-02, 7.373855262994766e-02, 7.363789528608322e-02, 7.35371857881546e-02, 7.34364241361618e-02, 7.333569973707199e-02, 7.323501259088516e-02, 7.31343999505043e-02, 7.303390651941299e-02, 7.293350249528885e-02, 7.283322513103485e-02, 7.273312658071518e-02, 7.263323664665222e-02, 7.25335031747818e-02, 7.243392616510391e-02, 7.233451306819916e-02, 7.223526388406754e-02, 7.213618606328964e-02, 7.203731685876846e-02, 7.193863391876221e-02, 7.184013724327087e-02]
dooOpeClo.port_a2.m_flow=[1.375604569911957e-01, 2.393849641084671e-01, 2.010531723499298e-01, 1.694740653038025e-01, 1.436393558979034e-01, 1.224025338888168e-01, 1.047649681568146e-01, 8.986683934926985e-02, 7.706788182258606e-02, 6.588175892829895e-02, 5.593052133917809e-02, 4.690124839544296e-02, 3.85868176817894e-02, 3.085491433739662e-02, 2.360098250210284e-02, 1.670596189796925e-02, 9.897197596728802e-03, 2.704750979319215e-03, 6.239514332264662e-04, 7.645930163562298e-03, 1.423788536339998e-02, 2.043768391013145e-02, 2.631056867539883e-02, 3.188448771834373e-02, 3.709827736020088e-02, 4.191134497523308e-02, 4.630526527762413e-02, 5.027901008725168e-02, 5.384331941604616e-02, 5.701806396245956e-02, 5.98294734954834e-02, 6.23064897954464e-02, 6.447931379079819e-02, 6.637696921825409e-02, 6.802710890769958e-02, 6.945597380399704e-02, 7.068818807601929e-02, 7.174655050039291e-02, 7.265186309814453e-02, 7.342294603586197e-02, 7.407667487859726e-02, 7.462805509567261e-02, 7.509038597345352e-02, 7.547537237405777e-02, 7.57933035492897e-02, 7.605316489934921e-02, 7.626283913850784e-02, 7.642911374568939e-02, 7.655791193246841e-02, 7.665436714887619e-02, 7.672283053398132e-02, 7.676731795072556e-02, 7.679113745689392e-02, 7.679719477891922e-02, 7.678796350955963e-02, 7.676552981138229e-02, 7.673188298940659e-02, 7.668843120336533e-02, 7.663659006357193e-02, 7.657758146524429e-02, 7.65121802687645e-02, 7.644154131412506e-02, 7.636614143848419e-02, 7.628683000802994e-02, 7.620410621166229e-02, 7.611845433712006e-02, 7.603035122156143e-02, 7.594012469053268e-02, 7.584814727306366e-02, 7.575463503599167e-02, 7.56598487496376e-02, 7.556398957967758e-02, 7.546721398830414e-02, 7.536973804235458e-02, 7.527164369821548e-02, 7.517299056053162e-02, 7.507387548685074e-02, 7.497452199459076e-02, 7.48748853802681e-02, 7.477496564388275e-02, 7.467477023601532e-02, 7.45745524764061e-02, 7.447422295808792e-02, 7.437380403280258e-02, 7.427331060171127e-02, 7.417280972003937e-02, 7.407230138778687e-02, 7.397183030843735e-02, 7.38714188337326e-02, 7.377107441425323e-02, 7.367084920406342e-02, 7.357077300548553e-02, 7.347089797258377e-02, 7.337114959955215e-02, 7.327152788639069e-02, 7.317204028367996e-02, 7.307267934083939e-02, 7.297347486019135e-02, 7.287446409463882e-02, 7.277562469244003e-02, 7.267697155475616e-02]
volBotWes.T=[2.951499938964844e+02, 2.942801513671875e+02, 2.944902648925781e+02, 2.946297912597656e+02, 2.947250366210938e+02, 2.947914733886719e+02, 2.948385925292969e+02, 2.94872314453125e+02, 2.94896484375e+02, 2.949136962890625e+02, 2.949258117675781e+02, 2.949340515136719e+02, 2.949393920898438e+02, 2.949425659179688e+02, 2.949441833496094e+02, 2.949446716308594e+02, 2.949444580078125e+02, 2.9494384765625e+02, 2.949431762695312e+02, 2.949425659179688e+02, 2.94941650390625e+02, 2.949402160644531e+02, 2.9493798828125e+02, 2.949347839355469e+02, 2.949303588867188e+02, 2.949245910644531e+02, 2.949173889160156e+02, 2.949087829589844e+02, 2.948988037109375e+02, 2.948874816894531e+02, 2.948748779296875e+02, 2.948611145019531e+02, 2.948462829589844e+02, 2.948304748535156e+02, 2.948137817382812e+02, 2.947963256835938e+02, 2.947781982421875e+02, 2.947594299316406e+02, 2.947401733398438e+02, 2.94720458984375e+02, 2.947003479003906e+02, 2.94679931640625e+02, 2.946592102050781e+02, 2.946382751464844e+02, 2.946171569824219e+02, 2.945958557128906e+02, 2.945744323730469e+02, 2.945529174804688e+02, 2.945313110351562e+02, 2.945096740722656e+02, 2.944879760742188e+02, 2.944662475585938e+02, 2.944444885253906e+02, 2.944227600097656e+02, 2.944010009765625e+02, 2.943793029785156e+02, 2.943576049804688e+02, 2.943359069824219e+02, 2.943142700195312e+02, 2.942926635742188e+02, 2.942711181640625e+02, 2.942496032714844e+02, 2.942281188964844e+02, 2.942066955566406e+02, 2.941853332519531e+02, 2.941640319824219e+02, 2.941427612304688e+02, 2.941215515136719e+02, 2.941004028320312e+02, 2.940792846679688e+02, 2.940582580566406e+02, 2.940372924804688e+02, 2.94016357421875e+02, 2.939955139160156e+02, 2.939747009277344e+02, 2.939539794921875e+02, 2.939332885742188e+02, 2.939126586914062e+02, 2.938921203613281e+02, 2.938716125488281e+02, 2.938511657714844e+02, 2.938307800292969e+02, 2.938104858398438e+02, 2.937902221679688e+02, 2.9377001953125e+02, 2.937498779296875e+02, 2.937297973632812e+02, 2.937097778320312e+02, 2.936898193359375e+02, 2.93669921875e+02, 2.936500549316406e+02, 2.936302795410156e+02, 2.936105651855469e+02, 2.935908813476562e+02, 2.935712890625e+02, 2.935517272949219e+02, 2.935322265625e+02, 2.935127868652344e+02, 2.934934387207031e+02, 2.934740905761719e+02, 2.93454833984375e+02]
volBotEas.T=[2.981499938964844e+02, 2.9653076171875e+02, 2.962556762695312e+02, 2.960536804199219e+02, 2.958978576660156e+02, 2.957723388671875e+02, 2.956673889160156e+02, 2.955769348144531e+02, 2.954969177246094e+02, 2.954246826171875e+02, 2.953582763671875e+02, 2.9529638671875e+02, 2.952380065917969e+02, 2.951823425292969e+02, 2.951288146972656e+02, 2.950768737792969e+02, 2.950261535644531e+02, 2.949762878417969e+02, 2.949269104003906e+02, 2.948779602050781e+02, 2.948297119140625e+02, 2.947824096679688e+02, 2.94736328125e+02, 2.946915893554688e+02, 2.946483459472656e+02, 2.946066284179688e+02, 2.945664978027344e+02, 2.945279541015625e+02, 2.94490966796875e+02, 2.944554748535156e+02, 2.9442138671875e+02, 2.943886413574219e+02, 2.943571472167969e+02, 2.943267517089844e+02, 2.942973937988281e+02, 2.942689514160156e+02, 2.942413635253906e+02, 2.942145080566406e+02, 2.941883239746094e+02, 2.941627197265625e+02, 2.941376647949219e+02, 2.941130676269531e+02, 2.940888977050781e+02, 2.940650939941406e+02, 2.940415954589844e+02, 2.940184326171875e+02, 2.939955139160156e+02, 2.939728393554688e+02, 2.939503784179688e+02, 2.939281005859375e+02, 2.939060363769531e+02, 2.938840942382812e+02, 2.938623046875e+02, 2.938406677246094e+02, 2.938191528320312e+02, 2.937977294921875e+02, 2.937764587402344e+02, 2.937552490234375e+02, 2.937341613769531e+02, 2.937131652832031e+02, 2.936922302246094e+02, 2.936714172363281e+02, 2.936506652832031e+02, 2.936300048828125e+02, 2.936094055175781e+02, 2.935888977050781e+02, 2.935684509277344e+02, 2.93548095703125e+02, 2.935277709960938e+02, 2.935075378417969e+02, 2.934873962402344e+02, 2.9346728515625e+02, 2.934472351074219e+02, 2.934272766113281e+02, 2.934073791503906e+02, 2.933875122070312e+02, 2.933677368164062e+02, 2.933480224609375e+02, 2.933283386230469e+02, 2.933087463378906e+02, 2.932892150878906e+02, 2.932697448730469e+02, 2.932503051757812e+02, 2.9323095703125e+02, 2.93211669921875e+02, 2.931924133300781e+02, 2.931732482910156e+02, 2.931541137695312e+02, 2.931350402832031e+02, 2.931160278320312e+02, 2.930970764160156e+02, 2.930781860351562e+02, 2.930593566894531e+02, 2.930405578613281e+02, 2.930218505859375e+02, 2.93003173828125e+02, 2.929845581054688e+02, 2.929660034179688e+02, 2.92947509765625e+02, 2.929290466308594e+02, 2.929106750488281e+02]
volTopWes.T=[2.931499938964844e+02, 2.920550537109375e+02, 2.920819702148438e+02, 2.92106201171875e+02, 2.921281433105469e+02, 2.921480712890625e+02, 2.92166259765625e+02, 2.921828918457031e+02, 2.921981811523438e+02, 2.922122802734375e+02, 2.922252807617188e+02, 2.922373352050781e+02, 2.922485046386719e+02, 2.922589416503906e+02, 2.922686462402344e+02, 2.922777404785156e+02, 2.922862243652344e+02, 2.922942199707031e+02, 2.923017272949219e+02, 2.923087768554688e+02, 2.923154296875e+02, 2.923217163085938e+02, 2.923276672363281e+02, 2.923332824707031e+02, 2.923386535644531e+02, 2.923437805175781e+02, 2.923486938476562e+02, 2.923533935546875e+02, 2.923579406738281e+02, 2.923623046875e+02, 2.923664855957031e+02, 2.923705444335938e+02, 2.923744201660156e+02, 2.92378173828125e+02, 2.923817749023438e+02, 2.923852844238281e+02, 2.923886413574219e+02, 2.923918762207031e+02, 2.9239501953125e+02, 2.923980712890625e+02, 2.924010009765625e+02, 2.924038391113281e+02, 2.924065856933594e+02, 2.924092407226562e+02, 2.924118347167969e+02, 2.924143371582031e+02, 2.92416748046875e+02, 2.924190979003906e+02, 2.9242138671875e+02, 2.924236145019531e+02, 2.924257507324219e+02, 2.924278259277344e+02, 2.924298706054688e+02, 2.924318542480469e+02, 2.924337768554688e+02, 2.924356384277344e+02, 2.924374389648438e+02, 2.92439208984375e+02, 2.924409484863281e+02, 2.92442626953125e+02, 2.924442749023438e+02, 2.924458618164062e+02, 2.924474182128906e+02, 2.924489135742188e+02, 2.924504089355469e+02, 2.924518432617188e+02, 2.924532775878906e+02, 2.924546508789062e+02, 2.924559936523438e+02, 2.924573059082031e+02, 2.924585876464844e+02, 2.924598388671875e+02, 2.924610595703125e+02, 2.924622497558594e+02, 2.924634094238281e+02, 2.924645690917969e+02, 2.924656982421875e+02, 2.92466796875e+02, 2.924678649902344e+02, 2.924689025878906e+02, 2.924699401855469e+02, 2.92470947265625e+02, 2.92471923828125e+02, 2.924728698730469e+02, 2.924738159179688e+02, 2.924747314453125e+02, 2.924756469726562e+02, 2.924765319824219e+02, 2.924773864746094e+02, 2.924782409667969e+02, 2.924790649414062e+02, 2.924798889160156e+02, 2.924806823730469e+02, 2.924814758300781e+02, 2.924822387695312e+02, 2.924830017089844e+02, 2.924837341308594e+02, 2.924844360351562e+02, 2.924851684570312e+02, 2.9248583984375e+02, 2.924865417480469e+02]
volTopEas.T=[2.941499938964844e+02, 2.929972229003906e+02, 2.929735717773438e+02, 2.929520874023438e+02, 2.929325256347656e+02, 2.929146728515625e+02, 2.928983154296875e+02, 2.928832702636719e+02, 2.92869384765625e+02, 2.928565673828125e+02, 2.928446655273438e+02, 2.928335876464844e+02, 2.928232421875e+02, 2.928135681152344e+02, 2.928045043945312e+02, 2.927959899902344e+02, 2.927879638671875e+02, 2.927803955078125e+02, 2.927732238769531e+02, 2.927664184570312e+02, 2.927599487304688e+02, 2.927538146972656e+02, 2.927479553222656e+02, 2.927423400878906e+02, 2.927369995117188e+02, 2.9273193359375e+02, 2.927271423339844e+02, 2.927225341796875e+02, 2.927181701660156e+02, 2.927140197753906e+02, 2.927100524902344e+02, 2.927062377929688e+02, 2.927026062011719e+02, 2.926991577148438e+02, 2.926958312988281e+02, 2.926926574707031e+02, 2.926896057128906e+02, 2.926866760253906e+02, 2.926838684082031e+02, 2.9268115234375e+02, 2.926785583496094e+02, 2.926760864257812e+02, 2.926736755371094e+02, 2.926713562011719e+02, 2.926691284179688e+02, 2.926669921875e+02, 2.926649169921875e+02, 2.926629333496094e+02, 2.926609802246094e+02, 2.926591186523438e+02, 2.926573181152344e+02, 2.926555786132812e+02, 2.926539001464844e+02, 2.926522521972656e+02, 2.926506958007812e+02, 2.92649169921875e+02, 2.926476745605469e+02, 2.92646240234375e+02, 2.926448364257812e+02, 2.926434936523438e+02, 2.926421813964844e+02, 2.926408996582031e+02, 2.926396484375e+02, 2.926384582519531e+02, 2.926372680664062e+02, 2.926361389160156e+02, 2.926350402832031e+02, 2.926339721679688e+02, 2.926329040527344e+02, 2.926318969726562e+02, 2.926308898925781e+02, 2.926299133300781e+02, 2.926289672851562e+02, 2.926280517578125e+02, 2.926271667480469e+02, 2.926262817382812e+02, 2.926254272460938e+02, 2.926246032714844e+02, 2.92623779296875e+02, 2.926229858398438e+02, 2.926222229003906e+02, 2.926214599609375e+02, 2.926207275390625e+02, 2.926199951171875e+02, 2.926192932128906e+02, 2.926185913085938e+02, 2.92617919921875e+02, 2.926172485351562e+02, 2.926166076660156e+02, 2.92615966796875e+02, 2.926153564453125e+02, 2.9261474609375e+02, 2.926141357421875e+02, 2.926135559082031e+02, 2.926130065917969e+02, 2.926124267578125e+02, 2.926118774414062e+02, 2.926113586425781e+02, 2.926108093261719e+02, 2.926102905273438e+02, 2.926098022460938e+02]
volOut.T=[2.831499938964844e+02, 2.831499938964844e+02]
oriWesTop.dp=[3.509163665771484e+01, 1.047529727220535e-01, 8.553294837474823e-02, 7.181704044342041e-02, 6.146359443664551e-02, 5.362322181463242e-02, 4.703870415687561e-02, 4.175591468811034e-02, 3.735722601413727e-02, 3.327178582549095e-02, 2.99850832670927e-02, 2.671352401375771e-02, 2.374084107577801e-02, 2.121678553521633e-02, 1.874561607837677e-02, 1.640139520168304e-02, 1.415207516402006e-02, 1.196940522640944e-02, 9.826733730733395e-03, 7.715726271271706e-03, 5.65631128847599e-03, 3.667661687359214e-03, 1.766175148077309e-03, -3.444839967414737e-05, -1.723408233374357e-03, -3.293740563094616e-03, -4.742528311908245e-03, -6.070086266845469e-03, -7.278926670551304e-03, -8.37378017604351e-03, -9.360597468912601e-03, -1.024692691862583e-02, -1.104014273732901e-02, -1.174853835254908e-02, -1.23795922845602e-02, -1.294127572327852e-02, -1.344045717269182e-02, -1.388414390385151e-02, -1.427827682346106e-02, -1.462866645306349e-02, -1.494027208536863e-02, -1.521770749241114e-02, -1.546502765268087e-02, -1.568577624857426e-02, -1.588323712348938e-02, -1.606005989015102e-02, -1.621885038912296e-02, -1.636169105768204e-02, -1.649047248065472e-02, -1.660683937370777e-02, -1.671219430863857e-02, -1.680784858763218e-02, -1.689488999545574e-02, -1.697428151965141e-02, -1.704685762524605e-02, -1.711332611739635e-02, -1.717437244951725e-02, -1.723049022257328e-02, -1.728218421339989e-02, -1.732989586889744e-02, -1.737391948699951e-02, -1.741467416286469e-02, -1.745236106216908e-02, -1.74872986972332e-02, -1.751969009637833e-02, -1.754973456263542e-02, -1.75776332616806e-02, -1.760352589190006e-02, -1.762757822871208e-02, -1.764990016818047e-02, -1.767061091959476e-02, -1.768981292843819e-02, -1.770759373903275e-02, -1.77240539342165e-02, -1.773925870656967e-02, -1.775325648486614e-02, -1.776611059904099e-02, -1.777792163193226e-02, -1.778870634734631e-02, -1.779849268496037e-02, -1.780730858445168e-02, -1.781526021659374e-02, -1.782234199345112e-02, -1.782858557999134e-02, -1.783401891589165e-02, -1.783868670463562e-02, -1.78426131606102e-02, -1.784582808613777e-02, -1.784836314618587e-02, -1.7850236967206e-02, -1.785147748887539e-02, -1.785211823880672e-02, -1.785218715667725e-02, -1.785168424248695e-02, -1.785062439739704e-02, -1.7849026247859e-02, -1.784690096974373e-02, -1.784427464008331e-02, -1.78411640226841e-02, -1.783758215606213e-02, -1.783354021608829e-02]
oriEasTop.dp=[-3.485583877563477e+01, 1.047680601477623e-01, 8.554068207740784e-02, 7.175745069980621e-02, 6.155804544687271e-02, 5.341429635882378e-02, 4.713949933648109e-02, 4.176658764481544e-02, 3.711250051856041e-02, 3.333953395485878e-02, 2.967549487948418e-02, 2.669727616012096e-02, 2.39669568836689e-02, 2.12156530469656e-02, 1.874358765780925e-02, 1.639941334724426e-02, 1.415013335645199e-02, 1.196747366338968e-02, 9.824828244745731e-03, 7.713835220783949e-03, 5.654437933117151e-03, 3.665776923298836e-03, 1.764293294399977e-03, -3.634365566540509e-05, -1.725334906950593e-03, -3.295700298622251e-03, -4.744524136185646e-03, -6.072136573493485e-03, -7.281124126166109e-03, -8.375901728868484e-03, -9.362963028252125e-03, -1.024908851832151e-02, -1.104247476905584e-02, -1.175066828727722e-02, -1.238190941512585e-02, -1.294343080371618e-02, -1.344276405870914e-02, -1.388633903115988e-02, -1.428057067096233e-02, -1.463090907782316e-02, -1.494255289435387e-02, -1.521999482065439e-02, -1.546729542315006e-02, -1.568810269236565e-02, -1.588549464941025e-02, -1.60624124109745e-02, -1.62211861461401e-02, -1.636402681469917e-02, -1.649280823767185e-02, -1.660917140543461e-02, -1.671452261507511e-02, -1.681017503142357e-02, -1.689721457660198e-02, -1.697660237550735e-02, -1.704917103052139e-02, -1.71156357973814e-02, -1.717667654156685e-02, -1.723278872668743e-02, -1.728448085486889e-02, -1.733218505978584e-02, -1.737620308995247e-02, -1.741695031523705e-02, -1.745463348925114e-02, -1.748956553637981e-02, -1.752195134758949e-02, -1.755199022591114e-02, -1.757988333702087e-02, -1.760577224195004e-02, -1.762981899082661e-02, -1.765213347971439e-02, -1.767284050583839e-02, -1.769203506410122e-02, -1.770981028676033e-02, -1.772626489400864e-02, -1.774146221578121e-02, -1.775545440614223e-02, -1.776830106973648e-02, -1.778010837733746e-02, -1.779088564217091e-02, -1.780066639184952e-02, -1.780947856605053e-02, -1.7817422747612e-02, -1.782450079917908e-02, -1.78307369351387e-02, -1.783616095781326e-02, -1.784082315862179e-02, -1.784474216401577e-02, -1.784795150160789e-02, -1.785048469901085e-02, -1.785235293209553e-02, -1.785358972847462e-02, -1.78542248904705e-02, -1.785428822040558e-02, -1.785377971827984e-02, -1.785271242260933e-02, -1.785110868513584e-02, -1.784897781908512e-02, -1.784634403884411e-02, -1.784322969615459e-02, -1.783964037895203e-02, -1.783559285104275e-02]
oriOutTop.dp=[1.3259169921875e+03, 8.224537372589111e-01, 8.063088655471802e-01, 7.944307923316956e-01, 7.852612137794495e-01, 7.77854323387146e-01, 7.716782093048096e-01, 7.66323983669281e-01, 7.615965008735657e-01, 7.573081851005554e-01, 7.533273100852966e-01, 7.497422695159912e-01, 7.46326744556427e-01, 7.429929375648499e-01, 7.398209571838379e-01, 7.367438673973083e-01, 7.337369918823242e-01, 7.307791113853455e-01, 7.278503179550171e-01, 7.249451875686646e-01, 7.220804691314697e-01, 7.192720770835876e-01, 7.165334224700928e-01, 7.138757705688477e-01, 7.113053798675537e-01, 7.088255286216736e-01, 7.064389586448669e-01, 7.041460275650024e-01, 7.019451856613159e-01, 6.998330354690552e-01, 6.978049278259277e-01, 6.958555579185486e-01, 6.939789056777954e-01, 6.921689510345459e-01, 6.904197335243225e-01, 6.887252926826477e-01, 6.870802044868469e-01, 6.854792833328247e-01, 6.839178204536438e-01, 6.823914647102356e-01, 6.808963418006897e-01, 6.794290542602539e-01, 6.779863834381104e-01, 6.765657067298889e-01, 6.751645803451538e-01, 6.737808585166931e-01, 6.724128127098083e-01, 6.71058714389801e-01, 6.697171926498413e-01, 6.683871150016785e-01, 6.670673489570618e-01, 6.657570004463196e-01, 6.64455235004425e-01, 6.631613969802856e-01, 6.618748903274536e-01, 6.60595178604126e-01, 6.593217849731445e-01, 6.580544114112854e-01, 6.567927002906799e-01, 6.555363535881042e-01, 6.542851328849792e-01, 6.530387997627258e-01, 6.517972350120544e-01, 6.50560200214386e-01, 6.493275761604309e-01, 6.480993032455444e-01, 6.468751430511475e-01, 6.456550359725952e-01, 6.444389224052429e-01, 6.432267427444458e-01, 6.420184373855591e-01, 6.408138871192932e-01, 6.396130323410034e-01, 6.384159326553345e-01, 6.372224092483521e-01, 6.360325813293457e-01, 6.348462700843811e-01, 6.33663535118103e-01, 6.324842572212219e-01, 6.313085556030273e-01, 6.301363110542297e-01, 6.289675235748291e-01, 6.278021335601807e-01, 6.266402006149292e-01, 6.254816651344299e-01, 6.243265271186829e-01, 6.231747269630432e-01, 6.22026264667511e-01, 6.208811402320862e-01, 6.197393536567688e-01, 6.186008453369141e-01, 6.17465615272522e-01, 6.163336038589478e-01, 6.152048707008362e-01, 6.140793561935425e-01, 6.129571199417114e-01, 6.118381023406982e-01, 6.107222437858582e-01, 6.096096038818359e-01, 6.085001230239868e-01, 6.073938608169556e-01]
oriOutBot.dp=[1.3240830078125e+03, -8.225299119949341e-01, -8.063526749610901e-01, -7.944582104682922e-01, -7.852677702903748e-01, -7.778703570365906e-01, -7.71661102771759e-01, -7.663302421569824e-01, -7.61602520942688e-01, -7.573474645614624e-01, -7.534744739532471e-01, -7.497355341911316e-01, -7.462385296821594e-01, -7.429804801940918e-01, -7.398084998130798e-01, -7.367311716079712e-01, -7.337241768836975e-01, -7.307663559913635e-01, -7.278376817703247e-01, -7.249326109886169e-01, -7.220678925514221e-01, -7.192593812942505e-01, -7.165205478668213e-01, -7.138626575469971e-01, -7.112919092178345e-01, -7.088117003440857e-01, -7.064247727394104e-01, -7.041314840316772e-01, -7.019302248954773e-01, -6.998177170753479e-01, -6.977893710136414e-01, -6.958397030830383e-01, -6.939628124237061e-01, -6.921526193618774e-01, -6.90403163433075e-01, -6.887085437774658e-01, -6.870633363723755e-01, -6.854622960090637e-01, -6.839007139205933e-01, -6.823742985725403e-01, -6.808791160583496e-01, -6.79411768913269e-01, -6.779690980911255e-01, -6.765483617782593e-01, -6.751472353935242e-01, -6.737635731697083e-01, -6.723954677581787e-01, -6.710414290428162e-01, -6.696999669075012e-01, -6.683698892593384e-01, -6.670501232147217e-01, -6.657398343086243e-01, -6.644381284713745e-01, -6.631442904472351e-01, -6.618578433990479e-01, -6.60578191280365e-01, -6.593048572540283e-01, -6.58037543296814e-01, -6.567758917808533e-01, -6.555196046829224e-01, -6.542684435844421e-01, -6.530221700668335e-01, -6.517806649208069e-01, -6.505436897277832e-01, -6.493111252784729e-01, -6.480828523635864e-01, -6.468587517738342e-01, -6.456387639045715e-01, -6.44422709941864e-01, -6.432105898857117e-01, -6.42002284526825e-01, -6.407977938652039e-01, -6.395970582962036e-01, -6.384000182151794e-01, -6.372065544128418e-01, -6.360167264938354e-01, -6.348305344581604e-01, -6.336477994918823e-01, -6.324686408042908e-01, -6.31292998790741e-01, -6.301208138465881e-01, -6.289520859718323e-01, -6.277867555618286e-01, -6.266248822212219e-01, -6.254664063453674e-01, -6.243112683296204e-01, -6.231595277786255e-01, -6.22011125087738e-01, -6.20866060256958e-01, -6.197243332862854e-01, -6.185858845710754e-01, -6.174506545066833e-01, -6.163187623023987e-01, -6.151900887489319e-01, -6.14064633846283e-01, -6.129423975944519e-01, -6.118234395980835e-01, -6.107076406478882e-01, -6.095950603485107e-01, -6.084856390953064e-01, -6.073794364929199e-01]
dooOpeClo.dpAB[1]=[1.630439311265945e-01, 8.686816692352295e-02, 6.82060644030571e-02, 5.505694076418877e-02, 4.537877067923546e-02, 3.797604888677597e-02, 3.210746869444847e-02, 2.731275372207164e-02, 2.328816056251526e-02, 1.982968486845493e-02, 1.679492555558681e-02, 1.40819139778614e-02, 1.16151412948966e-02, 9.336717426776886e-03, 7.200356572866436e-03, 5.16887754201889e-03, 3.211090806871653e-03, 1.299893483519554e-03, -5.90376672334969e-04, -2.466222271323204e-03, -4.305279348045588e-03, -6.08630757778883e-03, -7.791060954332352e-03, -9.404268115758896e-03, -1.091363746672869e-02, -1.231095101684332e-02, -1.359244808554649e-02, -1.475782319903374e-02, -1.580912806093693e-02, -1.675056293606758e-02, -1.758810132741928e-02, -1.832871325314045e-02, -1.898007094860077e-02, -1.954999752342701e-02, -2.004629001021385e-02, -2.047649770975113e-02, -2.084777690470219e-02, -2.116680331528187e-02, -2.143970690667629e-02, -2.167206816375256e-02, -2.186891436576843e-02, -2.203473448753357e-02, -2.217352390289307e-02, -2.228880859911442e-02, -2.238369733095169e-02, -2.246090583503246e-02, -2.252282947301865e-02, -2.257153019309044e-02, -2.260880917310715e-02, -2.263622730970383e-02, -2.265511453151703e-02, -2.26666945964098e-02, -2.267198078334332e-02, -2.267185412347317e-02, -2.266707457602024e-02, -2.265827730298042e-02, -2.264607511460781e-02, -2.263089269399643e-02, -2.26131659001112e-02, -2.259327098727226e-02, -2.257143706083298e-02, -2.254802547395229e-02, -2.25231796503067e-02, -2.249715477228165e-02, -2.247010916471481e-02, -2.244218438863754e-02, -2.241353318095207e-02, -2.238425053656101e-02, -2.235445007681847e-02, -2.23242025822401e-02, -2.229358442127705e-02, -2.226265333592892e-02, -2.22314614802599e-02, -2.22000740468502e-02, -2.216851338744164e-02, -2.213680185377598e-02, -2.210496366024017e-02, -2.207307331264019e-02, -2.204111032187939e-02, -2.200907841324806e-02, -2.197697944939137e-02, -2.194488793611526e-02, -2.191277965903282e-02, -2.188065834343433e-02, -2.184852957725525e-02, -2.181641571223736e-02, -2.178431488573551e-02, -2.175224013626575e-02, -2.172020263969898e-02, -2.16881986707449e-02, -2.165624313056469e-02, -2.162434905767441e-02, -2.15925294905901e-02, -2.156076394021511e-02, -2.15290505439043e-02, -2.149739302694798e-02, -2.146578766405582e-02, -2.143424563109875e-02, -2.140277437865734e-02, -2.137136831879616e-02, -2.134002931416035e-02]
