last-generated=2024-07-29
statistics-initialization=
{
  "nonlinear": "1",
  "numerical Jacobians": "0"
}
statistics-simulation=
{
  "linear": "0",
  "nonlinear": "1",
  "number of continuous time states": "10",
  "numerical Jacobians": "0"
}
time=[0e+00, 8.4e+04]
boilerControlBus.TSupMea=[3.031499938964844e+02, 3.330051879882812e+02, 3.329948120117188e+02, 3.329955749511719e+02, 3.329966125488281e+02, 3.329978637695312e+02, 3.329992370605469e+02, 3.330006408691406e+02, 3.330020141601562e+02, 3.330032653808594e+02, 3.330043334960938e+02, 3.33005126953125e+02, 3.330056457519531e+02, 3.330058288574219e+02, 3.330056457519531e+02, 3.330051574707031e+02, 3.330043334960938e+02, 3.330032653808594e+02, 3.330019836425781e+02, 3.330005798339844e+02, 3.329991455078125e+02, 3.329977722167969e+02, 3.329965209960938e+02, 3.329955139160156e+02, 3.329947204589844e+02, 3.329942932128906e+02, 3.329941711425781e+02, 3.329944152832031e+02, 3.329949951171875e+02, 3.32995849609375e+02, 3.329969482421875e+02, 3.329982299804688e+02, 3.329996337890625e+02, 3.330010375976562e+02, 3.330023803710938e+02, 3.330036010742188e+02, 3.330045776367188e+02, 3.330053100585938e+02, 3.330057373046875e+02, 3.330057983398438e+02, 3.330055541992188e+02, 3.330049438476562e+02, 3.330040283203125e+02, 3.330029296875e+02, 3.330015869140625e+02, 3.330001831054688e+02, 3.329987487792969e+02, 3.329973754882812e+02, 3.329961853027344e+02, 3.329952392578125e+02, 3.329945678710938e+02, 3.329942321777344e+02, 3.329942016601562e+02, 3.329945678710938e+02, 3.329952087402344e+02, 3.329961547851562e+02, 3.32997314453125e+02, 3.329986267089844e+02, 3.330000305175781e+02, 3.330014343261719e+02, 3.330027465820312e+02, 3.3300390625e+02, 3.330048217773438e+02, 3.330054626464844e+02, 3.330057983398438e+02, 3.330057678222656e+02, 3.330054016113281e+02, 3.330046997070312e+02, 3.330037536621094e+02, 3.330025329589844e+02, 3.330011901855469e+02, 3.32999755859375e+02, 3.329983520507812e+02, 3.329970397949219e+02, 3.329959106445312e+02, 3.329950256347656e+02, 3.329944458007812e+02, 3.329941711425781e+02, 3.329942932128906e+02, 3.329947204589844e+02, 3.329954528808594e+02, 3.329964599609375e+02, 3.329976806640625e+02, 3.329990234375e+02, 3.330004272460938e+02, 3.330018310546875e+02, 3.330030822753906e+02, 3.330041809082031e+02, 3.330050354003906e+02, 3.330055847167969e+02, 3.330058288574219e+02, 3.330057067871094e+02, 3.330052490234375e+02, 3.330044555664062e+02, 3.3300341796875e+02, 3.330021667480469e+02, 3.330007934570312e+02, 3.329993591308594e+02, 3.329979553222656e+02, 3.329966735839844e+02, 3.329956359863281e+02]
boilerControlBus.TRetMea=[3.031499938964844e+02, 3.275093688964844e+02, 3.2725634765625e+02, 3.270430603027344e+02, 3.268706970214844e+02, 3.267494812011719e+02, 3.266866149902344e+02, 3.266858825683594e+02, 3.267472534179688e+02, 3.268671264648438e+02, 3.270383911132812e+02, 3.272508239746094e+02, 3.274918823242188e+02, 3.277471618652344e+02, 3.280015563964844e+02, 3.282398986816406e+02, 3.284480895996094e+02, 3.286137390136719e+02, 3.287269592285156e+02, 3.287810668945312e+02, 3.287728271484375e+02, 3.287027587890625e+02, 3.285750122070312e+02, 3.28397216796875e+02, 3.281798400878906e+02, 3.279358825683594e+02, 3.276798095703125e+02, 3.274268188476562e+02, 3.271919555664062e+02, 3.269891357421875e+02, 3.268304748535156e+02, 3.26725341796875e+02, 3.266799926757812e+02, 3.266971435546875e+02, 3.267757873535156e+02, 3.269111938476562e+02, 3.270953979492188e+02, 3.273173828125e+02, 3.275639953613281e+02, 3.278206176757812e+02, 3.280719299316406e+02, 3.283030395507812e+02, 3.28500244140625e+02, 3.286517944335938e+02, 3.287486572265625e+02, 3.287851257324219e+02, 3.287590026855469e+02, 3.28671875e+02, 3.285289001464844e+02, 3.283385925292969e+02, 3.281122436523438e+02, 3.278633117675781e+02, 3.276065368652344e+02, 3.273572082519531e+02, 3.271301574707031e+02, 3.269388427734375e+02, 3.267946166992188e+02, 3.267060852050781e+02, 3.266784973144531e+02, 3.267134704589844e+02, 3.268089599609375e+02, 3.269592895507812e+02, 3.271554870605469e+02, 3.273859558105469e+02, 3.27636962890625e+02, 3.278936157226562e+02, 3.281406555175781e+02, 3.283634033203125e+02, 3.285486450195312e+02, 3.286853332519531e+02, 3.28765380859375e+02, 3.287840270996094e+02, 3.287401733398438e+02, 3.286364135742188e+02, 3.284789123535156e+02, 3.282770690917969e+02, 3.280427856445312e+02, 3.277900695800781e+02, 3.275338745117188e+02, 3.272894592285156e+02, 3.270713195800781e+02, 3.268923950195312e+02, 3.267633666992188e+02, 3.266918640136719e+02, 3.2668212890625e+02, 3.267347717285156e+02, 3.268466491699219e+02, 3.270111389160156e+02, 3.272184143066406e+02, 3.274562072753906e+02, 3.277103881835938e+02, 3.279658508300781e+02, 3.282073974609375e+02, 3.284206848144531e+02, 3.285930786132812e+02, 3.287142639160156e+02, 3.28777099609375e+02, 3.2877783203125e+02, 3.287164306640625e+02, 3.285965576171875e+02, 3.2842529296875e+02]
boilerControlBus.Efficiency=[9.749991893768311e-01, 9.017769694328308e-01, 9.02664840221405e-01, 9.033956527709961e-01, 9.039793610572815e-01, 9.043859243392944e-01, 9.04594898223877e-01, 9.045961499214172e-01, 9.043896198272705e-01, 9.039855003356934e-01, 9.034039974212646e-01, 9.026750922203064e-01, 9.018378257751465e-01, 9.009389877319336e-01, 9.000309109687805e-01, 8.99168848991394e-01, 8.984071016311646e-01, 8.978731036186218e-01, 8.9753657579422e-01, 8.973773121833801e-01, 8.9740389585495e-01, 8.976147174835205e-01, 8.979986310005188e-01, 8.986007571220398e-01, 8.993951678276062e-01, 9.002754688262939e-01, 9.011867642402649e-01, 9.020742177963257e-01, 9.028865694999695e-01, 9.035789370536804e-01, 9.041146636009216e-01, 9.044663906097412e-01, 9.0461665391922e-01, 9.045581221580505e-01, 9.042936563491821e-01, 9.038363695144653e-01, 9.032092690467834e-01, 9.024450182914734e-01, 9.015851020812988e-01, 9.006780982017517e-01, 8.997775316238403e-01, 8.989386558532715e-01, 8.982150554656982e-01, 8.977596759796143e-01, 8.974724411964417e-01, 8.973658680915833e-01, 8.974456191062927e-01, 8.977075219154358e-01, 8.981373906135559e-01, 8.988158702850342e-01, 8.996402621269226e-01, 9.005351066589355e-01, 9.014450907707214e-01, 9.023160338401794e-01, 9.030984044075012e-01, 9.037493467330933e-01, 9.042348861694336e-01, 9.0453040599823e-01, 9.046213030815125e-01, 9.045031666755676e-01, 9.041818380355835e-01, 9.036732316017151e-01, 9.030032157897949e-01, 9.0220707654953e-01, 9.013285040855408e-01, 9.00417685508728e-01, 8.995291590690613e-01, 8.987179398536682e-01, 8.980674147605896e-01, 8.976598978042603e-01, 8.974230885505676e-01, 8.973696231842041e-01, 8.975023031234741e-01, 8.978140354156494e-01, 8.982996344566345e-01, 8.990410566329956e-01, 8.998911380767822e-01, 9.007959961891174e-01, 9.017001986503601e-01, 9.025506377220154e-01, 9.032994508743286e-01, 9.039062261581421e-01, 9.043395519256592e-01, 9.045776128768921e-01, 9.046088457107544e-01, 9.044315814971924e-01, 9.040547013282776e-01, 9.034969210624695e-01, 9.027868509292603e-01, 9.019623994827271e-01, 9.010692238807678e-01, 9.001591205596924e-01, 8.992871046066284e-01, 8.98507833480835e-01, 8.979346752166748e-01, 8.975740671157837e-01, 8.973888158798218e-01, 8.973886370658875e-01, 8.975736498832703e-01, 8.979339003562927e-01, 8.984974026679993e-01]
boilerControlBus.ThermalPower=[5.291568359375e+04, 2.615191796875e+04, 2.7523720703125e+04, 2.85397265625e+04, 2.936270703125e+04, 2.9943802734375e+04, 3.024852734375e+04, 3.025875390625e+04, 2.9973876953125e+04, 2.9410828125e+04, 2.860305859375e+04, 2.75985546875e+04, 2.6456982421875e+04, 2.524617578125e+04, 2.403805078125e+04, 2.2904392578125e+04, 2.191254296875e+04, 2.1121349609375e+04, 2.0578048828125e+04, 2.031469140625e+04, 2.0346986328125e+04, 2.0673044921875e+04, 2.1273470703125e+04, 2.2112537109375e+04, 2.314059375e+04, 2.4296326171875e+04, 2.5511216796875e+04, 2.6713037109375e+04, 2.7830404296875e+04, 2.879693359375e+04, 2.9555208984375e+04, 3.006018359375e+04, 3.0281857421875e+04, 3.020705078125e+04, 2.9840236328125e+04, 2.9203169921875e+04, 2.83337265625e+04, 2.72835390625e+04, 2.6115009765625e+04, 2.4897552734375e+04, 2.370349609375e+04, 2.260377734375e+04, 2.1663720703125e+04, 2.093912109375e+04, 2.0473224609375e+04, 2.029349609375e+04, 2.0410701171875e+04, 2.0817869140625e+04, 2.149078125e+04, 2.23895390625e+04, 2.346062890625e+04, 2.4640541015625e+04, 2.5859099609375e+04, 2.7043943359375e+04, 2.8124658203125e+04, 2.903706445312501e+04, 2.9726947265625e+04, 3.0153328125e+04, 3.0290869140625e+04, 3.013140625e+04, 2.9684416015625e+04, 2.8976443359375e+04, 2.8049556640625e+04, 2.695880859375e+04, 2.576901171875e+04, 2.455083984375e+04, 2.3376666015625e+04, 2.231625e+04, 2.143269335937499e+04, 2.077813671875e+04, 2.03918671875e+04, 2.0296654296875e+04, 2.0498193359375e+04, 2.0984486328125e+04, 2.172680078125e+04, 2.2680580078125e+04, 2.3789640625e+04, 2.49879140625e+04, 2.6204220703125e+04, 2.7366306640625e+04, 2.8405111328125e+04, 2.9258947265625e+04, 2.9877080078125e+04, 3.0222787109375e+04, 3.0275537109375e+04, 3.0032185546875e+04, 2.9507201171875e+04, 2.8731767578125e+04, 2.7751947265625e+04, 2.66259609375e+04, 2.5420685546875e+04, 2.4207736328125e+04, 2.3059166015625e+04, 2.2043189453125e+04, 2.122055078125e+04, 2.063908984375e+04, 2.03343984375e+04, 2.0324146484375e+04, 2.0609033203125e+04, 2.1172083984375e+04, 2.197980859375e+04]
boilerControlBus.fuelPower=[5.427254296875e+04, 2.9000427734375e+04, 3.049162890625e+04, 3.159161328125e+04, 3.2481611328125e+04, 3.310954296875e+04, 3.343875390625e+04, 3.3450015625e+04, 3.314265625e+04, 3.2534623046875e+04, 3.1661423828125e+04, 3.0574185546875e+04, 2.9336740234375e+04, 2.8022072265625e+04, 2.670802734375e+04, 2.5472849609375e+04, 2.43904375e+04, 2.35237578125e+04, 2.292725390625e+04, 2.263784765625e+04, 2.2673166015625e+04, 2.3031087890625e+04, 2.3689869140625e+04, 2.4607744140625e+04, 2.57290625e+04, 2.6987658203125e+04, 2.8308466796875e+04, 2.961290625e+04, 3.0823810546875e+04, 3.1869859375e+04, 3.268966796875e+04, 3.323526953125e+04, 3.3474796875e+04, 3.339426171875e+04, 3.2998390625e+04, 3.2310240234375e+04, 3.137005859375e+04, 3.023291015625e+04, 2.8965662109375e+04, 2.764312109375e+04, 2.6343728515625e+04, 2.5144958984375e+04, 2.4118634765625e+04, 2.332375e+04, 2.281209375e+04, 2.2614517578125e+04, 2.2743107421875e+04, 2.319003515625e+04, 2.392816796875e+04, 2.49100390625e+04, 2.6077787109375e+04, 2.7362109375e+04, 2.86862734375e+04, 2.9971697265625e+04, 3.1142408203125e+04, 3.212955468750001e+04, 3.287525000000001e+04, 3.3335890625e+04, 3.34845859375e+04, 3.331266015625e+04, 3.2830140625e+04, 3.2065177734375e+04, 3.106251953125e+04, 2.9880955078125e+04, 2.8590033203125e+04, 2.7266056640625e+04, 2.5987669921875e+04, 2.4831205078125e+04, 2.386534960937499e+04, 2.314700390625e+04, 2.2722689453125e+04, 2.261794140625e+04, 2.2839154296875e+04, 2.337286328125e+04, 2.4186583984375e+04, 2.52275234375e+04, 2.6436130859375e+04, 2.7739814453125e+04, 2.906090234375e+04, 3.0321076171875e+04, 3.1445953125e+04, 3.236944921875e+04, 3.303745703125e+04, 3.34109375e+04, 3.346809765625e+04, 3.320558984375e+04, 3.2638734375e+04, 3.1800626953125e+04, 3.074030859375e+04, 2.9520033203125e+04, 2.821169140625e+04, 2.689273046875e+04, 2.5641607421875e+04, 2.4533107421875e+04, 2.363262109375e+04, 2.2994302734375e+04, 2.2659517578125e+04, 2.2648099609375e+04, 2.2960828125e+04, 2.357866796875e+04, 2.44628515625e+04]
