last-generated=2025-03-13
statistics-initialization=
{
  "nonlinear": "1",
  "numerical Jacobians": "0"
}
statistics-simulation=
{
  "linear": "0",
  "nonlinear": "1",
  "number of continuous time states": "11",
  "numerical Jacobians": "0"
}
time=[0e+00, 8.4e+04]
boiBus.TSupMea=[3.031499938964844e+02, 3.334872131347656e+02, 3.329949645996094e+02, 3.3299560546875e+02, 3.329966430664062e+02, 3.329978637695312e+02, 3.329992370605469e+02, 3.330006408691406e+02, 3.330020141601562e+02, 3.330032653808594e+02, 3.330043334960938e+02, 3.33005126953125e+02, 3.330056457519531e+02, 3.330057983398438e+02, 3.330056457519531e+02, 3.33005126953125e+02, 3.330043029785156e+02, 3.330032348632812e+02, 3.330019836425781e+02, 3.330005798339844e+02, 3.329991455078125e+02, 3.329977722167969e+02, 3.329965209960938e+02, 3.329955139160156e+02, 3.329947509765625e+02, 3.329942932128906e+02, 3.329942016601562e+02, 3.329944458007812e+02, 3.329949951171875e+02, 3.329958801269531e+02, 3.329969787597656e+02, 3.329982604980469e+02, 3.329996337890625e+02, 3.330010375976562e+02, 3.330023803710938e+02, 3.330035705566406e+02, 3.330045776367188e+02, 3.330053100585938e+02, 3.330057067871094e+02, 3.330057983398438e+02, 3.330055236816406e+02, 3.330049133300781e+02, 3.330040283203125e+02, 3.330028991699219e+02, 3.330015869140625e+02, 3.330001831054688e+02, 3.329987487792969e+02, 3.329974060058594e+02, 3.329962158203125e+02, 3.329952697753906e+02, 3.329945983886719e+02, 3.329942321777344e+02, 3.329942321777344e+02, 3.329945678710938e+02, 3.329952392578125e+02, 3.329961547851562e+02, 3.32997314453125e+02, 3.329986267089844e+02, 3.330000305175781e+02, 3.330014343261719e+02, 3.330027465820312e+02, 3.3300390625e+02, 3.330048217773438e+02, 3.330054626464844e+02, 3.330057678222656e+02, 3.330057373046875e+02, 3.3300537109375e+02, 3.330046997070312e+02, 3.330037536621094e+02, 3.330025329589844e+02, 3.330011901855469e+02, 3.32999755859375e+02, 3.329983520507812e+02, 3.329970397949219e+02, 3.329959106445312e+02, 3.329950561523438e+02, 3.329944458007812e+02, 3.329942016601562e+02, 3.329942932128906e+02, 3.329947204589844e+02, 3.329954528808594e+02, 3.329964599609375e+02, 3.329976806640625e+02, 3.329990234375e+02, 3.330004272460938e+02, 3.330018005371094e+02, 3.330030822753906e+02, 3.330041809082031e+02, 3.330050354003906e+02, 3.330055847167969e+02, 3.330057983398438e+02, 3.330056762695312e+02, 3.330052185058594e+02, 3.330044555664062e+02, 3.3300341796875e+02, 3.330021667480469e+02, 3.330007934570312e+02, 3.329993591308594e+02, 3.329979553222656e+02, 3.329967041015625e+02, 3.329956359863281e+02]
boiBus.TRetMea=[3.031499938964844e+02, 3.273829956054688e+02, 3.272564086914062e+02, 3.270430908203125e+02, 3.268706970214844e+02, 3.267494812011719e+02, 3.266866149902344e+02, 3.266858520507812e+02, 3.267472534179688e+02, 3.268671264648438e+02, 3.270383605957031e+02, 3.272508239746094e+02, 3.274918518066406e+02, 3.277471313476562e+02, 3.280015258789062e+02, 3.282398986816406e+02, 3.284480590820312e+02, 3.286137084960938e+02, 3.287269287109375e+02, 3.287810668945312e+02, 3.287728271484375e+02, 3.287027587890625e+02, 3.285750427246094e+02, 3.28397216796875e+02, 3.281798706054688e+02, 3.279359130859375e+02, 3.276798095703125e+02, 3.274268188476562e+02, 3.271919555664062e+02, 3.269891662597656e+02, 3.268304748535156e+02, 3.26725341796875e+02, 3.266799926757812e+02, 3.266971435546875e+02, 3.267757873535156e+02, 3.269111938476562e+02, 3.270953674316406e+02, 3.273173828125e+02, 3.275639953613281e+02, 3.278205871582031e+02, 3.280719299316406e+02, 3.283030395507812e+02, 3.285002136230469e+02, 3.286517639160156e+02, 3.287486572265625e+02, 3.287851257324219e+02, 3.287590026855469e+02, 3.28671875e+02, 3.285289306640625e+02, 3.28338623046875e+02, 3.281122741699219e+02, 3.278633117675781e+02, 3.276065673828125e+02, 3.273572387695312e+02, 3.271301879882812e+02, 3.269388427734375e+02, 3.267946472167969e+02, 3.267060852050781e+02, 3.266784973144531e+02, 3.267134704589844e+02, 3.268089599609375e+02, 3.269592590332031e+02, 3.271554870605469e+02, 3.273859558105469e+02, 3.27636962890625e+02, 3.278936157226562e+02, 3.281406555175781e+02, 3.283634033203125e+02, 3.285486450195312e+02, 3.286853332519531e+02, 3.28765380859375e+02, 3.287840270996094e+02, 3.287401733398438e+02, 3.286364135742188e+02, 3.284789428710938e+02, 3.282770690917969e+02, 3.280428161621094e+02, 3.277901000976562e+02, 3.275339050292969e+02, 3.272894592285156e+02, 3.270713195800781e+02, 3.268923950195312e+02, 3.267633666992188e+02, 3.266918640136719e+02, 3.2668212890625e+02, 3.267347717285156e+02, 3.268466491699219e+02, 3.270111083984375e+02, 3.272184143066406e+02, 3.274562072753906e+02, 3.277103576660156e+02, 3.279658203125e+02, 3.282073669433594e+02, 3.284206848144531e+02, 3.285930480957031e+02, 3.287142639160156e+02, 3.28777099609375e+02, 3.2877783203125e+02, 3.287164611816406e+02, 3.285965576171875e+02, 3.284253234863281e+02]
boiBus.eta=[9.740291833877563e-01, 9.016848206520081e-01, 9.025660753250122e-01, 9.032811522483826e-01, 9.038521647453308e-01, 9.042498469352722e-01, 9.04454231262207e-01, 9.04455304145813e-01, 9.042531251907349e-01, 9.038575887680054e-01, 9.032886028289795e-01, 9.025754928588867e-01, 9.017565250396729e-01, 9.008775353431702e-01, 8.999897241592407e-01, 8.991469740867615e-01, 8.984024524688721e-01, 8.978699445724487e-01, 8.975300788879395e-01, 8.973692655563354e-01, 8.973959684371948e-01, 8.976088166236877e-01, 8.979963064193726e-01, 8.985925316810608e-01, 8.993691205978394e-01, 9.00229811668396e-01, 9.011208415031433e-01, 9.01988685131073e-01, 9.02783215045929e-01, 9.034604430198669e-01, 9.03984546661377e-01, 9.043285846710205e-01, 9.044754505157471e-01, 9.044180512428284e-01, 9.041591882705688e-01, 9.037116169929504e-01, 9.030980467796326e-01, 9.023504257202148e-01, 9.015093445777893e-01, 9.006224274635315e-01, 8.997419476509094e-01, 8.989220261573792e-01, 8.982147574424744e-01, 8.977554440498352e-01, 8.974653482437134e-01, 8.973576426506042e-01, 8.97438108921051e-01, 8.977024555206299e-01, 8.981364369392395e-01, 8.988028168678284e-01, 8.996087312698364e-01, 9.004836678504944e-01, 9.013734459877014e-01, 9.022251963615417e-01, 9.029904007911682e-01, 9.036271572113037e-01, 9.041021466255188e-01, 9.043911695480347e-01, 9.0447998046875e-01, 9.04364287853241e-01, 9.040497541427612e-01, 9.035520553588867e-01, 9.028964638710022e-01, 9.021177291870117e-01, 9.012584090232849e-01, 9.003678560256958e-01, 8.994991779327393e-01, 8.987062573432922e-01, 8.980661630630493e-01, 8.976547122001648e-01, 8.974155187606812e-01, 8.973613977432251e-01, 8.974953293800354e-01, 8.978099822998047e-01, 8.982981443405151e-01, 8.990229368209839e-01, 8.998540043830872e-01, 9.007387161254883e-01, 9.016228914260864e-01, 9.02454674243927e-01, 9.03187096118927e-01, 9.037806391716003e-01, 9.042044878005981e-01, 9.044373631477356e-01, 9.044677019119263e-01, 9.042941927909851e-01, 9.039252996444702e-01, 9.03379499912262e-01, 9.026848077774048e-01, 9.018783569335938e-01, 9.010049104690552e-01, 9.001150727272034e-01, 8.99262547492981e-01, 8.98500919342041e-01, 8.979321718215942e-01, 8.975679874420166e-01, 8.973808288574219e-01, 8.973805904388428e-01, 8.975673317909241e-01, 8.979309797286987e-01, 8.984914422035217e-01]
boiBus.Q_flow=[5.305112109375e+04, 2.5120138671875e+04, 2.7523515625e+04, 2.853975e+04, 2.9362693359375e+04, 2.9943818359375e+04, 3.0248541015625e+04, 3.0258748046875e+04, 2.997387890625e+04, 2.941083203125e+04, 2.86030625e+04, 2.7598556640625e+04, 2.64569921875e+04, 2.524618359375e+04, 2.40380625e+04, 2.2904400390625e+04, 2.1912544921875e+04, 2.1121388671875e+04, 2.057802734375e+04, 2.03146875e+04, 2.034698828125e+04, 2.067304296875e+04, 2.12734765625e+04, 2.2112583984375e+04, 2.3140546875e+04, 2.4296359375e+04, 2.551120703125e+04, 2.6713033203125e+04, 2.783041796875e+04, 2.8796955078125e+04, 2.955520703125e+04, 3.006018359375e+04, 3.0281853515625e+04, 3.020705859375e+04, 2.984022265625e+04, 2.9203154296875e+04, 2.8333697265625e+04, 2.7283529296875e+04, 2.6115e+04, 2.48975390625e+04, 2.3703482421875e+04, 2.260376953125e+04, 2.1663642578125e+04, 2.093919140625e+04, 2.0473228515625e+04, 2.02934921875e+04, 2.04106953125e+04, 2.0817861328125e+04, 2.1490759765625e+04, 2.2389470703125e+04, 2.3460654296875e+04, 2.4640546875e+04, 2.5859099609375e+04, 2.7043935546875e+04, 2.8124654296875e+04, 2.903706835937501e+04, 2.9726951171875e+04, 3.015333203125e+04, 3.0290873046875e+04, 3.0131408203125e+04, 2.9684416015625e+04, 2.89764453125e+04, 2.8049556640625e+04, 2.69588125e+04, 2.576901171875e+04, 2.4550841796875e+04, 2.337666796875e+04, 2.2316251953125e+04, 2.143264453124999e+04, 2.077821875e+04, 2.0391892578125e+04, 2.0296662109375e+04, 2.049818359375e+04, 2.0984486328125e+04, 2.1726689453125e+04, 2.2680603515625e+04, 2.3789642578125e+04, 2.498790234375e+04, 2.620421875e+04, 2.736630859375e+04, 2.8405126953125e+04, 2.92589609375e+04, 2.9877091796875e+04, 3.022278515625e+04, 3.027553515625e+04, 3.0032185546875e+04, 2.9507201171875e+04, 2.8731759765625e+04, 2.7751943359375e+04, 2.662595703125e+04, 2.542068359375e+04, 2.420773828125e+04, 2.305916796875e+04, 2.204321484375e+04, 2.122039453125e+04, 2.063906640625e+04, 2.0334400390625e+04, 2.0324154296875e+04, 2.060902734375e+04, 2.117208984375e+04, 2.1979919921875e+04]
boiBus.fuelPower=[5.446563671875e+04, 2.785911328125e+04, 3.049473828125e+04, 3.159564453125e+04, 3.248616796875e+04, 3.311454296875e+04, 3.344396875e+04, 3.345521484375e+04, 3.31476640625e+04, 3.253923046875e+04, 3.1665474609375e+04, 3.0577560546875e+04, 2.933939453125e+04, 2.8023990234375e+04, 2.6709263671875e+04, 2.54734765625e+04, 2.439056640625e+04, 2.35238828125e+04, 2.292739453125e+04, 2.2638046875e+04, 2.26733671875e+04, 2.303123828125e+04, 2.36899375e+04, 2.4608021484375e+04, 2.5729755859375e+04, 2.6989064453125e+04, 2.831052734375e+04, 2.9615708984375e+04, 3.082735546875e+04, 3.18740625e+04, 3.2694373046875e+04, 3.324033203125e+04, 3.3480015625e+04, 3.339944140625e+04, 3.300328515625e+04, 3.231468359375e+04, 3.1373888671875e+04, 3.0236068359375e+04, 2.89680859375e+04, 2.7644814453125e+04, 2.6344755859375e+04, 2.514541796875e+04, 2.41185546875e+04, 2.3323935546875e+04, 2.281227734375e+04, 2.261472265625e+04, 2.2743291015625e+04, 2.3190158203125e+04, 2.392816796875e+04, 2.4910326171875e+04, 2.6078732421875e+04, 2.7363681640625e+04, 2.8688552734375e+04, 2.997470703125e+04, 3.1146126953125e+04, 3.213390234375001e+04, 3.288008203125001e+04, 3.334103125e+04, 3.34898203125e+04, 3.331777734375e+04, 3.28349375e+04, 3.2069482421875e+04, 3.106619140625e+04, 2.988391796875e+04, 2.85922578125e+04, 2.7267568359375e+04, 2.5988537109375e+04, 2.4831529296875e+04, 2.386532812499999e+04, 2.314723046875e+04, 2.2722912109375e+04, 2.261815625e+04, 2.28393203125e+04, 2.3372970703125e+04, 2.41865e+04, 2.5228060546875e+04, 2.6437224609375e+04, 2.774156640625e+04, 2.9063390625e+04, 3.03243046875e+04, 3.14498828125e+04, 3.2373962890625e+04, 3.304240625e+04, 3.34161171875e+04, 3.347331640625e+04, 3.321063671875e+04, 3.264340625e+04, 3.180475e+04, 3.0743779296875e+04, 2.952278125e+04, 2.8213703125e+04, 2.6894048828125e+04, 2.564230859375e+04, 2.4533326171875e+04, 2.3632513671875e+04, 2.2994431640625e+04, 2.265972265625e+04, 2.264830859375e+04, 2.296098046875e+04, 2.357875e+04, 2.4463138671875e+04]
