last-generated=2021-05-11
statistics-simulation=
{
  "linear": " ",
  "nonlinear": " ",
  "number of continuous time states": "6",
  "numerical Jacobians": "0"
}
time=[0e+00, 1.5e+01]
indTanHex.vol[1].T=[2.931499938964844e+02, 2.931564636224345e+02, 2.93196716303828e+02, 2.932935485949104e+02, 2.934607238455695e+02, 2.93705078125e+02, 2.94028228818531e+02, 2.944278565862716e+02, 2.948988035526617e+02, 2.954341124599644e+02, 2.960254821777344e+02, 2.966641541581388e+02, 2.973411257095182e+02, 2.980475156415009e+02, 2.987749028119304e+02, 2.99515380859375e+02, 3.002617487926069e+02, 3.010075380779262e+02, 3.017469785259161e+02, 3.024751591488182e+02, 3.031878356933594e+02, 3.038814692908812e+02, 3.045531923476861e+02, 3.052007139087168e+02, 3.058223270451002e+02, 3.06416748046875e+02, 3.069832454965824e+02, 3.075213005997598e+02, 3.080308538976004e+02, 3.085120547385671e+02, 3.089653015136719e+02, 3.093912350875926e+02, 3.097905573667605e+02, 3.101641545086912e+02, 3.105130007009317e+02, 3.108381042480469e+02, 3.111405637780955e+02, 3.114214779249572e+02, 3.11682007152391e+02, 3.11923278954888e+02, 3.121463623046875e+02, 3.123524168653927e+02, 3.12542510752335e+02, 3.127175905439057e+02, 3.128788147946657e+02, 3.130269775390625e+02, 3.131630248188163e+02, 3.132879026787522e+02, 3.134023133703731e+02, 3.135070801412799e+02, 3.136029357910156e+02, 3.136905211865867e+02, 3.137705382320959e+02, 3.138435669824242e+02, 3.139101866042124e+02, 3.139708862304688e+02, 3.140261842147417e+02, 3.140765380242368e+02, 3.141223450256128e+02, 3.141639708455986e+02, 3.142018432617188e+02, 3.142362061373405e+02, 3.1426742549908e+02, 3.142957764011423e+02, 3.143214721051059e+02, 3.143447265625e+02, 3.143658142598179e+02, 3.143849181896073e+02, 3.144022217002544e+02, 3.144178466416594e+02, 3.144319763183594e+02, 3.144447021787048e+02, 3.144562377788047e+02, 3.144666748171052e+02, 3.144761352306237e+02, 3.144846496582031e+02, 3.144923095885505e+02, 3.144992370520097e+02, 3.145054321364733e+02, 3.145110473496998e+02, 3.145161743164062e+02, 3.14520721446412e+02, 3.145248107859709e+02, 3.145285339400095e+02, 3.145318908609917e+02, 3.145349426269531e+02, 3.14537658698003e+02, 3.145401000945518e+02, 3.145422668482255e+02, 3.145442199660466e+02, 3.145459899902344e+02, 3.145476074253674e+02, 3.145490417463006e+02, 3.145503234878803e+02, 3.145514526340024e+02, 3.14552490234375e+02, 3.14553405764047e+02, 3.14554229735358e+02, 3.145549621591733e+02, 3.145556335433697e+02, 3.145562133789062e+02]
indTanHex.vol[2].T=[2.931499938964844e+02, 2.933237609743046e+02, 2.937876891642979e+02, 2.944728089008519e+02, 2.953229979031265e+02, 2.962914733886719e+02, 2.973393861581376e+02, 2.98434936877048e+02, 2.995523983252653e+02, 3.006711729184606e+02, 3.017751159667969e+02, 3.028517457732767e+02, 3.038916934378009e+02, 3.048881832829221e+02, 3.058365484351872e+02, 3.067337951660156e+02, 3.075783991347259e+02, 3.083698732883885e+02, 3.091086423499023e+02, 3.097958378199808e+02, 3.104330139160156e+02, 3.110221859165687e+02, 3.115655214045742e+02, 3.120654600515068e+02, 3.125245058922039e+02, 3.129451599121094e+02, 3.133299863363322e+02, 3.136814265712194e+02, 3.140019229925599e+02, 3.142937623822351e+02, 3.145591735839844e+02, 3.148002928213886e+02, 3.150190732189628e+02, 3.152173464288919e+02, 3.153969117285831e+02, 3.15559326171875e+02, 3.157061156331141e+02, 3.158387144377932e+02, 3.159583436488552e+02, 3.160662232089473e+02, 3.161634521484375e+02, 3.162510070267215e+02, 3.16329833888333e+02, 3.164007264027599e+02, 3.164644470595131e+02, 3.16521728515625e+02, 3.165731200859496e+02, 3.166192931566236e+02, 3.166606750981103e+02, 3.166977844459469e+02, 3.167310791015625e+02, 3.167608642397682e+02, 3.167875671062698e+02, 3.168114929482494e+02, 3.168328856901899e+02, 3.168520202636719e+02, 3.168691711833226e+02, 3.168844909481703e+02, 3.168981933756733e+02, 3.169104308787119e+02, 3.1692138671875e+02, 3.169311523670326e+02, 3.169398803604223e+02, 3.169476623628289e+02, 3.169546203442543e+02, 3.169608154296875e+02, 3.169663391245215e+02, 3.169712829529695e+02, 3.169756774954731e+02, 3.169796142481114e+02, 3.169831237792969e+02, 3.169862365796384e+02, 3.169890136685765e+02, 3.169914855986135e+02, 3.169937133734737e+02, 3.169956665039062e+02, 3.169974060101279e+02, 3.169989624005975e+02, 3.170003662124897e+02, 3.170015869109582e+02, 3.17002685546875e+02, 3.170036621117032e+02, 3.170045166005924e+02, 3.170053100593698e+02, 3.170059814437603e+02, 3.17006591796875e+02, 3.170071411144454e+02, 3.170076293939492e+02, 3.170080566410131e+02, 3.170084228507864e+02, 3.170087585449219e+02, 3.170090637214792e+02, 3.170093383785182e+02, 3.170095825197253e+02, 3.17009796141802e+02, 3.170099792480469e+02, 3.170101318363256e+02, 3.170102844236341e+02, 3.170104064943346e+02, 3.170105285640651e+02, 3.170106506347656e+02]
indTanHex.vol[3].T=[2.931499938964844e+02, 2.963068236116584e+02, 2.990854184909574e+02, 3.0154623431254e+02, 3.0372405972926e+02, 3.056490478515625e+02, 3.073488772036117e+02, 3.088486637719215e+02, 3.101710811435684e+02, 3.113364866404249e+02, 3.123630065917969e+02, 3.132668458361296e+02, 3.140624086813567e+02, 3.147624814781599e+02, 3.153782962607776e+02, 3.15919921875e+02, 3.163961789117719e+02, 3.168149110118297e+02, 3.17183044322514e+02, 3.17506653022272e+02, 3.17791015625e+02, 3.180408934039307e+02, 3.182604370762808e+02, 3.184533995999954e+02, 3.186229249043189e+02, 3.187718505859375e+02, 3.189026488469104e+02, 3.190175779864667e+02, 3.191185303921803e+02, 3.192072144075643e+02, 3.192850952148438e+02, 3.193534850661918e+02, 3.194135436288009e+02, 3.194663086558377e+02, 3.195126343046041e+02, 3.195533447265625e+02, 3.195891113064913e+02, 3.196205138779869e+02, 3.196480713214646e+02, 3.196723022603545e+02, 3.196935729980469e+02, 3.19712249744606e+02, 3.19728637675522e+02, 3.197430420090676e+02, 3.19755645759423e+02, 3.197667236328125e+02, 3.197764587344137e+02, 3.197850036518261e+02, 3.197925109952532e+02, 3.197991333045647e+02, 3.19804931640625e+02, 3.198100280730675e+02, 3.198145141547236e+02, 3.198184509323909e+02, 3.198219299234917e+02, 3.198249816894531e+02, 3.198276672425368e+02, 3.198300170869334e+02, 3.198320617701005e+02, 3.19833862300419e+02, 3.198354797363281e+02, 3.198368530308362e+02, 3.198380737291105e+02, 3.198391723644454e+02, 3.198401184058749e+02, 3.198409423828125e+02, 3.198416748066277e+02, 3.19842315673052e+02, 3.198428955083946e+02, 3.198433837878983e+02, 3.198438110351562e+02, 3.19844207764448e+02, 3.198445434566432e+02, 3.198448486330065e+02, 3.198450927730494e+02, 3.198453369140625e+02, 3.198455200199193e+02, 3.19845703124806e+02, 3.198458557130846e+02, 3.198459777832031e+02, 3.198460998535156e+02, 3.198462219238281e+02, 3.198463134763685e+02, 3.198463745119128e+02, 3.198464660640651e+02, 3.198465270996094e+02, 3.198465881347656e+02, 3.198466186523438e+02, 3.198466796875e+02, 3.198467102050781e+02, 3.198467407226562e+02, 3.198467712402344e+02, 3.198468017576185e+02, 3.198468017578125e+02, 3.198468322753906e+02, 3.198468627929688e+02, 3.198468627929688e+02, 3.198468627929688e+02, 3.198468933105469e+02, 3.198468933105469e+02, 3.198468933105469e+02]
