last-generated=2025-06-02
statistics-initialization=
{
  "nonlinear": "1, 0, 1",
  "numerical Jacobians": "0"
}
statistics-simulation=
{
  "linear": " ",
  "nonlinear": "1, 1",
  "number of continuous time states": "3",
  "numerical Jacobians": "0"
}
time=[0e+00, 3.6e+03]
dpControlled_dp.mov.dpMachine=[0e+00, 1e+05, 1e+05, 1e+05, 1e+05, 1e+05, 1e+05, 1e+05, 1e+05, 1e+05, 1e+05, 1e+05, 1e+05, 1e+05, 1e+05, 1e+05, 1e+05, 1e+05, 1e+05, 1e+05, 1e+05, 1e+05, 1e+05, 1e+05, 1e+05, 1e+05, 1e+05, 1e+05, 1e+05, 1e+05, 1e+05, 1e+05, 1e+05, 1e+05, 1e+05, 1e+05, 1e+05, 1e+05, 1e+05, 1e+05, 1e+05, 1e+05, 1e+05, 1e+05, 9.98135546875e+04, 9.80059453125e+04, 9.62703515625e+04, 9.46044765625e+04, 9.30060234375e+04, 9.1472671875e+04, 9.00021015625e+04, 8.8592e+04, 8.724009375e+04, 8.59441171875e+04, 8.470187499999999e+04, 8.351118749999999e+04, 8.23699375e+04, 8.12760703125e+04, 8.02275859375e+04, 7.922253125e+04, 7.8259046875e+04, 7.73353046875e+04, 7.64495703125e+04, 7.56001640625e+04, 7.46141484375e+04, 7.32206484375e+04, 7.18996328125e+04, 7.0646578125e+04, 6.94571953125e+04, 6.83275859375e+04, 6.72540703125e+04, 6.62332421875e+04, 6.5261953125e+04, 6.43372265625e+04, 6.345629296875e+04, 6.261661328125e+04, 6.261364453125e+04, 6.261364453125e+04, 6.261364453125e+04, 6.261364453125e+04, 6.261364453125e+04, 6.261364453125e+04, 6.261364453125e+04, 6.261364453125e+04, 6.261364453125e+04, 6.261364453125e+04, 6.261364453125e+04, 6.261364453125e+04, 6.261364453125e+04, 6.261364453125e+04, 6.261364453125e+04, 6.261364453125e+04, 6.261364453125e+04, 6.261364453125e+04, 6.261364453125e+04, 6.261364453125e+04, 6.261364453125e+04, 6.261364453125e+04, 6.261364453125e+04, 6.261364453125e+04, 6.261364453125e+04]
dpControlled_dp.mov.m_flow=[0e+00, 2.812499587889761e-06, 2.812499587889761e-06, 2.812499587889761e-06, 2.812499587889761e-06, 2.812499587889761e-06, 2.812499587889761e-06, 2.812499587889761e-06, 2.812499587889761e-06, 2.812499587889761e-06, 2.812499587889761e-06, 2.812499587889761e-06, 2.812499587889761e-06, 2.812499587889761e-06, 2.812499587889761e-06, 2.812499587889761e-06, 2.812499587889761e-06, 2.812499587889761e-06, 2.812499587889761e-06, 2.812499587889761e-06, 2.812499587889761e-06, 2.812499587889761e-06, 2.812499587889761e-06, 2.812499587889761e-06, 2.812499587889761e-06, 2.812499587889761e-06, 5.657149478793144e-02, 1.128762736916544e-01, 1.690032482147218e-01, 2.249424159526825e-01, 2.806777656078339e-01, 3.361846208572388e-01, 3.914245367050171e-01, 4.463357329368591e-01, 5.00813901424408e-01, 5.546823143959045e-01, 6.077507734298706e-01, 6.601026654243469e-01, 7.117468118667603e-01, 7.626420855522156e-01, 8.127508759498596e-01, 8.620392084121704e-01, 9.104768633842468e-01, 9.580370783805847e-01, 1.003759741783142e+00, 1.039910554885864e+00, 1.074621319770813e+00, 1.107937574386597e+00, 1.139905571937561e+00, 1.170571565628052e+00, 1.199982047080994e+00, 1.228183031082153e+00, 1.255220174789429e+00, 1.281138777732849e+00, 1.305982828140259e+00, 1.329795718193054e+00, 1.352619886398316e+00, 1.374496459960938e+00, 1.395465493202209e+00, 1.415565729141235e+00, 1.434834837913513e+00, 1.453308939933777e+00, 1.471022963523865e+00, 1.48801064491272e+00, 1.502580285072327e+00, 1.511869788169861e+00, 1.520676016807556e+00, 1.529029607772827e+00, 1.536958336830139e+00, 1.544488668441772e+00, 1.551645159721375e+00, 1.558450222015381e+00, 1.5649254322052e+00, 1.571090221405029e+00, 1.576962828636169e+00, 1.582560420036316e+00, 1.582575678825378e+00, 1.582575678825378e+00, 1.582575678825378e+00, 1.582575678825378e+00, 1.582575678825378e+00, 1.582575678825378e+00, 1.582575678825378e+00, 1.582575678825378e+00, 1.582575678825378e+00, 1.582575678825378e+00, 1.582575678825378e+00, 1.582575678825378e+00, 1.582575678825378e+00, 1.582575678825378e+00, 1.582575678825378e+00, 1.582575678825378e+00, 1.582575678825378e+00, 1.582575678825378e+00, 1.582575678825378e+00, 1.582575678825378e+00, 1.582575678825378e+00, 1.582575678825378e+00, 1.582575678825378e+00, 1.582575678825378e+00, 1.582575678825378e+00]
m_flow_nominal=[1e+00, 1e+00]
dp_nominal=[1e+05, 1e+05]
val.y_actual=[0e+00, -1.154641903884746e-31, 8.347932122567198e-35, -6.447044200544166e-37, -2.322587318894292e-36, -4.000470441941922e-36, -5.678353385623349e-36, -5.600663425732942e-36, -3.668828071511749e-36, -1.736992717290555e-36, 1.948426817721902e-37, 2.126677991151833e-36, 4.058513345373028e-36, 4.109186450237454e-36, 3.71949938271414e-36, 3.329812315190828e-36, 2.940125247667515e-36, 2.550438180144202e-36, 2.160751112620889e-36, 1.771064045097576e-36, 1.381377067257365e-36, 9.916899997340522e-37, 6.020029770522901e-37, 2.123159319497526e-37, 8.200931106645273e-40, -1.553759737243357e-41, 1.993333362042904e-02, 3.993333503603941e-02, 5.993333458900458e-02, 7.993333041667938e-02, 9.993333369493484e-02, 1.199333369731903e-01, 1.399333328008652e-01, 1.5993332862854e-01, 1.799333393573761e-01, 1.99933335185051e-01, 2.199333310127258e-01, 2.399333268404007e-01, 2.599333226680756e-01, 2.799333333969116e-01, 2.999333441257477e-01, 3.199333250522614e-01, 3.399333357810974e-01, 3.599333465099335e-01, 3.799333274364471e-01, 3.999333381652832e-01, 4.199333190917969e-01, 4.399333298206329e-01, 4.59933340549469e-01, 4.799333214759827e-01, 4.999333322048187e-01, 5.199333429336548e-01, 5.399333238601685e-01, 5.599333047866821e-01, 5.799333453178407e-01, 5.999333262443544e-01, 6.19933307170868e-01, 6.399333477020264e-01, 6.5993332862854e-01, 6.799333095550537e-01, 6.999333500862122e-01, 7.199333310127258e-01, 7.399333119392395e-01, 7.599333524703979e-01, 7.799333333969116e-01, 7.999333143234253e-01, 8.199333548545837e-01, 8.399333357810974e-01, 8.599333167076111e-01, 8.799333572387695e-01, 8.999333381652832e-01, 9.199333190917969e-01, 9.399333596229553e-01, 9.59933340549469e-01, 9.799333214759827e-01, 9.999333620071411e-01, 1e+00, 1e+00, 1e+00, 1e+00, 1e+00, 1e+00, 1e+00, 1e+00, 1e+00, 1e+00, 1e+00, 1e+00, 1e+00, 1e+00, 1e+00, 1e+00, 1e+00, 1e+00, 1e+00, 1e+00, 1e+00, 1e+00, 1e+00, 1e+00, 1e+00]
elEnergy=[0e+00, 2.314986437559128e-01, 7.564920783042908e-01, 1.281485557556152e+00, 1.806478977203369e+00, 2.331472396850586e+00, 2.856466054916382e+00, 3.381459474563599e+00, 3.906452894210815e+00, 4.431446552276611e+00, 4.956439971923828e+00, 5.481433391571045e+00, 6.006426811218262e+00, 6.531420230865479e+00, 7.056413650512696e+00, 7.581407070159912e+00, 8.106400489807129e+00, 8.631394386291504e+00, 9.156387329101562e+00, 9.681381225585938e+00, 1.0206374168396e+01, 1.073136806488037e+01, 1.125636100769043e+01, 1.17813549041748e+01, 1.230634784698486e+01, 1.283134174346924e+01, 1.656069702148438e+03, 3.881423828125008e+03, 6.457916015625009e+03, 9.484431640625e+03, 1.30696318359375e+04, 1.7196056640625e+04, 2.1748138671875e+04, 2.656660546875e+04, 3.153827734375e+04, 3.662665625e+04, 4.1856375e+04, 4.72477109375e+04, 5.28244765625e+04, 5.86320234375e+04, 6.470307421875e+04, 7.1048953125e+04, 7.76815546875e+04, 8.46166015625e+04, 9.187209375e+04, 9.93419296875e+04, 1.069421171875e+05, 1.146692265625e+05, 1.225205234375e+05, 1.30494203125e+05, 1.3858971875e+05, 1.46810140625e+05, 1.5516184375e+05, 1.63650375e+05, 1.722796718750001e+05, 1.810528750000001e+05, 1.899722500000001e+05, 1.99039375e+05, 2.082560625e+05, 2.17628296875e+05, 2.2716359375e+05, 2.368656875e+05, 2.46735015625e+05, 2.56770265625e+05, 2.6696440625e+05, 2.7722275e+05, 2.8750865625e+05, 2.978205625e+05, 3.0815659375e+05, 3.1851446875e+05, 3.288919375e+05, 3.3928675e+05, 3.4969675e+05, 3.601198125e+05, 3.70553875e+05, 3.80997125e+05, 3.9144434375e+05, 4.018915625e+05, 4.1233878125e+05, 4.22786e+05, 4.3323321875e+05, 4.436804375e+05, 4.5412765625e+05, 4.64574875e+05, 4.750220625e+05, 4.8546928125e+05, 4.959165e+05, 5.0636371875e+05, 5.168109375e+05, 5.27258125e+05, 5.37705375e+05, 5.481525625e+05, 5.585998125e+05, 5.69047e+05, 5.7949425e+05, 5.899414375e+05, 6.003886875e+05, 6.10835875e+05, 6.212830625e+05, 6.317303125e+05, 6.421775e+05]
