last-generated=2025-06-02
statistics-initialization=
{
  "nonlinear": "1",
  "numerical Jacobians": "0"
}
statistics-simulation=
{
  "linear": " ",
  "nonlinear": "0",
  "number of continuous time states": "3",
  "numerical Jacobians": "0"
}
time=[0e+00, 6e+02]
rampValvePosition.y=[5e-01, 5e-01, 5e-01, 5e-01, 5e-01, 5e-01, 5e-01, 5e-01, 5e-01, 5e-01, 5e-01, 5e-01, 5e-01, 5e-01, 5e-01, 5e-01, 5e-01, 5e-01, 5e-01, 5e-01, 5e-01, 5e-01, 5e-01, 5e-01, 5e-01, 5e-01, 5e-01, 5e-01, 5e-01, 5e-01, 5e-01, 5e-01, 5e-01, 5e-01, 5e-01, 5e-01, 5e-01, 5e-01, 5e-01, 5e-01, 5e-01, 5e-01, 5e-01, 5e-01, 5e-01, 5e-01, 5e-01, 5e-01, 5e-01, 5e-01, 5e-01, 5.288000106811523e-01, 5.576000213623047e-01, 5.863999724388123e-01, 6.151999831199646e-01, 6.439999938011169e-01, 6.728000044822695e-01, 7.016000151634214e-01, 7.30400025844574e-01, 7.591999769210815e-01, 7.879999876022339e-01, 8.167999982833862e-01, 8.456000089645386e-01, 8.744000196456909e-01, 9.031999707221985e-01, 9.319999814033508e-01, 9.607999920845032e-01, 9.800000190734863e-01, 9.800000190734863e-01, 9.800000190734863e-01, 9.800000190734863e-01, 9.800000190734863e-01, 9.800000190734863e-01, 9.800000190734863e-01, 9.800000190734863e-01, 9.800000190734863e-01, 9.800000190734863e-01, 9.800000190734863e-01, 9.800000190734863e-01, 9.800000190734863e-01, 9.800000190734863e-01, 9.800000190734863e-01, 9.800000190734863e-01, 9.800000190734863e-01, 9.800000190734863e-01, 9.800000190734863e-01, 9.800000190734863e-01, 9.800000190734863e-01, 9.800000190734863e-01, 9.800000190734863e-01, 9.800000190734863e-01, 9.800000190734863e-01, 9.800000190734863e-01, 9.800000190734863e-01, 9.800000190734863e-01, 9.800000190734863e-01, 9.800000190734863e-01, 9.800000190734863e-01, 9.800000190734863e-01, 9.800000190734863e-01, 9.800000190734863e-01]
pumpBus.rpmMea=[1.2e+03, 1.2e+03, 1.2e+03, 1.2e+03, 1.2e+03, 1.2e+03, 1.2e+03, 1.2e+03, 1.2e+03, 1.2e+03, 1.2e+03, 1.2e+03, 1.2e+03, 1.2e+03, 1.2e+03, 1.2e+03, 1.2e+03, 1.2e+03, 1.36e+03, 1.555e+03, 1.75e+03, 1.945e+03, 2.14e+03, 2.335e+03, 2.53e+03, 2.725e+03, 2.92e+03, 3.09131640625e+03, 3.09123193359375e+03, 3.09123193359375e+03, 3.09123193359375e+03, 3.09123193359375e+03, 3.09123193359375e+03, 3.09123193359375e+03, 3.09123193359375e+03, 3.09123193359375e+03, 3.09123193359375e+03, 3.09123193359375e+03, 3.09123193359375e+03, 3.09123193359375e+03, 3.09123193359375e+03, 3.09123193359375e+03, 3.09123193359375e+03, 3.09123193359375e+03, 3.09123193359375e+03, 3.09123193359375e+03, 3.09123193359375e+03, 3.09123193359375e+03, 3.09123193359375e+03, 3.09123193359375e+03, 3.09123193359375e+03, 3.093477783203125e+03, 3.095200927734375e+03, 3.09670703125e+03, 3.098030517578125e+03, 3.099198974609375e+03, 3.100235107421875e+03, 3.101157470703125e+03, 3.101982177734375e+03, 3.102722412109375e+03, 3.103388671875e+03, 3.103990234375e+03, 3.104535888671875e+03, 3.10503125e+03, 3.105483154296875e+03, 3.10589599609375e+03, 3.106274169921875e+03, 3.1064599609375e+03, 3.10645947265625e+03, 3.10645947265625e+03, 3.10645947265625e+03, 3.10645947265625e+03, 3.10645947265625e+03, 3.10645947265625e+03, 3.10645947265625e+03, 3.10645947265625e+03, 3.10645947265625e+03, 3.10645947265625e+03, 3.10645947265625e+03, 3.10645947265625e+03, 3.10645947265625e+03, 3.10645947265625e+03, 3.10645947265625e+03, 3.10645947265625e+03, 0e+00, 0e+00, 0e+00, 0e+00, 0e+00, 0e+00, 0e+00, 0e+00, 0e+00, 0e+00, 0e+00, 0e+00, 0e+00, 0e+00, 0e+00, 0e+00, 0e+00]
pumpBus.rpmSet=[1.1e+03, 1.1e+03, 1.1e+03, 1.1e+03, 1.1e+03, 1.1e+03, 1.1e+03, 1.1e+03, 1.1e+03, 1.1e+03, 1.1e+03, 1.1e+03, 1.1e+03, 1.1e+03, 1.1e+03, 1.1e+03, 1.1e+03, 1.165e+03, 1.36e+03, 1.555e+03, 1.75e+03, 1.945e+03, 2.14e+03, 2.335e+03, 2.53e+03, 2.725e+03, 2.92e+03, 3.115e+03, 3.310000000000001e+03, 3.505e+03, 3.7e+03, 3.895e+03, 4.09e+03, 4.285e+03, 4.35e+03, 4.35e+03, 4.35e+03, 4.35e+03, 4.35e+03, 4.35e+03, 4.35e+03, 4.35e+03, 4.35e+03, 4.35e+03, 4.35e+03, 4.35e+03, 4.35e+03, 4.35e+03, 4.35e+03, 4.35e+03, 4.35e+03, 4.35e+03, 4.35e+03, 4.35e+03, 4.35e+03, 4.35e+03, 4.35e+03, 4.35e+03, 4.35e+03, 4.35e+03, 4.35e+03, 4.35e+03, 4.35e+03, 4.35e+03, 4.35e+03, 4.35e+03, 4.35e+03, 4.35e+03, 4.35e+03, 4.35e+03, 4.35e+03, 4.35e+03, 4.35e+03, 4.35e+03, 4.35e+03, 4.35e+03, 4.35e+03, 4.35e+03, 4.35e+03, 4.35e+03, 4.35e+03, 4.35e+03, 4.35e+03, 4.35e+03, 4.35e+03, 4.35e+03, 4.35e+03, 4.35e+03, 4.35e+03, 4.35e+03, 4.35e+03, 4.35e+03, 4.35e+03, 4.35e+03, 4.35e+03, 4.35e+03, 4.35e+03, 4.35e+03, 4.35e+03, 4.35e+03, 4.35e+03]
pumpBus.onSet=[1e+00, 1e+00, 1e+00, 1e+00, 1e+00, 1e+00, 1e+00, 1e+00, 1e+00, 1e+00, 1e+00, 1e+00, 1e+00, 1e+00, 1e+00, 1e+00, 1e+00, 1e+00, 1e+00, 1e+00, 1e+00, 1e+00, 1e+00, 1e+00, 1e+00, 1e+00, 1e+00, 1e+00, 1e+00, 1e+00, 1e+00, 1e+00, 1e+00, 1e+00, 1e+00, 1e+00, 1e+00, 1e+00, 1e+00, 1e+00, 1e+00, 1e+00, 1e+00, 1e+00, 1e+00, 1e+00, 1e+00, 1e+00, 1e+00, 1e+00, 1e+00, 1e+00, 1e+00, 1e+00, 1e+00, 1e+00, 1e+00, 1e+00, 1e+00, 1e+00, 1e+00, 1e+00, 1e+00, 1e+00, 1e+00, 1e+00, 1e+00, 1e+00, 1e+00, 1e+00, 1e+00, 1e+00, 1e+00, 1e+00, 1e+00, 1e+00, 1e+00, 1e+00, 1e+00, 1e+00, 1e+00, 1e+00, 1e+00, 1e+00, 0e+00, 0e+00, 0e+00, 0e+00, 0e+00, 0e+00, 0e+00, 0e+00, 0e+00, 0e+00, 0e+00, 0e+00, 0e+00, 0e+00, 0e+00, 0e+00, 0e+00]
