last-generated=2019-05-24
statistics-simulation=
{
  "linear": " ",
  "nonlinear": " ",
  "number of continuous time states": "9",
  "numerical Jacobians": "0"
}
temperatureSensor.T=[3.031499938964844e+02, 3.030387268066406e+02, 3.029341430664062e+02, 3.028348999023438e+02, 3.027403869628906e+02, 3.026502380371094e+02, 3.026251220703125e+02, 3.026793212890625e+02, 3.027893676757812e+02, 3.029603576660156e+02, 3.031973571777344e+02, 3.03459716796875e+02, 3.037093505859375e+02, 3.039473266601562e+02, 3.041744995117188e+02, 3.043915100097656e+02, 3.045988159179688e+02, 3.047966003417969e+02, 3.049850769042969e+02, 3.051642456054688e+02, 3.053341674804688e+02, 3.054949340820312e+02, 3.056467590332031e+02, 3.057899475097656e+02, 3.05925048828125e+02, 3.06052734375e+02, 3.061737365722656e+02, 3.062888793945312e+02, 3.063990173339844e+02, 3.065049438476562e+02, 3.066073608398438e+02, 3.06706787109375e+02, 3.068035888671875e+02, 3.068978881835938e+02, 3.069897155761719e+02, 3.070787963867188e+02, 3.071649169921875e+02, 3.072477111816406e+02, 3.073268432617188e+02, 3.074021606445312e+02, 3.074735107421875e+02, 3.075409851074219e+02, 3.076048278808594e+02, 3.076653747558594e+02, 3.077232055664062e+02, 3.077788696289062e+02, 3.078330688476562e+02, 3.078863220214844e+02, 3.079391479492188e+02, 3.079919128417969e+02, 3.080447387695312e+02, 3.063921508789062e+02, 3.048653564453125e+02, 3.034561767578125e+02, 3.021549072265625e+02, 3.009526062011719e+02, 2.998409729003906e+02, 2.988125e+02, 2.978603210449219e+02, 2.969783020019531e+02, 2.96160888671875e+02, 2.954032287597656e+02, 2.947009582519531e+02, 2.940501403808594e+02, 2.93447265625e+02, 2.928890380859375e+02, 2.923724060058594e+02, 2.918944396972656e+02, 2.914522399902344e+02, 2.910430297851562e+02, 2.906640014648438e+02, 2.903124694824219e+02, 2.899859008789062e+02, 2.896817626953125e+02, 2.893978881835938e+02, 2.891322021484375e+02, 2.888829650878906e+02, 2.886487426757812e+02, 2.884283447265625e+02, 2.882208862304688e+02, 2.880256652832031e+02, 2.878421325683594e+02, 2.87669921875e+02, 2.875086364746094e+02, 2.873577880859375e+02, 2.872169799804688e+02, 2.870855102539062e+02, 2.869626770019531e+02, 2.8684765625e+02, 2.867394714355469e+02, 2.866371765136719e+02, 2.86539794921875e+02, 2.864465026855469e+02, 2.863564758300781e+02, 2.862692260742188e+02, 2.861842956542969e+02, 2.861015625e+02, 2.860210266113281e+02, 2.859428405761719e+02, 2.858672180175781e+02, 2.857945251464844e+02]
time=[0e+00, 2e+04]
heatPump.sigBusHP.Pel=[7.112999877929688e+02, 7.091078491210938e+02, 7.0704736328125e+02, 7.0509228515625e+02, 7.032307739257812e+02, 7.014546508789062e+02, 7.184026489257812e+02, 7.06350341796875e+02, 6.963645629882812e+02, 6.734920043945312e+02, 6.520558471679688e+02, 6.588727416992188e+02, 6.65359375e+02, 6.715433959960938e+02, 6.774468994140625e+02, 6.830858764648438e+02, 6.884721069335938e+02, 6.936122436523438e+02, 6.98509521484375e+02, 7.031653442382812e+02, 7.07580810546875e+02, 7.117582397460938e+02, 7.157029418945312e+02, 7.194241333007812e+02, 7.229349365234375e+02, 7.2625244140625e+02, 7.293964233398438e+02, 7.323885498046875e+02, 7.352506713867188e+02, 7.3800341796875e+02, 7.4066455078125e+02, 7.432481079101562e+02, 7.457633056640625e+02, 7.482139892578125e+02, 7.505997924804688e+02, 7.529150390625e+02, 7.55152587890625e+02, 7.573037109375e+02, 7.593604736328125e+02, 7.613172607421875e+02, 7.631715698242188e+02, 7.64925048828125e+02, 7.665835571289062e+02, 7.681572265625e+02, 7.696597290039062e+02, 7.711065673828125e+02, 7.725142211914062e+02, 7.738981323242188e+02, 7.752709350585938e+02, 7.76641845703125e+02, 7.780150756835938e+02, 3.6857373046875e+02, 4.515065002441406e+02, 5.280516357421875e+02, 5.987339477539062e+02, 6.640409545898438e+02, 7.244219360351568e+02, 7.802868041992183e+02, 8.320073852539062e+02, 8.799180297851562e+02, 9.24317626953125e+02, 9.654722290039062e+02, 1.00361865234375e+03, 1.038969360351562e+03, 1.071716918945312e+03, 1.102038696289062e+03, 1.130101196289062e+03, 1.15606396484375e+03, 1.180082763671875e+03, 1.202310791015625e+03, 1.2228984375e+03, 1.241992431640625e+03, 1.259732421875e+03, 1.276251220703125e+03, 1.291671508789062e+03, 1.30610302734375e+03, 1.319640625e+03, 1.332363525390625e+03, 1.3443349609375e+03, 1.355604370117188e+03, 1.366208740234375e+03, 1.3761767578125e+03, 1.385531127929688e+03, 1.394293090820312e+03, 1.4024853515625e+03, 1.41013525390625e+03, 1.417276000976562e+03, 1.423947631835938e+03, 1.430196166992188e+03, 1.436072387695312e+03, 1.441629028320312e+03, 1.446917724609375e+03, 1.451986083984375e+03, 1.456874755859375e+03, 1.461614990234375e+03, 1.466227294921875e+03, 1.47072119140625e+03, 1.47509619140625e+03, 1.479343994140625e+03, 1.483450317382812e+03, 1.487399536132812e+03]
