last-generated=2024-07-29
statistics-initialization=
{
  "nonlinear": "1",
  "numerical Jacobians": "0"
}
statistics-simulation=
{
  "linear": "0",
  "nonlinear": "1",
  "number of continuous time states": "10",
  "numerical Jacobians": "0"
}
time=[0e+00, 8.4e+04]
boilerControlBus.TSupMea=[3.031499938964844e+02, 2.961078491210938e+02, 2.858047485351562e+02, 2.847994995117188e+02, 2.84000732421875e+02, 2.83448486328125e+02, 2.83175537109375e+02, 2.831980895996094e+02, 2.835148620605469e+02, 2.841069946289062e+02, 2.849393005371094e+02, 2.859623718261719e+02, 2.871153869628906e+02, 2.88422607421875e+02, 2.903605041503906e+02, 2.921553955078125e+02, 2.937123413085938e+02, 2.949388122558594e+02, 2.95761962890625e+02, 2.961328735351562e+02, 2.96029541015625e+02, 2.954580993652344e+02, 2.944525146484375e+02, 2.930724792480469e+02, 2.914000549316406e+02, 2.895345153808594e+02, 2.995478515625e+02, 3.146124572753906e+02, 3.134953308105469e+02, 3.125487976074219e+02, 3.11816162109375e+02, 3.113410034179688e+02, 3.111515197753906e+02, 3.112590026855469e+02, 3.116570434570312e+02, 3.12322021484375e+02, 3.132144165039062e+02, 3.142812194824219e+02, 3.154590454101562e+02, 3.166259460449219e+02, 3.176944580078125e+02, 3.186713256835938e+02, 3.1949853515625e+02, 3.201268005371094e+02, 3.20518798828125e+02, 3.206512451171875e+02, 3.205162658691406e+02, 3.201219177246094e+02, 3.194915771484375e+02, 3.186627807617188e+02, 3.176845092773438e+02, 3.166152648925781e+02, 3.154487609863281e+02, 3.142716674804688e+02, 3.132061462402344e+02, 3.123154602050781e+02, 3.11652587890625e+02, 3.112568969726562e+02, 3.111518859863281e+02, 3.113438110351562e+02, 3.118212280273438e+02, 3.125558471679688e+02, 3.135040283203125e+02, 3.14609375e+02, 3.158062744140625e+02, 3.169367980957031e+02, 3.179856262207031e+02, 3.1892529296875e+02, 3.197002258300781e+02, 3.202642211914062e+02, 3.205837707519531e+02, 3.206399230957031e+02, 3.204293212890625e+02, 3.199645080566406e+02, 3.192731018066406e+02, 3.183961486816406e+02, 3.173856201171875e+02, 3.163018493652344e+02, 3.151051025390625e+02, 3.139529418945312e+02, 3.129312744140625e+02, 3.12100830078125e+02, 3.115109252929688e+02, 3.111966247558594e+02, 3.111765747070312e+02, 3.114519958496094e+02, 3.120065307617188e+02, 3.128072204589844e+02, 3.138065185546875e+02, 3.149450378417969e+02, 3.161551818847656e+02, 3.172440490722656e+02, 3.182676696777344e+02, 3.19165771484375e+02, 3.198846130371094e+02, 3.086875e+02, 2.956288452148438e+02, 2.960733642578125e+02, 2.955674133300781e+02, 2.946207580566406e+02, 2.932896728515625e+02]
boilerControlBus.TRetMea=[3.031499938964844e+02, 2.927858276367188e+02, 2.80171630859375e+02, 2.789454345703125e+02, 2.779499816894531e+02, 2.772474975585938e+02, 2.768797607421875e+02, 2.768685913085938e+02, 2.772146606445312e+02, 2.778973999023438e+02, 2.788762817382812e+02, 2.800931091308594e+02, 2.814756164550781e+02, 2.829731750488281e+02, 2.851557922363281e+02, 2.872080993652344e+02, 2.890033874511719e+02, 2.904349670410156e+02, 2.914178466796875e+02, 2.918936157226562e+02, 2.91833984375e+02, 2.912425231933594e+02, 2.901543884277344e+02, 2.886341857910156e+02, 2.867722778320312e+02, 2.846792297363281e+02, 2.9080517578125e+02, 3.091668090820312e+02, 3.078038635253906e+02, 3.066344299316406e+02, 3.0571728515625e+02, 3.051069946289062e+02, 3.048397521972656e+02, 3.049314575195312e+02, 3.053766784667969e+02, 3.0614892578125e+02, 3.07202392578125e+02, 3.084744567871094e+02, 3.098895568847656e+02, 3.113242492675781e+02, 3.126502990722656e+02, 3.138711242675781e+02, 3.149145202636719e+02, 3.157183227539062e+02, 3.162347717285156e+02, 3.164331970214844e+02, 3.163018188476562e+02, 3.158484802246094e+02, 3.151000671386719e+02, 3.1410107421875e+02, 3.129107055664062e+02, 3.115999450683594e+02, 3.101898193359375e+02, 3.087556457519531e+02, 3.074477844238281e+02, 3.063439331054688e+02, 3.055096740722656e+02, 3.049945373535156e+02, 3.048291625976562e+02, 3.050233459472656e+02, 3.055656127929688e+02, 3.064236755371094e+02, 3.07546630859375e+02, 3.088677368164062e+02, 3.103085021972656e+02, 3.117093505859375e+02, 3.130132141113281e+02, 3.141903076171875e+02, 3.151710205078125e+02, 3.158968505859375e+02, 3.163247985839844e+02, 3.164293518066406e+02, 3.162043151855469e+02, 3.156631164550781e+02, 3.148378601074219e+02, 3.137776184082031e+02, 3.125451965332031e+02, 3.112140808105469e+02, 3.097720336914062e+02, 3.083655090332031e+02, 3.071084594726562e+02, 3.060755615234375e+02, 3.053282165527344e+02, 3.049107666015625e+02, 3.048480529785156e+02, 3.05143798828125e+02, 3.057804260253906e+02, 3.067201538085938e+02, 3.079071350097656e+02, 3.092708129882812e+02, 3.107302551269531e+02, 3.120903625488281e+02, 3.133656005859375e+02, 3.144933776855469e+02, 3.154066162109375e+02, 3.059210815429688e+02, 2.922012329101562e+02, 2.918754577636719e+02, 2.913585815429688e+02, 2.903381042480469e+02, 2.888746337890625e+02]
boilerControlBus.Efficiency=[9.749991893768311e-01, 9.875544309616089e-01, 9.960743188858032e-01, 9.960224032402039e-01, 9.959761500358582e-01, 9.959408044815063e-01, 9.959185123443604e-01, 9.959105849266052e-01, 9.959174990653992e-01, 9.95938777923584e-01, 9.959732294082642e-01, 9.960188269615173e-01, 9.960727691650391e-01, 9.961175322532654e-01, 9.942410588264465e-01, 9.923363327980042e-01, 9.906854033470154e-01, 9.893818497657776e-01, 9.88497257232666e-01, 9.880797266960144e-01, 9.88151490688324e-01, 9.887077212333679e-01, 9.897167682647705e-01, 9.911220669746399e-01, 9.928451776504517e-01, 9.947896599769592e-01, 9.876113533973694e-01, 9.597859382629395e-01, 9.62465763092041e-01, 9.647743105888367e-01, 9.665902853012085e-01, 9.677972793579102e-01, 9.683164358139038e-01, 9.681128859519958e-01, 9.671987891197205e-01, 9.656323194503784e-01, 9.635138511657715e-01, 9.609776735305786e-01, 9.581824541091919e-01, 9.55392062664032e-01, 9.528429508209229e-01, 9.498136639595032e-01, 9.468306303024292e-01, 9.445458054542542e-01, 9.430891871452332e-01, 9.425471425056458e-01, 9.429482221603394e-01, 9.442692995071411e-01, 9.464368224143982e-01, 9.493250846862793e-01, 9.52531099319458e-01, 9.550478458404541e-01, 9.577901363372803e-01, 9.605948328971863e-01, 9.631675481796265e-01, 9.653490781784058e-01, 9.670014381408691e-01, 9.680181741714478e-01, 9.683324098587036e-01, 9.679225087165833e-01, 9.668141007423401e-01, 9.650780558586121e-01, 9.628252387046814e-01, 9.601981043815613e-01, 9.573601484298706e-01, 9.546490907669067e-01, 9.521501660346985e-01, 9.488983750343323e-01, 9.461016058921814e-01, 9.44040060043335e-01, 9.428387880325317e-01, 9.425655603408813e-01, 9.432340860366821e-01, 9.448066353797913e-01, 9.471957683563232e-01, 9.502587914466858e-01, 9.532314538955688e-01, 9.557914733886719e-01, 9.586052894592285e-01, 9.613608121871948e-01, 9.638373255729675e-01, 9.658805131912231e-01, 9.673605561256409e-01, 9.681814312934875e-01, 9.682889580726624e-01, 9.676748514175415e-01, 9.663780331611633e-01, 9.644814133644104e-01, 9.621059894561768e-01, 9.594013094902039e-01, 9.565348029136658e-01, 9.539160132408142e-01, 9.512678980827332e-01, 9.48031485080719e-01, 9.454320073127747e-01, 9.681941270828247e-01, 9.88068699836731e-01, 9.881112575531006e-01, 9.885994791984558e-01, 9.895467758178711e-01, 9.908998012542725e-01]
boilerControlBus.ThermalPower=[7.9373525390625e+03, 8.0395634765625e+03, 2.6327720703125e+04, 2.737860546875e+04, 2.839076171875e+04, 2.9199326171875e+04, 2.9756189453125e+04, 3.00283515625e+04, 2.99996171875e+04, 2.96717578125e+04, 2.9064044921875e+04, 2.82127890625e+04, 2.716849609375e+04, 2.6675814453125e+04, 2.5384814453125e+04, 2.410626953125e+04, 2.2878677734375e+04, 2.17749375e+04, 2.086061328125e+04, 2.019001953125e+04, 1.9803044921875e+04, 1.9722611328125e+04, 1.995353125e+04, 2.048212109375e+04, 2.1276908203125e+04, 2.2290716796875e+04, 5.36001796875e+04, 2.5303564453125e+04, 2.676858984375e+04, 2.7890046875e+04, 2.88496875e+04, 2.9590595703125e+04, 3.006877734375e+04, 3.025584765625e+04, 3.014066015625e+04, 2.97301171875e+04, 2.904852734375e+04, 2.8136390625e+04, 2.70479453125e+04, 2.5741109375e+04, 2.4504630859375e+04, 2.3308287109375e+04, 2.22222578125e+04, 2.1311373046875e+04, 2.0629544921875e+04, 2.0217408203125e+04, 2.009938671875e+04, 2.028251171875e+04, 2.0755794921875e+04, 2.1491388671875e+04, 2.2445271484375e+04, 2.3561017578125e+04, 2.466473828125e+04, 2.59053125e+04, 2.71018515625e+04, 2.818342968750001e+04, 2.908579101562501e+04, 2.9755583984375e+04, 3.0152759765625e+04, 3.02538203125e+04, 3.0052755859375e+04, 2.9561537109375e+04, 2.8809302734375e+04, 2.784074609375e+04, 2.6713419921875e+04, 2.5387802734375e+04, 2.415555859375e+04, 2.2983673828125e+04, 2.194153515624999e+04, 2.109124218750001e+04, 2.0482890625e+04, 2.015302734375e+04, 2.0121115234375e+04, 2.0389033203125e+04, 2.0940931640625e+04, 2.17439140625e+04, 2.2750306640625e+04, 2.390041015625e+04, 2.5019623046875e+04, 2.6254900390625e+04, 2.7425578125e+04, 2.8462115234375e+04, 2.9302974609375e+04, 2.9898216796875e+04, 3.02124453125e+04, 3.0227009765625e+04, 2.9941171875e+04, 2.9371576171875e+04, 2.855233203125e+04, 2.753207421875e+04, 2.6371365234375e+04, 2.503376171875e+04, 2.38112265625e+04, 2.2669802734375e+04, 2.1676525390625e+04, 7.88195361328125e+03, 1.7748611328125e+04, 1.9840232421875e+04, 1.9714943359375e+04, 1.9901689453125e+04, 2.038940234375e+04]
boilerControlBus.fuelPower=[8.14088134765625e+03, 8.14088134765625e+03, 2.6431482421875e+04, 2.748794140625e+04, 2.850546484375e+04, 2.9318333984375e+04, 2.9878134765625e+04, 3.0151654296875e+04, 3.012259375e+04, 2.9792751953125e+04, 2.918155078125e+04, 2.832555859375e+04, 2.727561328125e+04, 2.6779787109375e+04, 2.5531849609375e+04, 2.4292439453125e+04, 2.309378515625e+04, 2.2008626953125e+04, 2.1103361328125e+04, 2.043359375e+04, 2.004049609375e+04, 1.9947869140625e+04, 2.0160849609375e+04, 2.066558984375e+04, 2.1430236328125e+04, 2.2407466796875e+04, 5.427254296875e+04, 2.6363759765625e+04, 2.781251171875e+04, 2.890836328125e+04, 2.984686328125e+04, 3.0575201171875e+04, 3.105263671875e+04, 3.125239453125e+04, 3.116283984375e+04, 3.0788236328125e+04, 3.014853125e+04, 2.9278923828125e+04, 2.822838671875e+04, 2.694298046875e+04, 2.571738671875e+04, 2.4539853515625e+04, 2.347015234375e+04, 2.2562560546875e+04, 2.18744375e+04, 2.14497578125e+04, 2.131547265625e+04, 2.147958203125e+04, 2.19304609375e+04, 2.263859765625e+04, 2.35638203125e+04, 2.466998828125e+04, 2.575171484375e+04, 2.6967990234375e+04, 2.813825e+04, 2.919506445312501e+04, 3.007833203125001e+04, 3.07386640625e+04, 3.11388515625e+04, 3.125644921875e+04, 3.108431640625e+04, 3.063123828125e+04, 2.9921630859375e+04, 2.899479296875e+04, 2.7903208984375e+04, 2.6593859375e+04, 2.5369484375e+04, 2.4221427734375e+04, 2.319151953124999e+04, 2.234147070312501e+04, 2.1724701171875e+04, 2.1381037109375e+04, 2.1332048828125e+04, 2.1580111328125e+04, 2.2108345703125e+04, 2.288209765625e+04, 2.38665078125e+04, 2.5005884765625e+04, 2.6100025390625e+04, 2.7310140625e+04, 2.8454572265625e+04, 2.946753125e+04, 3.0291677734375e+04, 3.0880798828125e+04, 3.1201890625e+04, 3.12367421875e+04, 3.0982876953125e+04, 3.045323046875e+04, 2.9676908203125e+04, 2.8697140625e+04, 2.75696875e+04, 2.6243150390625e+04, 2.503104296875e+04, 2.39125e+04, 2.2927640625e+04, 8.14088134765625e+03, 1.7962931640625e+04, 2.0078947265625e+04, 1.9942294921875e+04, 2.0111923828125e+04, 2.0576654296875e+04]
