last-generated=2022-05-23
statistics-simulation=
{
  "linear": "0",
  "nonlinear": " ",
  "number of continuous time states": "6",
  "numerical Jacobians": "0"
}
time=[0e+00, 1.728e+05]
TSet.y=[2.891499938964844e+02, 2.891499938964844e+02, 2.891499938964844e+02, 2.891499938964844e+02, 2.891499938964844e+02, 2.891499938964844e+02, 2.891499938964844e+02, 2.891499938964844e+02, 2.891499938964844e+02, 2.891499938964844e+02, 2.891499938964844e+02, 2.891499938964844e+02, 2.891499938964844e+02, 2.891499938964844e+02, 2.891499938964844e+02, 2.931499938964844e+02, 2.931499938964844e+02, 2.931499938964844e+02, 2.931499938964844e+02, 2.931499938964844e+02, 2.931499938964844e+02, 2.931499938964844e+02, 2.931499938964844e+02, 2.931499938964844e+02, 2.931499938964844e+02, 2.931499938964844e+02, 2.931499938964844e+02, 2.931499938964844e+02, 2.931499938964844e+02, 2.931499938964844e+02, 2.931499938964844e+02, 2.931499938964844e+02, 2.931499938964844e+02, 2.931499938964844e+02, 2.931499938964844e+02, 2.931499938964844e+02, 2.931499938964844e+02, 2.931499938964844e+02, 2.931499938964844e+02, 2.931499938964844e+02, 2.891499938964844e+02, 2.891499938964844e+02, 2.891499938964844e+02, 2.891499938964844e+02, 2.891499938964844e+02, 2.891499938964844e+02, 2.891499938964844e+02, 2.891499938964844e+02, 2.891499938964844e+02, 2.891499938964844e+02, 2.891499938964844e+02, 2.891499938964844e+02, 2.891499938964844e+02, 2.891499938964844e+02, 2.891499938964844e+02, 2.891499938964844e+02, 2.891499938964844e+02, 2.891499938964844e+02, 2.891499938964844e+02, 2.891499938964844e+02, 2.891499938964844e+02, 2.891499938964844e+02, 2.891499938964844e+02, 2.891499938964844e+02, 2.891499938964844e+02, 2.931499938964844e+02, 2.931499938964844e+02, 2.931499938964844e+02, 2.931499938964844e+02, 2.931499938964844e+02, 2.931499938964844e+02, 2.931499938964844e+02, 2.931499938964844e+02, 2.931499938964844e+02, 2.931499938964844e+02, 2.931499938964844e+02, 2.931499938964844e+02, 2.931499938964844e+02, 2.931499938964844e+02, 2.931499938964844e+02, 2.931499938964844e+02, 2.931499938964844e+02, 2.931499938964844e+02, 2.931499938964844e+02, 2.931499938964844e+02, 2.931499938964844e+02, 2.931499938964844e+02, 2.931499938964844e+02, 2.931499938964844e+02, 2.931499938964844e+02, 2.891499938964844e+02, 2.891499938964844e+02, 2.891499938964844e+02, 2.891499938964844e+02, 2.891499938964844e+02, 2.891499938964844e+02, 2.891499938964844e+02, 2.891499938964844e+02, 2.891499938964844e+02, 2.891499938964844e+02, 2.891499938964844e+02]
TOut.y=[2.841499938964844e+02, 2.841894226074219e+02, 2.843070983886719e+02, 2.845011291503906e+02, 2.847684631347656e+02, 2.851049194335938e+02, 2.855051574707031e+02, 2.85962890625e+02, 2.864708557128906e+02, 2.870211181640625e+02, 2.876049194335938e+02, 2.882131042480469e+02, 2.888360595703125e+02, 2.894639587402344e+02, 2.900869140625e+02, 2.906950988769531e+02, 2.912789001464844e+02, 2.918291320800781e+02, 2.923371276855469e+02, 2.927948303222656e+02, 2.931950988769531e+02, 2.935315246582031e+02, 2.937988891601562e+02, 2.93992919921875e+02, 2.941105651855469e+02, 2.941499938964844e+02, 2.941105651855469e+02, 2.93992919921875e+02, 2.937988891601562e+02, 2.935315246582031e+02, 2.931950988769531e+02, 2.927948303222656e+02, 2.923371276855469e+02, 2.918291320800781e+02, 2.912789001464844e+02, 2.906950988769531e+02, 2.900869140625e+02, 2.894639587402344e+02, 2.888360595703125e+02, 2.882131042480469e+02, 2.876049194335938e+02, 2.870211181640625e+02, 2.864708557128906e+02, 2.85962890625e+02, 2.855051574707031e+02, 2.851049194335938e+02, 2.847684631347656e+02, 2.845011291503906e+02, 2.843070983886719e+02, 2.841894226074219e+02, 2.841499938964844e+02, 2.841894226074219e+02, 2.843070983886719e+02, 2.845011291503906e+02, 2.847684631347656e+02, 2.851049194335938e+02, 2.855051574707031e+02, 2.85962890625e+02, 2.864708557128906e+02, 2.870211181640625e+02, 2.876049194335938e+02, 2.882131042480469e+02, 2.888360595703125e+02, 2.894639587402344e+02, 2.900869140625e+02, 2.906950988769531e+02, 2.912789001464844e+02, 2.918291320800781e+02, 2.923371276855469e+02, 2.927948303222656e+02, 2.931950988769531e+02, 2.935315246582031e+02, 2.937988891601562e+02, 2.93992919921875e+02, 2.941105651855469e+02, 2.941499938964844e+02, 2.941105651855469e+02, 2.93992919921875e+02, 2.937988891601562e+02, 2.935315246582031e+02, 2.931950988769531e+02, 2.927948303222656e+02, 2.923371276855469e+02, 2.918291320800781e+02, 2.912789001464844e+02, 2.906950988769531e+02, 2.900869140625e+02, 2.894639587402344e+02, 2.888360595703125e+02, 2.882131042480469e+02, 2.876049194335938e+02, 2.870211181640625e+02, 2.864708557128906e+02, 2.85962890625e+02, 2.855051574707031e+02, 2.851049194335938e+02, 2.847684631347656e+02, 2.845011291503906e+02, 2.843070983886719e+02, 2.841894226074219e+02, 2.841499938964844e+02]
TVol.T=[2.891499938964844e+02, 2.891498413085938e+02, 2.891499938964844e+02, 2.891499938964844e+02, 2.891500244140625e+02, 2.891500244140625e+02, 2.891500244140625e+02, 2.891500244140625e+02, 2.891500244140625e+02, 2.891500244140625e+02, 2.891500244140625e+02, 2.891500244140625e+02, 2.891500244140625e+02, 2.891502685546875e+02, 2.891515502929688e+02, 2.893247680664062e+02, 2.897407836914062e+02, 2.901571350097656e+02, 2.905736999511719e+02, 2.909904174804688e+02, 2.914071655273438e+02, 2.918237915039062e+02, 2.922401733398438e+02, 2.926561889648438e+02, 2.930716857910156e+02, 2.931881408691406e+02, 2.931901245117188e+02, 2.9319189453125e+02, 2.93193359375e+02, 2.931943359375e+02, 2.931947021484375e+02, 2.931942749023438e+02, 2.931929626464844e+02, 2.93190673828125e+02, 2.931872863769531e+02, 2.931827392578125e+02, 2.931769714355469e+02, 2.93169921875e+02, 2.9316162109375e+02, 2.931520385742188e+02, 2.931451721191406e+02, 2.931331176757812e+02, 2.931199035644531e+02, 2.931056518554688e+02, 2.930904235839844e+02, 2.930743408203125e+02, 2.930575256347656e+02, 2.930401306152344e+02, 2.930223083496094e+02, 2.93004150390625e+02, 2.929859008789062e+02, 2.929677124023438e+02, 2.929497680664062e+02, 2.929321594238281e+02, 2.929150390625e+02, 2.928985595703125e+02, 2.928828735351562e+02, 2.928681335449219e+02, 2.928542175292969e+02, 2.928415832519531e+02, 2.928302917480469e+02, 2.928202514648438e+02, 2.928115234375e+02, 2.928040771484375e+02, 2.927978515625e+02, 2.929635009765625e+02, 2.931851806640625e+02, 2.931818542480469e+02, 2.931795959472656e+02, 2.931783752441406e+02, 2.931780090332031e+02, 2.931784057617188e+02, 2.93179443359375e+02, 2.931809387207031e+02, 2.931827697753906e+02, 2.931847229003906e+02, 2.931866760253906e+02, 2.931884460449219e+02, 2.931899108886719e+02, 2.931908874511719e+02, 2.931912841796875e+02, 2.931908874511719e+02, 2.931895751953125e+02, 2.931872863769531e+02, 2.931838989257812e+02, 2.931793518066406e+02, 2.93173583984375e+02, 2.931665649414062e+02, 2.931582641601562e+02, 2.93149169921875e+02, 2.931455993652344e+02, 2.93133544921875e+02, 2.931203308105469e+02, 2.931060791015625e+02, 2.930908508300781e+02, 2.930747680664062e+02, 2.930579528808594e+02, 2.930405578613281e+02, 2.930227355957031e+02, 2.930046081542969e+02, 2.929863586425781e+02]
THeaOut.T=[2.891499938964844e+02, 2.891500549316406e+02, 2.891502075195312e+02, 2.891502075195312e+02, 2.891502075195312e+02, 2.891501770019531e+02, 2.891501770019531e+02, 2.89150146484375e+02, 2.89150146484375e+02, 2.891501159667969e+02, 2.891500854492188e+02, 2.891500549316406e+02, 2.891500244140625e+02, 2.891502380371094e+02, 2.891515197753906e+02, 2.893262023925781e+02, 2.897422180175781e+02, 2.901585693359375e+02, 2.905751342773438e+02, 2.909918212890625e+02, 2.914085693359375e+02, 2.918251953125e+02, 2.922416076660156e+02, 2.926576232910156e+02, 2.930731201171875e+02, 2.931881103515625e+02, 2.931900634765625e+02, 2.931918640136719e+02, 2.931933288574219e+02, 2.931943359375e+02, 2.931947021484375e+02, 2.931943054199219e+02, 2.931929931640625e+02, 2.931907043457031e+02, 2.931873474121094e+02, 2.931828308105469e+02, 2.931770935058594e+02, 2.931700744628906e+02, 2.931617736816406e+02, 2.931522216796875e+02, 2.931453552246094e+02, 2.931333312988281e+02, 2.931201477050781e+02, 2.931059265136719e+02, 2.930906982421875e+02, 2.930746459960938e+02, 2.930578308105469e+02, 2.930404357910156e+02, 2.930226135253906e+02, 2.930044860839844e+02, 2.929862365722656e+02, 2.929680480957031e+02, 2.929500732421875e+02, 2.929324645996094e+02, 2.929153442382812e+02, 2.928988647460938e+02, 2.928831481933594e+02, 2.928683776855469e+02, 2.928544616699219e+02, 2.928418273925781e+02, 2.928304748535156e+02, 2.928204345703125e+02, 2.928116760253906e+02, 2.9280419921875e+02, 2.927979431152344e+02, 2.929650573730469e+02, 2.931852722167969e+02, 2.93181884765625e+02, 2.931796264648438e+02, 2.931783752441406e+02, 2.931780090332031e+02, 2.931784057617188e+02, 2.931794128417969e+02, 2.93180908203125e+02, 2.931827087402344e+02, 2.931846923828125e+02, 2.931866455078125e+02, 2.931884155273438e+02, 2.931898803710938e+02, 2.931908874511719e+02, 2.931912841796875e+02, 2.931908874511719e+02, 2.931896057128906e+02, 2.931873474121094e+02, 2.931839599609375e+02, 2.93179443359375e+02, 2.931737060546875e+02, 2.931667175292969e+02, 2.931584167480469e+02, 2.931493835449219e+02, 2.931458129882812e+02, 2.931337585449219e+02, 2.931205749511719e+02, 2.931063537597656e+02, 2.930911254882812e+02, 2.930750732421875e+02, 2.930582580566406e+02, 2.930408630371094e+02, 2.930230407714844e+02, 2.930049438476562e+02, 2.929866943359375e+02]
Pel=[0e+00, 2.537812423706055e+01, 2.518207550048828e+01, 2.391185188293457e+01, 2.257701683044434e+01, 2.082238388061523e+01, 1.876025581359863e+01, 1.638795661926269e+01, 1.376489734649658e+01, 1.09269905090332e+01, 7.913133144378662e+00, 4.775211811065674e+00, 1.703271389007568e+00, 0e+00, 0e+00, 1.030927856445312e+03, 1.030927856445312e+03, 1.030927856445312e+03, 1.030927856445312e+03, 1.030927856445312e+03, 1.030927856445312e+03, 1.030927856445312e+03, 1.030927856445312e+03, 1.030927856445312e+03, 1.030927856445312e+03, 0e+00, 0e+00, 0e+00, 0e+00, 0e+00, 0e+00, 0e+00, 0e+00, 0e+00, 0e+00, 0e+00, 0e+00, 0e+00, 0e+00, 0e+00, 0e+00, 0e+00, 0e+00, 0e+00, 0e+00, 0e+00, 0e+00, 0e+00, 0e+00, 0e+00, 0e+00, 0e+00, 0e+00, 0e+00, 0e+00, 0e+00, 0e+00, 0e+00, 0e+00, 0e+00, 0e+00, 0e+00, 0e+00, 0e+00, 0e+00, 1.030927856445312e+03, 0e+00, 0e+00, 0e+00, 0e+00, 0e+00, 0e+00, 0e+00, 0e+00, 0e+00, 0e+00, 0e+00, 0e+00, 0e+00, 0e+00, 0e+00, 0e+00, 0e+00, 0e+00, 0e+00, 0e+00, 0e+00, 0e+00, 0e+00, 1.933403778076172e+01, 0e+00, 0e+00, 0e+00, 0e+00, 0e+00, 0e+00, 0e+00, 0e+00, 0e+00, 0e+00, 0e+00]
