last-generated=2024-07-24
statistics-initialization=
{
  "nonlinear": "3, 0, 0",
  "numerical Jacobians": "0"
}
statistics-simulation=
{
  "linear": "0, 0, 0, 0, 0, 0, 0, 0, 0, 0, 0, 0, 0, 0",
  "nonlinear": "2",
  "number of continuous time states": "63",
  "numerical Jacobians": "0"
}
time=[0e+00, 8e+02]
hydraulicBus.TFwrdInMea=[3.031499938964844e+02, 3.031486206054688e+02, 3.03145263671875e+02, 3.031407775878906e+02, 3.031356201171875e+02, 3.031300659179688e+02, 3.03124267578125e+02, 3.031183471679688e+02, 3.031123657226562e+02, 3.031063232421875e+02, 3.031002502441406e+02, 3.030941772460938e+02, 3.030881042480469e+02, 3.0308203125e+02, 3.03075927734375e+02, 3.030698547363281e+02, 3.030637817382812e+02, 3.030577087402344e+02, 3.030516357421875e+02, 3.030455627441406e+02, 3.030395202636719e+02, 3.03033447265625e+02, 3.030274047851562e+02, 3.030214538574219e+02, 3.032127075195312e+02, 3.059727783203125e+02, 3.120275268554688e+02, 3.166054382324219e+02, 3.193107299804688e+02, 3.208978881835938e+02, 3.218290405273438e+02, 3.223751525878906e+02, 3.226954040527344e+02, 3.2288330078125e+02, 3.229935302734375e+02, 3.230582580566406e+02, 3.230961303710938e+02, 3.23118408203125e+02, 3.231314697265625e+02, 3.231391296386719e+02, 3.231436157226562e+02, 3.231462707519531e+02, 3.231477966308594e+02, 3.231487121582031e+02, 3.231492614746094e+02, 3.231495666503906e+02, 3.231497497558594e+02, 3.231498413085938e+02, 3.2314990234375e+02, 3.231499328613281e+02, 3.231499633789062e+02, 3.231499633789062e+02, 3.231499938964844e+02, 3.231499938964844e+02, 3.231499938964844e+02, 3.231499938964844e+02, 3.231499938964844e+02, 3.231499938964844e+02, 3.231499938964844e+02, 3.231499938964844e+02, 3.231499938964844e+02, 3.231499938964844e+02, 3.231500244140625e+02, 3.231500244140625e+02, 3.231500549316406e+02, 3.231500854492188e+02, 3.231500549316406e+02, 3.231500244140625e+02, 3.231500244140625e+02, 3.231499938964844e+02, 3.231499938964844e+02, 3.231499938964844e+02, 3.231499938964844e+02, 3.231499938964844e+02, 3.231499938964844e+02, 3.231499938964844e+02, 3.231499938964844e+02, 3.231499938964844e+02, 3.231499938964844e+02, 3.231499938964844e+02, 3.231499938964844e+02, 3.231499938964844e+02, 3.231499938964844e+02, 3.231499938964844e+02, 3.231499938964844e+02, 3.231499938964844e+02, 3.231499938964844e+02, 3.231499938964844e+02, 3.231499938964844e+02, 3.231499938964844e+02, 3.231499938964844e+02, 3.231499938964844e+02, 3.231499938964844e+02, 3.231499938964844e+02, 3.231499938964844e+02, 3.231499938964844e+02, 3.231499938964844e+02, 3.231499938964844e+02, 3.231499938964844e+02, 3.231499938964844e+02, 3.231499938964844e+02]
hydraulicBus.TFwrdOutMea=[3.031499938964844e+02, 3.031505737304688e+02, 3.031546325683594e+02, 3.031622314453125e+02, 3.031721801757812e+02, 3.031834716796875e+02, 3.031955261230469e+02, 3.032079772949219e+02, 3.032206726074219e+02, 3.032334594726562e+02, 3.032463073730469e+02, 3.032591247558594e+02, 3.032719421386719e+02, 3.032846984863281e+02, 3.032974548339844e+02, 3.033101806640625e+02, 3.033228759765625e+02, 3.033355102539062e+02, 3.0334814453125e+02, 3.033607482910156e+02, 3.033733520507812e+02, 3.033859252929688e+02, 3.033984680175781e+02, 3.034110107421875e+02, 3.034235229492188e+02, 3.034359436035156e+02, 3.034486083984375e+02, 3.034659118652344e+02, 3.035025024414062e+02, 3.035837707519531e+02, 3.037413330078125e+02, 3.040065307617188e+02, 3.04404052734375e+02, 3.049471130371094e+02, 3.056354370117188e+02, 3.064565124511719e+02, 3.073888244628906e+02, 3.0840576171875e+02, 3.09479248046875e+02, 3.105823364257812e+02, 3.116909484863281e+02, 3.127843017578125e+02, 3.138453369140625e+02, 3.148604736328125e+02, 3.158193054199219e+02, 3.1671435546875e+02, 3.17540771484375e+02, 3.182959899902344e+02, 3.189793090820312e+02, 3.195917663574219e+02, 3.201357727050781e+02, 3.206146850585938e+02, 3.210326843261719e+02, 3.213945007324219e+02, 3.217051391601562e+02, 3.219697265625e+02, 3.221933288574219e+02, 3.223808288574219e+02, 3.225369262695312e+02, 3.226658935546875e+02, 3.227716979980469e+02, 3.228578186035156e+02, 3.22927490234375e+02, 3.229833984375e+02, 3.230279541015625e+02, 3.23063232421875e+02, 3.230909729003906e+02, 3.231125793457031e+02, 3.231293334960938e+02, 3.231421813964844e+02, 3.231519775390625e+02, 3.231593627929688e+02, 3.231648864746094e+02, 3.231689453125e+02, 3.231719055175781e+02, 3.231740112304688e+02, 3.231754760742188e+02, 3.231764831542969e+02, 3.231771240234375e+02, 3.23177490234375e+02, 3.231776733398438e+02, 3.231777038574219e+02, 3.231776428222656e+02, 3.23177490234375e+02, 3.231773071289062e+02, 3.231770935058594e+02, 3.231768798828125e+02, 3.231766357421875e+02, 3.231764221191406e+02, 3.231762084960938e+02, 3.23176025390625e+02, 3.231758728027344e+02, 3.231757507324219e+02, 3.231756286621094e+02, 3.231755676269531e+02, 3.231755065917969e+02, 3.231754455566406e+02, 3.231754150390625e+02, 3.231753845214844e+02, 3.231753540039062e+02, 3.231753540039062e+02]
hydraulicBus.TRtrnInMea=[3.031499938964844e+02, 3.031505737304688e+02, 3.031546325683594e+02, 3.031622314453125e+02, 3.031721801757812e+02, 3.031834716796875e+02, 3.031955261230469e+02, 3.032079772949219e+02, 3.032206726074219e+02, 3.032334594726562e+02, 3.032463073730469e+02, 3.032591247558594e+02, 3.032719421386719e+02, 3.032846984863281e+02, 3.032974548339844e+02, 3.033101806640625e+02, 3.033228759765625e+02, 3.033355102539062e+02, 3.0334814453125e+02, 3.033607482910156e+02, 3.033733520507812e+02, 3.033859252929688e+02, 3.033984680175781e+02, 3.034110107421875e+02, 3.034235229492188e+02, 3.034359436035156e+02, 3.034486083984375e+02, 3.034659118652344e+02, 3.035025024414062e+02, 3.035837707519531e+02, 3.037413330078125e+02, 3.040065307617188e+02, 3.04404052734375e+02, 3.049471130371094e+02, 3.056354370117188e+02, 3.064565124511719e+02, 3.073888244628906e+02, 3.0840576171875e+02, 3.09479248046875e+02, 3.105823364257812e+02, 3.116909484863281e+02, 3.127843017578125e+02, 3.138453369140625e+02, 3.148604736328125e+02, 3.158193054199219e+02, 3.1671435546875e+02, 3.17540771484375e+02, 3.182959899902344e+02, 3.189793090820312e+02, 3.195917663574219e+02, 3.201357727050781e+02, 3.206146850585938e+02, 3.210326843261719e+02, 3.213945007324219e+02, 3.217051391601562e+02, 3.219697265625e+02, 3.221933288574219e+02, 3.223808288574219e+02, 3.225369262695312e+02, 3.226658935546875e+02, 3.227716979980469e+02, 3.228578186035156e+02, 3.22927490234375e+02, 3.229833984375e+02, 3.230279541015625e+02, 3.23063232421875e+02, 3.230909729003906e+02, 3.231125793457031e+02, 3.231293334960938e+02, 3.231421813964844e+02, 3.231519775390625e+02, 3.231593627929688e+02, 3.231648864746094e+02, 3.231689453125e+02, 3.231719055175781e+02, 3.231740112304688e+02, 3.231754760742188e+02, 3.231764831542969e+02, 3.231771240234375e+02, 3.23177490234375e+02, 3.231776733398438e+02, 3.231777038574219e+02, 3.231776428222656e+02, 3.23177490234375e+02, 3.231773071289062e+02, 3.231770935058594e+02, 3.231768798828125e+02, 3.231766357421875e+02, 3.231764221191406e+02, 3.231762084960938e+02, 3.23176025390625e+02, 3.231758728027344e+02, 3.231757507324219e+02, 3.231756286621094e+02, 3.231755676269531e+02, 3.231755065917969e+02, 3.231754455566406e+02, 3.231754150390625e+02, 3.231753845214844e+02, 3.231753540039062e+02, 3.231753540039062e+02]
hydraulicBus.TRtrnOutMea=[3.031499938964844e+02, 3.031486206054688e+02, 3.03145263671875e+02, 3.031407775878906e+02, 3.031356201171875e+02, 3.031300659179688e+02, 3.03124267578125e+02, 3.031183471679688e+02, 3.031123657226562e+02, 3.031063232421875e+02, 3.031002502441406e+02, 3.030941772460938e+02, 3.030881042480469e+02, 3.0308203125e+02, 3.03075927734375e+02, 3.030698547363281e+02, 3.030637817382812e+02, 3.030577087402344e+02, 3.030516357421875e+02, 3.030455627441406e+02, 3.030395202636719e+02, 3.03033447265625e+02, 3.030274047851562e+02, 3.030214233398438e+02, 3.030256042480469e+02, 3.0303955078125e+02, 3.030618591308594e+02, 3.030778503417969e+02, 3.030894775390625e+02, 3.031039123535156e+02, 3.031295166015625e+02, 3.031785583496094e+02, 3.032704772949219e+02, 3.034335632324219e+02, 3.037027893066406e+02, 3.041132507324219e+02, 3.046912536621094e+02, 3.054468994140625e+02, 3.063709106445312e+02, 3.074368286132812e+02, 3.0860693359375e+02, 3.098391418457031e+02, 3.110930480957031e+02, 3.123338012695312e+02, 3.135336303710938e+02, 3.146720886230469e+02, 3.157351989746094e+02, 3.167144470214844e+02, 3.176055908203125e+02, 3.184078369140625e+02, 3.191227722167969e+02, 3.1975390625e+02, 3.203060607910156e+02, 3.207849426269531e+02, 3.211968383789062e+02, 3.215482788085938e+02, 3.218458251953125e+02, 3.220958251953125e+02, 3.223042297363281e+02, 3.224767456054688e+02, 3.226184997558594e+02, 3.227341613769531e+02, 3.22827880859375e+02, 3.229032592773438e+02, 3.229635314941406e+02, 3.230113220214844e+02, 3.230490112304688e+02, 3.230785217285156e+02, 3.231014709472656e+02, 3.231192016601562e+02, 3.231327514648438e+02, 3.231430969238281e+02, 3.2315087890625e+02, 3.231567077636719e+02, 3.231610107421875e+02, 3.231641540527344e+02, 3.231664428710938e+02, 3.231680297851562e+02, 3.231691589355469e+02, 3.231698913574219e+02, 3.231703491210938e+02, 3.231706237792969e+02, 3.231707458496094e+02, 3.231707763671875e+02, 3.231707153320312e+02, 3.231706237792969e+02, 3.231704711914062e+02, 3.231703186035156e+02, 3.231701354980469e+02, 3.231699523925781e+02, 3.231697998046875e+02, 3.231696472167969e+02, 3.231695251464844e+02, 3.2316943359375e+02, 3.231693420410156e+02, 3.231692810058594e+02, 3.231692199707031e+02, 3.23169189453125e+02, 3.231691589355469e+02, 3.231691284179688e+02, 3.231690979003906e+02]
hydraulicBus.VFlowInMea=[2.150234654177778e-24, 1.037294555805701e-10, 1.315097614140726e-10, 1.352436634904919e-10, 1.357175205551897e-10, 1.357767231979778e-10, 1.357853551819943e-10, 1.357861045825359e-10, 1.357857576378407e-10, 1.357859380490822e-10, 1.357862017270506e-10, 1.35786312749353e-10, 1.357863543827165e-10, 1.357863682605043e-10, 1.35786312749353e-10, 1.357862711159896e-10, 1.357862572382018e-10, 1.357862572382018e-10, 1.357862711159896e-10, 1.357862711159896e-10, 1.357862711159896e-10, 1.357862711159896e-10, 1.357862711159896e-10, 7.177621164089487e-09, 3.677389486256288e-07, 2.217325800302206e-06, 6.05719242230407e-06, 1.058045927493367e-05, 1.502305894973689e-05, 1.939836874953469e-05, 2.385807056271005e-05, 2.841741115844343e-05, 3.303443008917384e-05, 3.767873931792565e-05, 4.232850551488809e-05, 4.696813630289398e-05, 5.158661952009425e-05, 5.617589340545237e-05, 6.073001350159757e-05, 6.524463969981298e-05, 6.971655966481194e-05, 7.414339779643342e-05, 7.852337876101956e-05, 8.285516378236935e-05, 8.713772695045918e-05, 9.137029701378196e-05, 9.555228461977094e-05, 9.968323865905404e-05, 1.037628098856658e-04, 1.077907581930049e-04, 1.11766901682131e-04, 1.156911239377223e-04, 1.195633594761603e-04, 1.233836082974449e-04, 1.271518849534914e-04, 1.308682840317488e-04, 1.345328928437084e-04, 1.381458569085225e-04, 1.417073508491739e-04, 1.452175638405606e-04, 1.486767432652414e-04, 1.520851510576904e-04, 1.554430491523817e-04, 1.587507576914504e-04, 1.620086113689467e-04, 1.652169448789209e-04, 1.683761511230841e-04, 1.714866084512323e-04, 1.745487243169919e-04, 1.775629352778196e-04, 1.805296633392572e-04, 1.834493887145072e-04, 1.863225479610264e-04, 1.891496649477631e-04, 1.919311907840893e-04, 1.946676638908684e-04, 1.973595790332183e-04, 2.000074600800872e-04, 2.026118454523385e-04, 2.051732444670051e-04, 2.076922392006963e-04, 2.101693535223603e-04, 2.126051404047757e-04, 2.150001528207213e-04, 2.173549582948908e-04, 2.196701098000631e-04, 2.216100692749023e-04, 2.229809178970754e-04, 2.239540626760572e-04, 2.246473304694518e-04, 2.251422702101991e-04, 2.254957071272656e-04, 2.257481392007321e-04, 2.2592865570914e-04, 2.26057818508707e-04, 2.261501795146614e-04, 2.262160851387307e-04, 2.262632333440706e-04, 2.262970083393157e-04, 2.263213827973232e-04, 2.263389469590038e-04]
hydraulicBus.VFlowOutMea=[-1.234055783898775e-17, 1.111497054807842e-03, 1.251515583135188e-03, 1.269158092327416e-03, 1.271379529498518e-03, 1.271656830795109e-03, 1.271697226911783e-03, 1.271700719371438e-03, 1.271699089556932e-03, 1.271699904464185e-03, 1.271701185032725e-03, 1.271701650694013e-03, 1.271701883524656e-03, 1.271701999939978e-03, 1.271701767109334e-03, 1.271701534278691e-03, 1.271701534278691e-03, 1.271701417863369e-03, 1.271701534278691e-03, 1.271701534278691e-03, 1.271701534278691e-03, 1.271701534278691e-03, 1.271701534278691e-03, 1.271701883524656e-03, 1.271722605451941e-03, 1.271828776225448e-03, 1.272048568353057e-03, 1.272306777536869e-03, 1.272559515200555e-03, 1.272807596251369e-03, 1.273059635423124e-03, 1.273316447623074e-03, 1.273575704544783e-03, 1.273835427127779e-03, 1.274094684049487e-03, 1.274352427572012e-03, 1.274607959203422e-03, 1.274861162528396e-03, 1.275111455470324e-03, 1.275358721613884e-03, 1.275602844543755e-03, 1.275843591429293e-03, 1.27608107868582e-03, 1.276315073482692e-03, 1.27654557581991e-03, 1.276772702112794e-03, 1.276996452361345e-03, 1.27721659373492e-03, 1.277433359064162e-03, 1.277646748349071e-03, 1.277856645174325e-03, 1.278063165955245e-03, 1.278266310691833e-03, 1.278466079384089e-03, 1.278662588447332e-03, 1.278855837881565e-03, 1.279045711271465e-03, 1.279232441447675e-03, 1.279415911994874e-03, 1.279596239328384e-03, 1.279773423448205e-03, 1.279947464354336e-03, 1.2801184784621e-03, 1.280286465771496e-03, 1.280451542697847e-03, 1.28061359282583e-03, 1.280772732570767e-03, 1.280929078347981e-03, 1.281082513742149e-03, 1.281233155168593e-03, 1.281381119042635e-03, 1.281526288948953e-03, 1.281668897718191e-03, 1.281808828935027e-03, 1.281946199014783e-03, 1.282080891542137e-03, 1.282213255763054e-03, 1.282343058846891e-03, 1.28247041720897e-03, 1.282595447264612e-03, 1.282718149013817e-03, 1.282838522456586e-03, 1.282956684008241e-03, 1.283072517253458e-03, 1.283186255022883e-03, 1.283297780901194e-03, 1.283391145989299e-03, 1.283456920646131e-03, 1.283503603190184e-03, 1.283536897972226e-03, 1.283560646697879e-03, 1.283577526919544e-03, 1.283589634113014e-03, 1.283598248846829e-03, 1.283604418858886e-03, 1.283608842641115e-03, 1.283611985854805e-03, 1.283614314161241e-03, 1.283615943975747e-03, 1.283617108128965e-03, 1.283617923036218e-03]
