last-generated=2026-05-27
statistics-initialization=
{
  "linear": "4, 4, 5, 4, 4"
}
statistics-simulation=
{
  "linear": "0, 4, 0, 0, 4, 0, 0, 4, 0, 0, 4, 0, 0, 4, 0",
  "nonlinear": "0, 1, 0, 1, 0, 1, 0, 1, 0, 1, 0, 1, 0, 1, 0, 1, 0, 1, 0, 1, 0, 1, 0, 1, 0, 1, 0,   1, 0, 1",
  "number of continuous time states": "48",
  "numerical Jacobians": "0"
}
time=[1.4688e+07, 1.5552e+07]
multizone.TAir[1]=[2.931499938964844e+02, 2.905423889160156e+02, 2.9033984375e+02, 2.903972106933594e+02, 2.910326940121858e+02, 2.91098876953125e+02, 2.919651916503906e+02, 2.913981774902344e+02, 2.907342834472656e+02, 2.905745239257812e+02, 2.904649047851562e+02, 2.903023986816406e+02, 2.902404174804688e+02, 2.904561271168531e+02, 2.912510437011719e+02, 2.913232116699219e+02, 2.918783752441406e+02, 2.91350840485854e+02, 2.908995654437648e+02, 2.9061123046875e+02, 2.904639587402344e+02, 2.902785461425781e+02, 2.902060668945313e+02, 2.907098815917969e+02, 2.917823791503906e+02, 2.919275207519531e+02, 2.927043884277344e+02, 2.920184037892361e+02, 2.913494678333493e+02, 2.908597778320312e+02, 2.906558837890625e+02, 2.905049560546875e+02, 2.904503723144531e+02, 2.911903550071929e+02, 2.926776000976562e+02, 2.921009826660156e+02, 2.929720764160156e+02, 2.923087657633744e+02, 2.913710205078125e+02, 2.912075927734375e+02, 2.910496215820312e+02, 2.909079284667969e+02, 2.907451965332031e+02, 2.908820657241461e+02, 2.919911682128906e+02, 2.92042236328125e+02, 2.927434692382812e+02, 2.920710632324219e+02, 2.915156494140625e+02, 2.912019104003906e+02, 2.910813903808594e+02, 2.909597961425781e+02, 2.909121398925781e+02, 2.909669616699219e+02, 2.917224487304687e+02, 2.9139013671875e+02, 2.924805297851562e+02, 2.917823944091797e+02, 2.9131357421875e+02, 2.910592712402344e+02, 2.909756774902344e+02, 2.908919494628906e+02, 2.907679870605469e+02, 2.908307434082031e+02, 2.914666107661332e+02, 2.913120422363281e+02, 2.917976684570312e+02, 2.915058654785156e+02, 2.9108896484375e+02, 2.908903625488281e+02, 2.90858154296875e+02, 2.908391296386719e+02, 2.907323181152344e+02, 2.910374239179307e+02, 2.921025939941406e+02, 2.919329833984375e+02, 2.930156188964844e+02, 2.924016427218058e+02, 2.915362064415301e+02, 2.909590759277344e+02, 2.908481140136719e+02, 2.907344482421875e+02, 2.906958312988281e+02, 2.911666137695312e+02, 2.922858032226562e+02, 2.925606384277344e+02, 2.9381904296875e+02, 2.9299877724116e+02, 2.924910389755198e+02, 2.915911315917969e+02, 2.914027099609375e+02, 2.913016540527344e+02, 2.911095642089844e+02, 2.920979150978916e+02, 2.938360290527344e+02, 2.9438818359375e+02, 2.955885070800781e+02, 2.944924133300781e+02, 2.934636962890625e+02, 2.925672119140625e+02, 2.921907348632812e+02]
multizone.TAir[2]=[2.931499938964844e+02, 2.900311279296875e+02, 2.898017517089844e+02, 2.900958923339844e+02, 2.905100641665251e+02, 2.908802490234375e+02, 2.914985412597656e+02, 2.910434020996094e+02, 2.901279357910156e+02, 2.899367309570313e+02, 2.897953186035156e+02, 2.896005493164063e+02, 2.895061828613281e+02, 2.899837468676845e+02, 2.905449890136719e+02, 2.910111999511719e+02, 2.912503112792969e+02, 2.908322032421311e+02, 2.90111425409207e+02, 2.897924560546875e+02, 2.896139831542969e+02, 2.893964050292969e+02, 2.892905639648437e+02, 2.90097900390625e+02, 2.909063110351562e+02, 2.916955261230469e+02, 2.919931030273438e+02, 2.914206411553342e+02, 2.904474249529692e+02, 2.899306701660156e+02, 2.896976318359375e+02, 2.895169799804688e+02, 2.894325561523438e+02, 2.905413329172223e+02, 2.916892944335938e+02, 2.916969604492188e+02, 2.921744323730469e+02, 2.91639304668485e+02, 2.903964111328125e+02, 2.902088806152344e+02, 2.90026611328125e+02, 2.898598754882813e+02, 2.896711486816406e+02, 2.900865086196961e+02, 2.909830322265625e+02, 2.914815673828125e+02, 2.918758911132812e+02, 2.912979064941406e+02, 2.904562438964844e+02, 2.901201904296875e+02, 2.899764404296875e+02, 2.898312561035156e+02, 2.897604553222656e+02, 2.901102416992188e+02, 2.906574340820313e+02, 2.90626708984375e+02, 2.915157470703125e+02, 2.909133148193359e+02, 2.901725769042969e+02, 2.898968322753906e+02, 2.89791259765625e+02, 2.896852783203125e+02, 2.895398498535156e+02, 2.898997314453125e+02, 2.903365755693628e+02, 2.905157165527344e+02, 2.90750390625e+02, 2.905871398925781e+02, 2.898769165039063e+02, 2.896598022460938e+02, 2.896089172363281e+02, 2.895735595703125e+02, 2.894494079589844e+02, 2.901276114646178e+02, 2.909152648925781e+02, 2.912630004882812e+02, 2.919987731933594e+02, 2.915103406404194e+02, 2.903352573018678e+02, 2.897386596679688e+02, 2.896048278808594e+02, 2.894696960449219e+02, 2.894094848632812e+02, 2.9021181640625e+02, 2.910921325683594e+02, 2.919776000976562e+02, 2.928412902832031e+02, 2.921382110522285e+02, 2.913066585765166e+02, 2.903929565429688e+02, 2.901872863769531e+02, 2.900682556152344e+02, 2.898582458496094e+02, 2.912641763342432e+02, 2.926382751464844e+02, 2.940415954589844e+02, 2.94664599609375e+02, 2.937123840332031e+02, 2.923135559082031e+02, 2.914040954589844e+02, 2.910149230957031e+02]
multizone.TAir[3]=[2.931499938964844e+02, 2.905991943359375e+02, 2.903996276855469e+02, 2.907041137695313e+02, 2.9110575083857e+02, 2.915213317871094e+02, 2.921352722167969e+02, 2.917509741210937e+02, 2.908924377441406e+02, 2.907349914550781e+02, 2.906277770996094e+02, 2.904678771972656e+02, 2.904085205078125e+02, 2.908911551930249e+02, 2.914201110839844e+02, 2.919382019042969e+02, 2.92151953125e+02, 2.918207081701025e+02, 2.91165024482438e+02, 2.908777709960938e+02, 2.907318115234375e+02, 2.905481140136719e+02, 2.904777160644531e+02, 2.912775268554688e+02, 2.920251403808594e+02, 2.928636779785156e+02, 2.93109326171875e+02, 2.926267867072021e+02, 2.917161004002109e+02, 2.912253723144531e+02, 2.910214233398438e+02, 2.908707336425781e+02, 2.908164855957031e+02, 2.919050016668599e+02, 2.9297041015625e+02, 2.930204467773438e+02, 2.934342956542969e+02, 2.929929006682137e+02, 2.918137268066406e+02, 2.91647509765625e+02, 2.91487060546875e+02, 2.913433715820312e+02, 2.911791442871094e+02, 2.915697468091649e+02, 2.923832824707031e+02, 2.929336547851562e+02, 2.932590576171875e+02, 2.927841796875e+02, 2.920104675292969e+02, 2.9169287109375e+02, 2.915691223144531e+02, 2.914446411132812e+02, 2.913940734863281e+02, 2.917107299804687e+02, 2.921642578125e+02, 2.921909790039062e+02, 2.930078063964844e+02, 2.925151468912761e+02, 2.9184619140625e+02, 2.915875671386719e+02, 2.915000915527344e+02, 2.914127807617188e+02, 2.912851135253906e+02, 2.916077026367187e+02, 2.919429432262074e+02, 2.921809997558594e+02, 2.923384338378906e+02, 2.922923706054688e+02, 2.916545593261719e+02, 2.914501953125e+02, 2.914125366210938e+02, 2.913873413085938e+02, 2.912750366210938e+02, 2.919060802761733e+02, 2.925784973144531e+02, 2.929751281738281e+02, 2.936183044433594e+02, 2.932330084257719e+02, 2.921200812111438e+02, 2.915376647949219e+02, 2.914232177734375e+02, 2.913054992675781e+02, 2.912630859375e+02, 2.920214111328125e+02, 2.927852355957031e+02, 2.937173767089844e+02, 2.944778503417969e+02, 2.938734616399672e+02, 2.930954101765725e+02, 2.921871643066406e+02, 2.919924011230469e+02, 2.9188564453125e+02, 2.916879638671875e+02, 2.930452432287745e+02, 2.942978393554687e+02, 2.957312622070312e+02, 2.962748413085938e+02, 2.954312561035156e+02, 2.9409560546875e+02, 2.931895141601562e+02, 2.928036193847656e+02]
multizone.TAir[4]=[2.931499938964844e+02, 2.894630615234375e+02, 2.892038818359375e+02, 2.894876403808594e+02, 2.899143659508746e+02, 2.902391357421875e+02, 2.908617919921875e+02, 2.903358020019531e+02, 2.893634399414062e+02, 2.891384582519531e+02, 2.889628601074219e+02, 2.88733203125e+02, 2.886038391113281e+02, 2.89076338542344e+02, 2.896698669433594e+02, 2.900841979980469e+02, 2.903486572265625e+02, 2.898437046646383e+02, 2.890578278945345e+02, 2.887071594238281e+02, 2.884961547851562e+02, 2.882447265625e+02, 2.881033996582031e+02, 2.889182800292969e+02, 2.897874938964844e+02, 2.905274047851562e+02, 2.908768798828125e+02, 2.902144956034662e+02, 2.891787495057276e+02, 2.886359558105469e+02, 2.883738708496094e+02, 2.881632202148438e+02, 2.880486267089844e+02, 2.891776404442725e+02, 2.904081665039063e+02, 2.903735046386719e+02, 2.909145874023437e+02, 2.902857361603499e+02, 2.889790710449219e+02, 2.887702392578125e+02, 2.885661315917969e+02, 2.883763977050781e+02, 2.881631408691406e+02, 2.886032594319521e+02, 2.895827697753906e+02, 2.900295104980469e+02, 2.90492724609375e+02, 2.898116333007812e+02, 2.889020141601562e+02, 2.885474975585938e+02, 2.883837890625e+02, 2.882178527832031e+02, 2.881268432617188e+02, 2.885097473144531e+02, 2.891506225585937e+02, 2.890624389648438e+02, 2.900236999511719e+02, 2.893115081787109e+02, 2.884989685058594e+02, 2.88206103515625e+02, 2.880823974609375e+02, 2.879577880859375e+02, 2.877945556640625e+02, 2.881917358398438e+02, 2.887302079125183e+02, 2.888504028320312e+02, 2.891623657226563e+02, 2.888819091796875e+02, 2.880992797851562e+02, 2.878694274902344e+02, 2.878052978515625e+02, 2.877597595214844e+02, 2.876237670898437e+02, 2.883491196440721e+02, 2.8925205078125e+02, 2.895508728027344e+02, 2.903792602539062e+02, 2.897876728550669e+02, 2.885504333925919e+02, 2.879396606445313e+02, 2.877864379882812e+02, 2.876338989257812e+02, 2.875559020996094e+02, 2.884021911621094e+02, 2.893990112304688e+02, 2.902378234863281e+02, 2.912047302246094e+02, 2.904029692746968e+02, 2.895179069764606e+02, 2.885987487792969e+02, 2.883821716308594e+02, 2.882508544921875e+02, 2.88028515625e+02, 2.894831399572901e+02, 2.909787292480469e+02, 2.923519592285156e+02, 2.930543395996094e+02, 2.91993505859375e+02, 2.905315063476563e+02, 2.896186828613281e+02, 2.892262573242188e+02]
multizone.TAir[5]=[2.931499938964844e+02, 2.888949951171875e+02, 2.88606005859375e+02, 2.888794128417969e+02, 2.893186792788298e+02, 2.895980529785156e+02, 2.902250610351563e+02, 2.896282299804687e+02, 2.885989379882812e+02, 2.883402160644531e+02, 2.8813037109375e+02, 2.878658569335938e+02, 2.877015014648438e+02, 2.881689563438243e+02, 2.887947631835938e+02, 2.891571960449219e+02, 2.894470336914063e+02, 2.888552239037663e+02, 2.880042288213036e+02, 2.876218444824219e+02, 2.873783264160156e+02, 2.87093017578125e+02, 2.869162353515625e+02, 2.877386779785156e+02, 2.886686462402344e+02, 2.893592834472656e+02, 2.897606567382812e+02, 2.890083500515983e+02, 2.879100705012222e+02, 2.873412536621094e+02, 2.870500793457031e+02, 2.868094665527344e+02, 2.866646789550781e+02, 2.878139784889009e+02, 2.8912705078125e+02, 2.890500183105469e+02, 2.896547119140625e+02, 2.889321401606211e+02, 2.875617553710937e+02, 2.873315979003906e+02, 2.871056823730469e+02, 2.868929016113281e+02, 2.866551452636719e+02, 2.871199907249051e+02, 2.8818251953125e+02, 2.885774230957031e+02, 2.891095397949219e+02, 2.883253356933594e+02, 2.873477661132812e+02, 2.869747985839844e+02, 2.867911376953125e+02, 2.866044799804687e+02, 2.864932434082031e+02, 2.869092529296875e+02, 2.87643798828125e+02, 2.874981384277344e+02, 2.885316223144531e+02, 2.877096761067708e+02, 2.868253784179688e+02, 2.865153564453125e+02, 2.863735656738281e+02, 2.862303039550781e+02, 2.860492614746094e+02, 2.864837646484375e+02, 2.871238524728859e+02, 2.871851196289062e+02, 2.875743347167969e+02, 2.87176708984375e+02, 2.863216369628906e+02, 2.86079052734375e+02, 2.86001708984375e+02, 2.85945947265625e+02, 2.857981384277344e+02, 2.865706240692325e+02, 2.87588818359375e+02, 2.878387451171875e+02, 2.887597290039063e+02, 2.880649955786016e+02, 2.867656094833159e+02, 2.861406555175781e+02, 2.859680480957031e+02, 2.85798095703125e+02, 2.857023193359375e+02, 2.865925964355469e+02, 2.87705908203125e+02, 2.884980163574219e+02, 2.895681701660156e+02, 2.886677186869581e+02, 2.877291553764047e+02, 2.868045532226562e+02, 2.865770568847656e+02, 2.864334838867188e+02, 2.861987976074219e+02, 2.877020730627589e+02, 2.893191711425781e+02, 2.906622924804688e+02, 2.914440979003906e+02, 2.902746276855469e+02, 2.887494506835938e+02, 2.878332641601563e+02, 2.874375610351562e+02]
multizone.PCooler[1]=[-1e+03, -1e+03, -1e+03, -1e+03, -1e+03, -1e+03, -1e+03, -1e+03, -1e+03, -1e+03, -1e+03, -1e+03, -1e+03, -1e+03, -1e+03, -1e+03, -1e+03, -1e+03, -1e+03, -1e+03, -1e+03, -1e+03, -1e+03, -1e+03, -1e+03, -1e+03, -1e+03, -1e+03, -1e+03, -1e+03, -1e+03, -1e+03, -1e+03, -1e+03, -1e+03, -1e+03, -1e+03, -1e+03, -1e+03, -1e+03, -1e+03, -1e+03, -1e+03, -1e+03, -1e+03, -1e+03, -1e+03, -1e+03, -1e+03, -1e+03, -1e+03, -1e+03, -1e+03, -1e+03, -1e+03, -1e+03, -1e+03, -1e+03, -1e+03, -1e+03, -1e+03, -1e+03, -1e+03, -1e+03, -1e+03, -1e+03, -1e+03, -1e+03, -1e+03, -1e+03, -1e+03, -1e+03, -1e+03, -1e+03, -1e+03, -1e+03, -1e+03, -1e+03, -1e+03, -1e+03, -1e+03, -1e+03, -1e+03, -1e+03, -1e+03, -1e+03, -1e+03, -1e+03, -1e+03, -1e+03, -1e+03, -1e+03, -1e+03, -1e+03, -1e+03, -1e+03, -1e+03, -1e+03, -1e+03, -1e+03, -1e+03]
multizone.PCooler[2]=[-1e+04, -1e+04, -1e+04, -1e+04, -1e+04, -1e+04, -1e+04, -1e+04, -1e+04, -1e+04, -1e+04, -1e+04, -1e+04, -1e+04, -1e+04, -1e+04, -1e+04, -1e+04, -1e+04, -1e+04, -1e+04, -1e+04, -1e+04, -1e+04, -1e+04, -1e+04, -1e+04, -1e+04, -1e+04, -1e+04, -1e+04, -1e+04, -1e+04, -1e+04, -1e+04, -1e+04, -1e+04, -1e+04, -1e+04, -1e+04, -1e+04, -1e+04, -1e+04, -1e+04, -1e+04, -1e+04, -1e+04, -1e+04, -1e+04, -1e+04, -1e+04, -1e+04, -1e+04, -1e+04, -1e+04, -1e+04, -1e+04, -1e+04, -1e+04, -1e+04, -1e+04, -1e+04, -1e+04, -1e+04, -1e+04, -1e+04, -1e+04, -1e+04, -1e+04, -1e+04, -1e+04, -1e+04, -1e+04, -1e+04, -1e+04, -1e+04, -1e+04, -1e+04, -1e+04, -1e+04, -1e+04, -1e+04, -1e+04, -1e+04, -1e+04, -1e+04, -1e+04, -1e+04, -1e+04, -1e+04, -1e+04, -1e+04, -1e+04, -1e+04, -1e+04, -1e+04, -1e+04, -1e+04, -1e+04, -1e+04, -1e+04]
multizone.PCooler[3]=[0e+00, 0e+00]
multizone.PCooler[4]=[-2e+04, -2e+04, -2e+04, -2e+04, -2e+04, -2e+04, -2e+04, -2e+04, -2e+04, -2e+04, -2e+04, -2e+04, -2e+04, -2e+04, -2e+04, -2e+04, -2e+04, -2e+04, -2e+04, -2e+04, -2e+04, -2e+04, -2e+04, -2e+04, -2e+04, -2e+04, -2e+04, -2e+04, -2e+04, -2e+04, -2e+04, -2e+04, -2e+04, -2e+04, -2e+04, -2e+04, -2e+04, -2e+04, -2e+04, -2e+04, -2e+04, -2e+04, -2e+04, -2e+04, -2e+04, -2e+04, -2e+04, -2e+04, -2e+04, -2e+04, -2e+04, -2e+04, -2e+04, -2e+04, -2e+04, -2e+04, -2e+04, -2e+04, -2e+04, -2e+04, -2e+04, -2e+04, -2e+04, -2e+04, -2e+04, -2e+04, -2e+04, -2e+04, -2e+04, -2e+04, -2e+04, -2e+04, -2e+04, -2e+04, -2e+04, -2e+04, -2e+04, -2e+04, -2e+04, -2e+04, -2e+04, -2e+04, -2e+04, -2e+04, -2e+04, -2e+04, -2e+04, -2e+04, -2e+04, -2e+04, -2e+04, -2e+04, -2e+04, -2e+04, -2e+04, -2e+04, -2e+04, -2e+04, -2e+04, -2e+04, -2e+04]
multizone.PCooler[5]=[-3e+04, -3e+04, -3e+04, -3e+04, -3e+04, -3e+04, -3e+04, -3e+04, -3e+04, -3e+04, -3e+04, -3e+04, -3e+04, -3e+04, -3e+04, -3e+04, -3e+04, -3e+04, -3e+04, -3e+04, -3e+04, -3e+04, -3e+04, -3e+04, -3e+04, -3e+04, -3e+04, -3e+04, -3e+04, -3e+04, -3e+04, -3e+04, -3e+04, -3e+04, -3e+04, -3e+04, -3e+04, -3e+04, -3e+04, -3e+04, -3e+04, -3e+04, -3e+04, -3e+04, -3e+04, -3e+04, -3e+04, -3e+04, -3e+04, -3e+04, -3e+04, -3e+04, -3e+04, -3e+04, -3e+04, -3e+04, -3e+04, -3e+04, -3e+04, -3e+04, -3e+04, -3e+04, -3e+04, -3e+04, -3e+04, -3e+04, -3e+04, -3e+04, -3e+04, -3e+04, -3e+04, -3e+04, -3e+04, -3e+04, -3e+04, -3e+04, -3e+04, -3e+04, -3e+04, -3e+04, -3e+04, -3e+04, -3e+04, -3e+04, -3e+04, -3e+04, -3e+04, -3e+04, -3e+04, -3e+04, -3e+04, -3e+04, -3e+04, -3e+04, -3e+04, -3e+04, -3e+04, -3e+04, -3e+04, -3e+04, -3e+04]
