last-generated=2024-07-24
statistics-initialization=
{
  "nonlinear": "4, 0",
  "numerical Jacobians": "0"
}
statistics-simulation=
{
  "linear": "0, 0, 0, 0, 0, 0, 0, 0, 0, 0, 0, 0",
  "nonlinear": "2",
  "number of continuous time states": "55",
  "numerical Jacobians": "0"
}
time=[0e+00, 8e+02]
hydraulicBus.TFwrdInMea=[3.031499938964844e+02, 3.031862182617188e+02, 3.035386047363281e+02, 3.042413940429688e+02, 3.051438598632812e+02, 3.061336975097656e+02, 3.071441040039062e+02, 3.081376647949219e+02, 3.090942993164062e+02, 3.100041809082031e+02, 3.108633728027344e+02, 3.116707763671875e+02, 3.124270935058594e+02, 3.131343688964844e+02, 3.137951354980469e+02, 3.144120788574219e+02, 3.149879150390625e+02, 3.155252075195312e+02, 3.160264587402344e+02, 3.164940795898438e+02, 3.169302978515625e+02, 3.173371887207031e+02, 3.177166748046875e+02, 3.1835595703125e+02, 3.203280334472656e+02, 3.214945068359375e+02, 3.221788024902344e+02, 3.225797729492188e+02, 3.228151245117188e+02, 3.229534912109375e+02, 3.230347595214844e+02, 3.230823974609375e+02, 3.231103515625e+02, 3.231267395019531e+02, 3.231363525390625e+02, 3.231419982910156e+02, 3.231452941894531e+02, 3.231472473144531e+02, 3.231483764648438e+02, 3.231490478515625e+02, 3.231494445800781e+02, 3.231496887207031e+02, 3.231498107910156e+02, 3.2314990234375e+02, 3.231499328613281e+02, 3.231499633789062e+02, 3.231499938964844e+02, 3.231499938964844e+02, 3.231499938964844e+02, 3.231499938964844e+02, 3.231499938964844e+02, 3.231499938964844e+02, 3.231499938964844e+02, 3.231499938964844e+02, 3.231499938964844e+02, 3.231499938964844e+02, 3.231499938964844e+02, 3.231499938964844e+02, 3.231499938964844e+02, 3.231499938964844e+02, 3.231499938964844e+02, 3.231499938964844e+02, 3.231499938964844e+02, 3.231499938964844e+02, 3.231499938964844e+02, 3.231499938964844e+02, 3.231499938964844e+02, 3.231499938964844e+02, 3.231499938964844e+02, 3.231499938964844e+02, 3.231499938964844e+02, 3.231499938964844e+02, 3.231499938964844e+02, 3.231499938964844e+02, 3.231499938964844e+02, 3.231499938964844e+02, 3.231499938964844e+02, 3.231499938964844e+02, 3.231499938964844e+02, 3.231499938964844e+02, 3.231499938964844e+02, 3.231499938964844e+02, 3.231499938964844e+02, 3.231499938964844e+02, 3.231499938964844e+02, 3.231499938964844e+02, 3.231499938964844e+02, 3.231499938964844e+02, 3.231499938964844e+02, 3.231499938964844e+02, 3.231499938964844e+02, 3.231499938964844e+02, 3.231499938964844e+02, 3.231499938964844e+02, 3.231499938964844e+02, 3.231499938964844e+02, 3.231499938964844e+02, 3.231499938964844e+02, 3.231499938964844e+02, 3.231499938964844e+02, 3.231499938964844e+02]
hydraulicBus.TFwrdOutMea=[3.031499938964844e+02, 3.03150390625e+02, 3.031533203125e+02, 3.031585388183594e+02, 3.031652221679688e+02, 3.031727294921875e+02, 3.031806945800781e+02, 3.031889343261719e+02, 3.031972961425781e+02, 3.032056884765625e+02, 3.03214111328125e+02, 3.032225036621094e+02, 3.032308959960938e+02, 3.032392272949219e+02, 3.032475280761719e+02, 3.032558288574219e+02, 3.032640686035156e+02, 3.032722778320312e+02, 3.032804565429688e+02, 3.032886047363281e+02, 3.032967529296875e+02, 3.033048400878906e+02, 3.033129272460938e+02, 3.033209838867188e+02, 3.033291931152344e+02, 3.033476257324219e+02, 3.034042053222656e+02, 3.035182189941406e+02, 3.037012023925781e+02, 3.039588012695312e+02, 3.042923278808594e+02, 3.047008056640625e+02, 3.051830139160156e+02, 3.057381591796875e+02, 3.063630981445312e+02, 3.070509948730469e+02, 3.077929077148438e+02, 3.085783996582031e+02, 3.09396484375e+02, 3.10236083984375e+02, 3.11086669921875e+02, 3.119385375976562e+02, 3.127829284667969e+02, 3.136121520996094e+02, 3.144196166992188e+02, 3.151998901367188e+02, 3.159491271972656e+02, 3.166658020019531e+02, 3.173494873046875e+02, 3.179992065429688e+02, 3.186134033203125e+02, 3.191900024414062e+02, 3.197266540527344e+02, 3.202210388183594e+02, 3.206712951660156e+02, 3.210762023925781e+02, 3.214354858398438e+02, 3.217497863769531e+02, 3.220207824707031e+02, 3.222513122558594e+02, 3.224450073242188e+02, 3.22605712890625e+02, 3.22737060546875e+02, 3.228426818847656e+02, 3.229260559082031e+02, 3.229905700683594e+02, 3.230394897460938e+02, 3.230757446289062e+02, 3.231020202636719e+02, 3.231206359863281e+02, 3.23133544921875e+02, 3.231422119140625e+02, 3.231479187011719e+02, 3.231515808105469e+02, 3.231538391113281e+02, 3.231551513671875e+02, 3.231558837890625e+02, 3.2315625e+02, 3.231563720703125e+02, 3.231563415527344e+02, 3.231562805175781e+02, 3.231561889648438e+02, 3.231561279296875e+02, 3.231560363769531e+02, 3.231559448242188e+02, 3.231558532714844e+02, 3.231557922363281e+02, 3.2315576171875e+02, 3.231557312011719e+02, 3.231557006835938e+02, 3.231557006835938e+02, 3.231557312011719e+02, 3.231557312011719e+02, 3.2315576171875e+02, 3.2315576171875e+02, 3.231557922363281e+02, 3.231557922363281e+02, 3.231558227539062e+02, 3.231558532714844e+02, 3.231558532714844e+02, 3.231558837890625e+02]
hydraulicBus.TRtrnInMea=[3.031499938964844e+02, 3.03150390625e+02, 3.031533203125e+02, 3.031585388183594e+02, 3.031652221679688e+02, 3.031727294921875e+02, 3.031806945800781e+02, 3.031889343261719e+02, 3.031972961425781e+02, 3.032056884765625e+02, 3.03214111328125e+02, 3.032225036621094e+02, 3.032308959960938e+02, 3.032392272949219e+02, 3.032475280761719e+02, 3.032558288574219e+02, 3.032640686035156e+02, 3.032722778320312e+02, 3.032804565429688e+02, 3.032886047363281e+02, 3.032967529296875e+02, 3.033048400878906e+02, 3.033129272460938e+02, 3.033209838867188e+02, 3.033291931152344e+02, 3.033476257324219e+02, 3.034042053222656e+02, 3.035182189941406e+02, 3.037012023925781e+02, 3.039588012695312e+02, 3.042923278808594e+02, 3.047008056640625e+02, 3.051830139160156e+02, 3.057381591796875e+02, 3.063630981445312e+02, 3.070509948730469e+02, 3.077929077148438e+02, 3.085783996582031e+02, 3.09396484375e+02, 3.10236083984375e+02, 3.11086669921875e+02, 3.119385375976562e+02, 3.127829284667969e+02, 3.136121520996094e+02, 3.144196166992188e+02, 3.151998901367188e+02, 3.159491271972656e+02, 3.166658020019531e+02, 3.173494873046875e+02, 3.179992065429688e+02, 3.186134033203125e+02, 3.191900024414062e+02, 3.197266540527344e+02, 3.202210388183594e+02, 3.206712951660156e+02, 3.210762023925781e+02, 3.214354858398438e+02, 3.217497863769531e+02, 3.220207824707031e+02, 3.222513122558594e+02, 3.224450073242188e+02, 3.22605712890625e+02, 3.22737060546875e+02, 3.228426818847656e+02, 3.229260559082031e+02, 3.229905700683594e+02, 3.230394897460938e+02, 3.230757446289062e+02, 3.231020202636719e+02, 3.231206359863281e+02, 3.23133544921875e+02, 3.231422119140625e+02, 3.231479187011719e+02, 3.231515808105469e+02, 3.231538391113281e+02, 3.231551513671875e+02, 3.231558837890625e+02, 3.2315625e+02, 3.231563720703125e+02, 3.231563415527344e+02, 3.231562805175781e+02, 3.231561889648438e+02, 3.231561279296875e+02, 3.231560363769531e+02, 3.231559448242188e+02, 3.231558532714844e+02, 3.231557922363281e+02, 3.2315576171875e+02, 3.231557312011719e+02, 3.231557006835938e+02, 3.231557006835938e+02, 3.231557312011719e+02, 3.231557312011719e+02, 3.2315576171875e+02, 3.2315576171875e+02, 3.231557922363281e+02, 3.231557922363281e+02, 3.231558227539062e+02, 3.231558532714844e+02, 3.231558532714844e+02, 3.231558837890625e+02]
hydraulicBus.TRtrnOutMea=[3.031499938964844e+02, 3.031583251953125e+02, 3.031845397949219e+02, 3.032063293457031e+02, 3.032220764160156e+02, 3.032337036132812e+02, 3.032427368164062e+02, 3.032500610351562e+02, 3.032561950683594e+02, 3.032615356445312e+02, 3.032662353515625e+02, 3.032704162597656e+02, 3.03274169921875e+02, 3.03277587890625e+02, 3.032806701660156e+02, 3.032834777832031e+02, 3.032859802246094e+02, 3.032882080078125e+02, 3.032902221679688e+02, 3.032920227050781e+02, 3.032935791015625e+02, 3.032949523925781e+02, 3.032961120605469e+02, 3.032857666015625e+02, 3.032221984863281e+02, 3.0319384765625e+02, 3.03193115234375e+02, 3.032169494628906e+02, 3.032695007324219e+02, 3.033590393066406e+02, 3.034955749511719e+02, 3.036895446777344e+02, 3.039513854980469e+02, 3.042914733886719e+02, 3.047176513671875e+02, 3.052334594726562e+02, 3.058377685546875e+02, 3.065252075195312e+02, 3.072863464355469e+02, 3.081089172363281e+02, 3.089788208007812e+02, 3.0988134765625e+02, 3.108019104003906e+02, 3.117268676757812e+02, 3.126439514160156e+02, 3.135427856445312e+02, 3.144154663085938e+02, 3.152572937011719e+02, 3.160653381347656e+02, 3.168370056152344e+02, 3.175694885253906e+02, 3.182597961425781e+02, 3.189048461914062e+02, 3.195016479492188e+02, 3.200476989746094e+02, 3.205411987304688e+02, 3.209814147949219e+02, 3.213686828613281e+02, 3.2170458984375e+02, 3.219919738769531e+02, 3.222348327636719e+02, 3.224374694824219e+02, 3.22604248046875e+02, 3.227392883300781e+02, 3.228467407226562e+02, 3.229306030273438e+02, 3.229947509765625e+02, 3.230427856445312e+02, 3.230779113769531e+02, 3.231030883789062e+02, 3.231207275390625e+02, 3.231327514648438e+02, 3.231407470703125e+02, 3.2314599609375e+02, 3.231493530273438e+02, 3.231514587402344e+02, 3.231527099609375e+02, 3.231534423828125e+02, 3.231537780761719e+02, 3.231539306640625e+02, 3.231540222167969e+02, 3.23154052734375e+02, 3.23154052734375e+02, 3.23154052734375e+02, 3.23154052734375e+02, 3.23154052734375e+02, 3.23154052734375e+02, 3.23154052734375e+02, 3.23154052734375e+02, 3.231540832519531e+02, 3.231541137695312e+02, 3.231541442871094e+02, 3.231541748046875e+02, 3.231542053222656e+02, 3.231542358398438e+02, 3.231542358398438e+02, 3.231542663574219e+02, 3.23154296875e+02, 3.231543273925781e+02, 3.231543579101562e+02, 3.231543579101562e+02]
hydraulicBus.VFlowInMea=[3.472419334107121e-26, 6.814503628049806e-09, 8.639354120987264e-09, 8.884684099541573e-09, 8.915783666907373e-09, 8.919755600800272e-09, 8.920271632462118e-09, 8.920348015806212e-09, 8.92035512123357e-09, 8.920350680341471e-09, 8.920349792163051e-09, 8.920349792163051e-09, 8.920350680341471e-09, 8.920350680341471e-09, 8.920350680341471e-09, 8.920350680341471e-09, 8.920350680341471e-09, 8.920350680341471e-09, 8.920350680341471e-09, 8.920350680341471e-09, 8.920350680341471e-09, 8.920350680341471e-09, 8.920350680341471e-09, 1.972946165551548e-06, 1.386475378239993e-05, 2.077788121823687e-05, 2.258272797917016e-05, 2.44302809733199e-05, 2.626358036650345e-05, 2.81365373666631e-05, 3.018390270881355e-05, 3.259565710322931e-05, 3.554156137397513e-05, 3.864964673994109e-05, 4.17977207689546e-05, 4.498457565205172e-05, 4.821185939363204e-05, 5.14832281623967e-05, 5.480384788825177e-05, 5.817996134283021e-05, 6.161852797959e-05, 6.512703112093732e-05, 6.871335790492594e-05, 7.23857301636599e-05, 7.615355571033433e-05, 8.024452836252749e-05, 8.515555236954242e-05, 9.08355214050971e-05, 9.720729576656595e-05, 1.041927171172574e-04, 1.11712928628549e-04, 1.196887023979798e-04, 1.280407013837248e-04, 1.366896467516199e-04, 1.455565652577206e-04, 1.545628329040483e-04, 1.636303495615721e-04, 1.727314811432734e-04, 1.828822132665663e-04, 1.944321265909821e-04, 2.072756906272843e-04, 2.213046245742589e-04, 2.364087558817118e-04, 2.524766023270786e-04, 2.69396259682253e-04, 2.870560274459422e-04, 3.053452528547496e-04, 3.241549420636147e-04, 3.433785168454051e-04, 3.629124548751861e-04, 3.832381335087121e-04, 4.056190082337707e-04, 4.298997228033841e-04, 4.558527434710413e-04, 4.832415434066206e-04, 5.118025583215058e-04, 5.412852624431252e-04, 5.714449798688293e-04, 6.020446890033782e-04, 6.328590679913759e-04, 6.636776961386204e-04, 6.943081389181316e-04, 7.246507448144257e-04, 7.560303783975542e-04, 7.885483792051673e-04, 8.216425194405019e-04, 8.498819661326706e-04, 8.699478930793703e-04, 8.841903763823211e-04, 8.943167049437761e-04, 9.015295072458684e-04, 9.066692437045276e-04, 9.103339980356395e-04, 9.129511308856308e-04, 9.148283279500902e-04, 9.162424248643219e-04, 9.172518039122224e-04, 9.179455228149891e-04, 9.184223599731922e-04, 9.187552495859563e-04, 9.189891861751676e-04]
hydraulicBus.VFlowOutMea=[-2.119423341307049e-17, 6.660635117441416e-04, 7.499633356928825e-04, 7.605372811667621e-04, 7.61867209803313e-04, 7.620369433425367e-04, 7.62058945838362e-04, 7.620622054673731e-04, 7.620625547133386e-04, 7.62062321882695e-04, 7.62062321882695e-04, 7.62062321882695e-04, 7.62062321882695e-04, 7.62062321882695e-04, 7.62062321882695e-04, 7.62062321882695e-04, 7.62062321882695e-04, 7.62062321882695e-04, 7.62062321882695e-04, 7.62062321882695e-04, 7.62062321882695e-04, 7.62062321882695e-04, 7.62062321882695e-04, 7.63153366278857e-04, 7.694154046475887e-04, 7.70445098169148e-04, 7.665961747989058e-04, 7.618687232024968e-04, 7.564433617517352e-04, 7.505174726247787e-04, 7.443042122758925e-04, 7.380298338830471e-04, 7.318870630115271e-04, 7.256452227011323e-04, 7.192444754764438e-04, 7.127065327949822e-04, 7.060492062009871e-04, 6.992875714786351e-04, 6.924344343133271e-04, 6.855014362372458e-04, 6.784989964216948e-04, 6.714372429996729e-04, 6.6432572202757e-04, 6.571743288077414e-04, 6.500008748844266e-04, 6.429973873309791e-04, 6.365802837535739e-04, 6.307176081463695e-04, 6.25354761723429e-04, 6.204347009770572e-04, 6.158984615467489e-04, 6.116852746345103e-04, 6.077330908738077e-04, 6.039782310836017e-04, 6.003561429679394e-04, 5.968011682853103e-04, 5.932468338869512e-04, 5.896696820855141e-04, 5.869669839739799e-04, 5.854617338627577e-04, 5.850762245245278e-04, 5.857278010807931e-04, 5.873298505321145e-04, 5.897930241189897e-04, 5.930257029831409e-04, 5.969355115666986e-04, 6.014295504428446e-04, 6.064156186766922e-04, 6.118026794865727e-04, 6.17501325905323e-04, 6.23959640506655e-04, 6.323538837023079e-04, 6.425627507269382e-04, 6.543974159285426e-04, 6.676564808003604e-04, 6.821019342169166e-04, 6.975149735808372e-04, 7.136823842301965e-04, 7.303972379304469e-04, 7.474622107110918e-04, 7.646926096640527e-04, 7.819187012501061e-04, 7.990571903064847e-04, 8.173977839760482e-04, 8.37073486763984e-04, 8.575770771130919e-04, 8.753311703912914e-04, 8.880392997525632e-04, 8.970898925326765e-04, 9.035351686179638e-04, 9.081294992938638e-04, 9.114044951274991e-04, 9.137399611063302e-04, 9.154079598374665e-04, 9.165912051685154e-04, 9.173373109661043e-04, 9.178686304949224e-04, 9.182872599922121e-04, 9.186139795929193e-04, 9.188649128191173e-04, 9.190537966787815e-04]
