last-generated=2021-05-09
statistics-simulation=
{
  "linear": " ",
  "nonlinear": " ",
  "number of continuous time states": "1",
  "numerical Jacobians": "0"
}
time=[0e+00, 6e+01]
senDyn.port_a.m_flow=[1e+01, 9.80000019868214e+00, 9.600000397364283e+00, 9.399999602635717e+00, 9.199999841054218e+00, 9e+00, 8.800000158945783e+00, 8.600000317891691e+00, 8.399999682108309e+00, 8.19999984105428e+00, 8e+00, 7.80000015894572e+00, 7.599999841054533e+00, 7.400000158945467e+00, 7.199999682109572e+00, 7e+00, 6.800000317890428e+00, 6.59999984105428e+00, 6.40000015894572e+00, 6.199999682109572e+00, 6e+00, 5.800000317890428e+00, 5.599999841054281e+00, 5.400000158945719e+00, 5.199999682109572e+00, 5e+00, 4.800000317890428e+00, 4.600000158943697e+00, 4.399999841056301e+00, 4.199999682109572e+00, 4e+00, 3.800000079471848e+00, 3.600000158945214e+00, 3.399999841054786e+00, 3.19999992052815e+00, 3e+00, 2.80000007947185e+00, 2.600000158945214e+00, 2.399999841054786e+00, 2.19999992052815e+00, 2e+00, 1.800000079472229e+00, 1.600000278152988e+00, 1.399999721847012e+00, 1.199999920527772e+00, 1e+00, 8.000001390764935e-01, 6.000002781529881e-01, 3.99999751649146e-01, 1.999998758245256e-01, -2.309263891220326e-14, -1.999998758245256e-01, -3.99999751649146e-01, -6.000002781529881e-01, -7.999995033059972e-01, -1e+00, -1.200000556297892e+00, -1.399999721842969e+00, -1.600000278157029e+00, -1.799999443702108e+00, -2e+00, -2.200000556297892e+00, -2.399999841050744e+00, -2.600000158949256e+00, -2.799999443702108e+00, -3e+00, -3.200000556297892e+00, -3.399999841050744e+00, -3.600000158949258e+00, -3.799999443702108e+00, -4e+00, -4.200000317879311e+00, -4.399999841052258e+00, -4.60000015894774e+00, -4.799999682120687e+00, -5e+00, -5.200000317879313e+00, -5.39999984105226e+00, -5.600000158947742e+00, -5.799999682120689e+00, -6e+00, -6.200000317879313e+00, -6.399999841052258e+00, -6.60000015894774e+00, -6.799999682120687e+00, -7e+00, -7.200000317879313e+00, -7.39999984105226e+00, -7.60000015894774e+00, -7.799999682120687e+00, -8e+00, -8.200000317879313e+00, -8.399999364215102e+00, -8.6000006357849e+00, -8.799999682120687e+00, -9e+00, -9.20000031787931e+00, -9.3999993642151e+00, -9.600000635784898e+00, -9.799999682120687e+00, -1e+01]
senDyn.V_flow=[8.333333015441895e+00, 8.16666699118074e+00, 8.000000013245653e+00, 7.833333479033589e+00, 7.666666534211848e+00, 7.5e+00, 7.333333465788153e+00, 7.166666454739251e+00, 7.000000052981696e+00, 6.833333518770006e+00, 6.666666507720947e+00, 6.499999973509047e+00, 6.333333439297357e+00, 6.166666560702643e+00, 5.999999894037029e+00, 5.833333492279053e+00, 5.666666613683918e+00, 5.499999947018093e+00, 5.33333354526096e+00, 5.166666401757976e+00, 5e+00, 4.833333598242024e+00, 4.666666454739041e+00, 4.500000052981906e+00, 4.333333386316082e+00, 4.166666507720947e+00, 4.000000105962971e+00, 3.833333465786414e+00, 3.666666534213585e+00, 3.49999989403703e+00, 3.333333253860474e+00, 3.166666852102497e+00, 3.000000211925942e+00, 2.833333041934532e+00, 2.666666640176555e+00, 2.5e+00, 2.333333359823445e+00, 2.166666958065468e+00, 1.999999788074058e+00, 1.833333267106413e+00, 1.666666626930237e+00, 1.500000105962972e+00, 1.333333584995705e+00, 1.166666415004295e+00, 9.999998940368401e-01, 8.333333134651184e-01, 6.66666792497852e-01, 5.000002119263208e-01, 3.333331313413105e-01, 1.666665656706552e-01, -1.924386519548075e-14, -1.666665656706552e-01, -3.333331313413105e-01, -5.000002119263208e-01, -6.666662626889788e-01, -8.333333134651184e-01, -1.000000423845147e+00, -1.166666415000926e+00, -1.333333584999073e+00, -1.499999576154853e+00, -1.666666626930237e+00, -1.83333379691491e+00, -1.999999788070691e+00, -2.166666958068836e+00, -2.333332830015327e+00, -2.5e+00, -2.666667169984673e+00, -2.833333041931164e+00, -3.000000211929311e+00, -3.166666322294379e+00, -3.333333253860474e+00, -3.500000423845145e+00, -3.666666534210215e+00, -3.833333465789783e+00, -3.999999576154853e+00, -4.166666507720947e+00, -4.333333916124199e+00, -4.49999978807069e+00, -4.666666719650259e+00, -4.833333068433908e+00, -5e+00, -5.166666931566094e+00, -5.333333280349741e+00, -5.50000021192931e+00, -5.666666083875801e+00, -5.833333492279053e+00, -6.000000423845147e+00, -6.166666295791638e+00, -6.333333704208362e+00, -6.499999576154853e+00, -6.666666507720947e+00, -6.833333916124199e+00, -6.99999978807069e+00, -7.166666719650259e+00, -7.333333068433906e+00, -7.5e+00, -7.666666931566092e+00, -7.833333280349741e+00, -8.000000211932342e+00, -8.166666560706895e+00, -8.333333015441895e+00]
senSteSta.V_flow=[8.333333015441895e+00, 8.16666699118074e+00, 8.000000013245653e+00, 7.833333479033589e+00, 7.666666534211848e+00, 7.5e+00, 7.333333465788153e+00, 7.166666454739251e+00, 7.000000052981696e+00, 6.833333518770006e+00, 6.666666507720947e+00, 6.499999973509047e+00, 6.333333439297357e+00, 6.166666560702643e+00, 5.999999894037029e+00, 5.833333492279053e+00, 5.666666613683918e+00, 5.499999947018093e+00, 5.33333354526096e+00, 5.166666401757976e+00, 5e+00, 4.833333598242024e+00, 4.666666454739041e+00, 4.500000052981906e+00, 4.333333386316082e+00, 4.166666507720947e+00, 4.000000105962971e+00, 3.833333465786414e+00, 3.666666534213585e+00, 3.49999989403703e+00, 3.333333253860474e+00, 3.166666852102497e+00, 3.000000211925942e+00, 2.833333041934532e+00, 2.666666640176555e+00, 2.5e+00, 2.333333359823445e+00, 2.166666958065468e+00, 1.999999788074058e+00, 1.833333267106413e+00, 1.666666626930237e+00, 1.500000105962972e+00, 1.333333584995705e+00, 1.166666415004295e+00, 9.999998940368401e-01, 8.333333134651184e-01, 6.66666792497852e-01, 5.000002119263208e-01, 3.333331313413105e-01, 1.666665656706552e-01, -1.924386519548075e-14, -1.666665656706552e-01, -3.333331313413105e-01, -5.000002119263208e-01, -6.666662626889788e-01, -8.333333134651184e-01, -1.000000423845147e+00, -1.166666415000926e+00, -1.333333584999073e+00, -1.499999576154853e+00, -1.666666626930237e+00, -1.83333379691491e+00, -1.999999788070691e+00, -2.166666958068836e+00, -2.333332830015327e+00, -2.5e+00, -2.666667169984673e+00, -2.833333041931164e+00, -3.000000211929311e+00, -3.166666322294379e+00, -3.333333253860474e+00, -3.500000423845145e+00, -3.666666534210215e+00, -3.833333465789783e+00, -3.999999576154853e+00, -4.166666507720947e+00, -4.333333916124199e+00, -4.49999978807069e+00, -4.666666719650259e+00, -4.833333068433908e+00, -5e+00, -5.166666931566094e+00, -5.333333280349741e+00, -5.50000021192931e+00, -5.666666083875801e+00, -5.833333492279053e+00, -6.000000423845147e+00, -6.166666295791638e+00, -6.333333704208362e+00, -6.499999576154853e+00, -6.666666507720947e+00, -6.833333916124199e+00, -6.99999978807069e+00, -7.166666719650259e+00, -7.333333068433906e+00, -7.5e+00, -7.666666931566092e+00, -7.833333280349741e+00, -8.000000211932342e+00, -8.166666560706895e+00, -8.333333015441895e+00]
