last-generated=2019-05-28
statistics-simulation=
{
  "linear": "0, 0, 0, 0, 0, 0, 0",
  "nonlinear": "1",
  "number of continuous time states": "15",
  "numerical Jacobians": "0"
}
vessel3.enthalpyPort_a.T=[3.331499938964844e+02, 3.328161010742188e+02, 3.330260925292969e+02, 3.330679016113281e+02, 3.330885620117188e+02, 3.331008911132812e+02, 3.331091003417969e+02, 3.331149597167969e+02, 3.331193237304688e+02, 3.331227416992188e+02, 3.3312548828125e+02, 3.331277465820312e+02, 3.331296081542969e+02, 3.331311645507812e+02, 3.331324768066406e+02, 3.331336364746094e+02, 3.331346435546875e+02, 3.331355590820312e+02, 3.331363830566406e+02, 3.331371154785156e+02, 3.331377563476562e+02, 3.331383666992188e+02, 3.331388854980469e+02, 3.331393737792969e+02, 3.331398010253906e+02, 3.331401977539062e+02, 3.331405639648438e+02, 3.331408996582031e+02, 3.331412353515625e+02, 3.331415405273438e+02, 3.331418151855469e+02, 3.3314208984375e+02, 3.33142333984375e+02, 3.33142578125e+02, 3.331427917480469e+02, 3.331430053710938e+02, 3.331431884765625e+02, 3.331433410644531e+02, 3.331435241699219e+02, 3.331436767578125e+02, 3.331438598632812e+02, 3.331440124511719e+02, 3.331441345214844e+02, 3.33144287109375e+02, 3.331444091796875e+02, 3.331445617675781e+02, 3.331446533203125e+02, 3.33144775390625e+02, 3.331448974609375e+02, 3.331449890136719e+02, 3.331451110839844e+02, 3.331452026367188e+02, 3.331452941894531e+02, 3.331453857421875e+02, 3.331454772949219e+02, 3.331455383300781e+02, 3.331455993652344e+02, 3.331456909179688e+02, 3.331457824707031e+02, 3.331458435058594e+02, 3.331459350585938e+02, 3.3314599609375e+02, 3.331460571289062e+02, 3.331461181640625e+02, 3.331461791992188e+02, 3.33146240234375e+02, 3.331463012695312e+02, 3.331463623046875e+02, 3.331464233398438e+02, 3.331464538574219e+02, 3.331465148925781e+02, 3.331465759277344e+02, 3.331466064453125e+02, 3.331466369628906e+02, 3.331466979980469e+02, 3.33146728515625e+02, 3.331467895507812e+02, 3.331468200683594e+02, 3.331468505859375e+02, 3.331469116210938e+02, 3.331469421386719e+02, 3.3314697265625e+02, 3.331470031738281e+02, 3.331470642089844e+02, 3.331470947265625e+02, 3.331471252441406e+02, 3.331471557617188e+02, 3.331471862792969e+02, 3.33147216796875e+02, 3.331472473144531e+02, 3.331472778320312e+02, 3.331472778320312e+02, 3.331473083496094e+02, 3.331473388671875e+02, 3.331473693847656e+02, 3.331473999023438e+02, 3.331474304199219e+02, 3.331474609375e+02, 3.331474914550781e+02, 3.331475219726562e+02, 3.331475524902344e+02]
vessel1.enthalpyPort_a.T=[3.331499938964844e+02, 3.329950561523438e+02, 3.330886840820312e+02, 3.331093139648438e+02, 3.331195373535156e+02, 3.331256713867188e+02, 3.331297302246094e+02, 3.331326293945312e+02, 3.331347961425781e+02, 3.331365051269531e+02, 3.331378479003906e+02, 3.331389770507812e+02, 3.33139892578125e+02, 3.331406555175781e+02, 3.331413269042969e+02, 3.331419067382812e+02, 3.331423950195312e+02, 3.331428527832031e+02, 3.331432495117188e+02, 3.331436157226562e+02, 3.331439514160156e+02, 3.331442260742188e+02, 3.331445007324219e+02, 3.331447448730469e+02, 3.331449584960938e+02, 3.331451416015625e+02, 3.331453247070312e+02, 3.331455078125e+02, 3.331456604003906e+02, 3.331458129882812e+02, 3.331459350585938e+02, 3.331460876464844e+02, 3.331462097167969e+02, 3.331463317871094e+02, 3.331464233398438e+02, 3.331465454101562e+02, 3.331466369628906e+02, 3.331466979980469e+02, 3.331467895507812e+02, 3.331468811035156e+02, 3.331469421386719e+02, 3.331470336914062e+02, 3.331470947265625e+02, 3.331471862792969e+02, 3.331472473144531e+02, 3.331473083496094e+02, 3.331473693847656e+02, 3.331474304199219e+02, 3.331474609375e+02, 3.331475219726562e+02, 3.331475830078125e+02, 3.331476135253906e+02, 3.331476745605469e+02, 3.33147705078125e+02, 3.331477661132812e+02, 3.331477966308594e+02, 3.331478271484375e+02, 3.331478576660156e+02, 3.331479187011719e+02, 3.3314794921875e+02, 3.331479797363281e+02, 3.331480102539062e+02, 3.331480407714844e+02, 3.331480712890625e+02, 3.331481018066406e+02, 3.331481323242188e+02, 3.331481628417969e+02, 3.33148193359375e+02, 3.331482238769531e+02, 3.331482543945312e+02, 3.331482849121094e+02, 3.331482849121094e+02, 3.331483154296875e+02, 3.331483459472656e+02, 3.331483459472656e+02, 3.331483764648438e+02, 3.331484069824219e+02, 3.331484375e+02, 3.331484375e+02, 3.331484680175781e+02, 3.331484985351562e+02, 3.331484985351562e+02, 3.331485290527344e+02, 3.331485290527344e+02, 3.331485595703125e+02, 3.331485595703125e+02, 3.331485900878906e+02, 3.331485900878906e+02, 3.331486206054688e+02, 3.331486206054688e+02, 3.331486511230469e+02, 3.331486511230469e+02, 3.33148681640625e+02, 3.33148681640625e+02, 3.331487121582031e+02, 3.331487121582031e+02, 3.331487121582031e+02, 3.331487426757812e+02, 3.331487426757812e+02, 3.331487731933594e+02, 3.331487731933594e+02]
vessel2.enthalpyPort_a.T=[3.331499938964844e+02, 3.330289001464844e+02, 3.331009216308594e+02, 3.331173400878906e+02, 3.331255493164062e+02, 3.331304626464844e+02, 3.331337280273438e+02, 3.331360778808594e+02, 3.331378173828125e+02, 3.3313916015625e+02, 3.331402587890625e+02, 3.331411437988281e+02, 3.331419067382812e+02, 3.331425170898438e+02, 3.331430358886719e+02, 3.331434936523438e+02, 3.331438903808594e+02, 3.331442565917969e+02, 3.331445922851562e+02, 3.331448669433594e+02, 3.331451416015625e+02, 3.331453857421875e+02, 3.331455688476562e+02, 3.331457824707031e+02, 3.331459350585938e+02, 3.331460876464844e+02, 3.33146240234375e+02, 3.331463928222656e+02, 3.331465148925781e+02, 3.331466369628906e+02, 3.331467590332031e+02, 3.331468505859375e+02, 3.331469421386719e+02, 3.331470642089844e+02, 3.331471252441406e+02, 3.33147216796875e+02, 3.331472778320312e+02, 3.331473693847656e+02, 3.331474304199219e+02, 3.331474914550781e+02, 3.331475524902344e+02, 3.331476135253906e+02, 3.331476745605469e+02, 3.331477355957031e+02, 3.331477966308594e+02, 3.331478271484375e+02, 3.331478881835938e+02, 3.331479187011719e+02, 3.331479797363281e+02, 3.331480102539062e+02, 3.331480407714844e+02, 3.331481018066406e+02, 3.331481323242188e+02, 3.331481628417969e+02, 3.33148193359375e+02, 3.331482238769531e+02, 3.331482543945312e+02, 3.331482849121094e+02, 3.331483154296875e+02, 3.331483459472656e+02, 3.331483764648438e+02, 3.331484069824219e+02, 3.331484375e+02, 3.331484680175781e+02, 3.331484985351562e+02, 3.331484985351562e+02, 3.331485290527344e+02, 3.331485595703125e+02, 3.331485900878906e+02, 3.331485900878906e+02, 3.331486206054688e+02, 3.331486206054688e+02, 3.331486511230469e+02, 3.33148681640625e+02, 3.33148681640625e+02, 3.331487121582031e+02, 3.331487121582031e+02, 3.331487426757812e+02, 3.331487426757812e+02, 3.331487731933594e+02, 3.331487731933594e+02, 3.331488037109375e+02, 3.331488037109375e+02, 3.331488342285156e+02, 3.331488342285156e+02, 3.331488647460938e+02, 3.331488647460938e+02, 3.331488952636719e+02, 3.331488952636719e+02, 3.331488952636719e+02, 3.3314892578125e+02, 3.3314892578125e+02, 3.3314892578125e+02, 3.331489562988281e+02, 3.331489562988281e+02, 3.331489562988281e+02, 3.331489868164062e+02, 3.331489868164062e+02, 3.331490173339844e+02, 3.331490173339844e+02, 3.331490173339844e+02]
time=[0e+00, 5e+03]
