last-generated=2022-07-25
statistics-simulation=
{
  "linear": " ",
  "nonlinear": " ",
  "numerical Jacobians": "0"
}
time=[0e+00, 1e+04]
nSet=[0e+00, 0e+00, 0e+00, 0e+00, 0e+00, 0e+00, 0e+00, 0e+00, 0e+00, 0e+00, 0e+00, 0e+00, 0e+00, 0e+00, 0e+00, 0e+00, 0e+00, 0e+00, 0e+00, 1e+00, 1e+00, 1e+00, 1e+00, 1e+00, 1e+00, 1e+00, 1e+00, 1e+00, 1e+00, 1e+00, 1e+00, 1e+00, 1e+00, 1e+00, 1e+00, 1e+00, 1e+00, 0e+00, 0e+00, 0e+00, 0e+00, 0e+00, 0e+00, 0e+00, 0e+00, 0e+00, 0e+00, 0e+00, 0e+00, 0e+00, 0e+00, 0e+00, 0e+00, 0e+00, 0e+00, 1e+00, 1e+00, 1e+00, 1e+00, 1e+00, 1e+00, 1e+00, 1e+00, 1e+00, 1e+00, 1e+00, 1e+00, 1e+00, 1e+00, 1e+00, 1e+00, 1e+00, 1e+00, 0e+00, 0e+00, 0e+00, 0e+00, 0e+00, 0e+00, 0e+00, 0e+00, 0e+00, 0e+00, 0e+00, 0e+00, 0e+00, 0e+00, 0e+00, 0e+00, 0e+00, 0e+00, 1e+00, 1e+00, 1e+00, 1e+00, 1e+00, 1e+00, 1e+00, 1e+00, 1e+00, 1e+00]
TSet=[3.1e+02, 3.1e+02]
TMea=[3.1e+02, 3.110419006347656e+02, 3.120521240234375e+02, 3.13e+02, 3.138567199707031e+02, 3.145962524414062e+02, 3.151961669921875e+02, 3.156381530761719e+02, 3.159088439941406e+02, 3.16e+02, 3.159088439941406e+02, 3.156381530761719e+02, 3.151961669921875e+02, 3.145962524414062e+02, 3.138567199707031e+02, 3.13e+02, 3.120521240234375e+02, 3.110419006347656e+02, 3.1e+02, 3.089580993652344e+02, 3.079478759765625e+02, 3.07e+02, 3.061432800292969e+02, 3.054037475585938e+02, 3.048038330078125e+02, 3.043618469238281e+02, 3.040911560058594e+02, 3.04e+02, 3.040911560058594e+02, 3.043618469238281e+02, 3.048038330078125e+02, 3.054037475585938e+02, 3.061432800292969e+02, 3.07e+02, 3.079478759765625e+02, 3.089580993652344e+02, 3.1e+02, 3.110419006347656e+02, 3.120521240234375e+02, 3.13e+02, 3.138567199707031e+02, 3.145962524414062e+02, 3.151961669921875e+02, 3.156381530761719e+02, 3.159088439941406e+02, 3.16e+02, 3.159088439941406e+02, 3.156381530761719e+02, 3.151961669921875e+02, 3.145962524414062e+02, 3.138567199707031e+02, 3.13e+02, 3.120521240234375e+02, 3.110419006347656e+02, 3.1e+02, 3.089580993652344e+02, 3.079478759765625e+02, 3.07e+02, 3.061432800292969e+02, 3.054037475585938e+02, 3.048038330078125e+02, 3.043618469238281e+02, 3.040911560058594e+02, 3.04e+02, 3.040911560058594e+02, 3.043618469238281e+02, 3.048038330078125e+02, 3.054037475585938e+02, 3.061432800292969e+02, 3.07e+02, 3.079478759765625e+02, 3.089580993652344e+02, 3.1e+02, 3.110419006347656e+02, 3.120521240234375e+02, 3.13e+02, 3.138567199707031e+02, 3.145962524414062e+02, 3.151961669921875e+02, 3.156381530761719e+02, 3.159088439941406e+02, 3.16e+02, 3.159088439941406e+02, 3.156381530761719e+02, 3.151961669921875e+02, 3.145962524414062e+02, 3.138567199707031e+02, 3.13e+02, 3.120521240234375e+02, 3.110419006347656e+02, 3.1e+02, 3.089580993652344e+02, 3.079478759765625e+02, 3.07e+02, 3.061432800292969e+02, 3.054037475585938e+02, 3.048038330078125e+02, 3.043618469238281e+02, 3.040911560058594e+02, 3.04e+02, 3.040911560058594e+02]
