last-generated=2022-05-23
statistics-simulation=
{
  "linear": "0, 0, 0, 0, 0, 0, 0, 0, 0, 0, 0, 0, 0, 0, 0, 0, 0, 0, 0, 0, 0, 0, 0, 0, 0, 0, 0,   0, 0, 0, 0, 0, 0, 0, 0, 0",
  "nonlinear": "1, 1, 1, 1, 1, 1, 1, 1",
  "number of continuous time states": "66",
  "numerical Jacobians": "0"
}
time=[0e+00, 8.64e+04]
bufferStorage.heatingCoil1.Therm1[4].Q_flow=[0e+00, 2.089322357177734e+02, 2.10279296875e+02, 2.456749267578125e+02, 3.512670288085938e+02, 5.345086669921875e+02, 7.674417114257812e+02, 1.007915405273438e+03, 1.22147998046875e+03, 1.390572021484375e+03, 1.512841064453125e+03, 1.594987426757812e+03, 1.6470283203125e+03, 1.678455688476562e+03, 1.696874267578125e+03, 1.707472900390625e+03, 1.713564697265625e+03, 1.717232666015625e+03, 1.719527709960938e+03, 1.721064819335938e+03, 1.7221396484375e+03, 1.722940185546875e+03, 1.723549438476562e+03, 1.72402587890625e+03, 1.724404418945312e+03, 1.724701293945312e+03, 1.724939208984375e+03, 1.7251328125e+03, 1.7252919921875e+03, 1.725425048828125e+03, 1.7255390625e+03, 1.725636596679688e+03, 1.725722412109375e+03, 1.725800903320312e+03, 1.725869873046875e+03, 1.725932373046875e+03, 1.725990478515625e+03, 1.726046020507812e+03, 1.72609814453125e+03, 1.726147338867188e+03, 1.726194580078125e+03, 1.72623974609375e+03, 1.726284301757812e+03, 1.726326782226562e+03, 1.726365966796875e+03, 1.7264052734375e+03, 1.726442626953125e+03, 1.726479125976562e+03, 1.72651513671875e+03, 1.726549438476562e+03, 1.726583251953125e+03, 1.726616088867188e+03, 1.72664794921875e+03, 1.726678833007812e+03, 1.726708984375e+03, 1.726738159179688e+03, 1.726766479492188e+03, 1.726794067382812e+03, 1.726820922851562e+03, 1.726847045898438e+03, 1.726872436523438e+03, 1.726897216796875e+03, 1.726921264648438e+03, 1.726944458007812e+03, 1.726967041015625e+03, 1.726989135742188e+03, 1.727010620117188e+03, 1.727031616210938e+03, 1.727051879882812e+03, 1.727071655273438e+03, 1.7270908203125e+03, 1.727109497070312e+03, 1.727127563476562e+03, 1.727145263671875e+03, 1.727162475585938e+03, 1.727179321289062e+03, 1.727195556640625e+03, 1.727211303710938e+03, 1.727226684570312e+03, 1.727241577148438e+03, 1.727256103515625e+03, 1.727270263671875e+03, 1.727284057617188e+03, 1.72729736328125e+03, 1.727310424804688e+03, 1.727323120117188e+03, 1.72733544921875e+03, 1.727347412109375e+03, 1.727359130859375e+03, 1.727370361328125e+03, 1.727381469726562e+03, 1.727392211914062e+03, 1.727402587890625e+03, 1.727412719726562e+03, 1.727422607421875e+03, 1.72743212890625e+03, 1.72744140625e+03, 1.727450561523438e+03, 1.727459350585938e+03, 1.727467895507812e+03, 1.727476318359375e+03]
bufferStorage.layer[4].T=[3.031499938964844e+02, 3.029797973632812e+02, 3.028795471191406e+02, 3.032489929199219e+02, 3.046163635253906e+02, 3.071959228515625e+02, 3.107314147949219e+02, 3.147044677734375e+02, 3.186065368652344e+02, 3.220921325683594e+02, 3.250028381347656e+02, 3.273210144042969e+02, 3.291090393066406e+02, 3.304604187011719e+02, 3.314702758789062e+02, 3.322204895019531e+02, 3.3277734375e+02, 3.331911315917969e+02, 3.33499267578125e+02, 3.337293701171875e+02, 3.33901611328125e+02, 3.3403076171875e+02, 3.341277465820312e+02, 3.342007751464844e+02, 3.342558288574219e+02, 3.342974243164062e+02, 3.343289489746094e+02, 3.343529357910156e+02, 3.343712768554688e+02, 3.343853759765625e+02, 3.343963012695312e+02, 3.344048156738281e+02, 3.344115295410156e+02, 3.344169006347656e+02, 3.344212341308594e+02, 3.344248046875e+02, 3.344277648925781e+02, 3.344302673339844e+02, 3.344324340820312e+02, 3.34434326171875e+02, 3.3443603515625e+02, 3.344375610351562e+02, 3.3443896484375e+02, 3.344402770996094e+02, 3.344414672851562e+02, 3.34442626953125e+02, 3.344437255859375e+02, 3.344447631835938e+02, 3.344457397460938e+02, 3.344467163085938e+02, 3.344476318359375e+02, 3.344485168457031e+02, 3.344494018554688e+02, 3.344502258300781e+02, 3.344510498046875e+02, 3.344518127441406e+02, 3.344525756835938e+02, 3.344533386230469e+02, 3.344540405273438e+02, 3.344547424316406e+02, 3.344554443359375e+02, 3.344560852050781e+02, 3.344567260742188e+02, 3.344573669433594e+02, 3.344579772949219e+02, 3.344585571289062e+02, 3.344591369628906e+02, 3.344596862792969e+02, 3.344602355957031e+02, 3.344607849121094e+02, 3.344612731933594e+02, 3.344617919921875e+02, 3.344622802734375e+02, 3.344627380371094e+02, 3.344631958007812e+02, 3.344636535644531e+02, 3.344640808105469e+02, 3.344645080566406e+02, 3.344649353027344e+02, 3.3446533203125e+02, 3.344657287597656e+02, 3.344660949707031e+02, 3.344664611816406e+02, 3.344668273925781e+02, 3.344671630859375e+02, 3.344674987792969e+02, 3.344678344726562e+02, 3.344681701660156e+02, 3.344684753417969e+02, 3.344687805175781e+02, 3.344690856933594e+02, 3.344693603515625e+02, 3.344696350097656e+02, 3.344699096679688e+02, 3.344701843261719e+02, 3.344704284667969e+02, 3.344706726074219e+02, 3.344709167480469e+02, 3.344711608886719e+02, 3.344714050292969e+02, 3.344716186523438e+02]
bufferStorage.portHC1In.p=[1.155022890625e+05, 1.155022890625e+05]
bufferStorage.portHC1Out.p=[1.01325e+05, 1.01325e+05]
