last-generated=2021-10-28
statistics-initialization=
{
  "nonlinear": "1, 0, 1",
  "numerical Jacobians": "0"
}
statistics-simulation=
{
  "linear": " ",
  "nonlinear": "1, 1",
  "number of continuous time states": "5",
  "numerical Jacobians": "0"
}
time=[0e+00, 3.6e+03]
dpControlled_dp.mov.dpMachine=[0e+00, 9.9991359375e+04, 1.000000234375e+05, 1e+05, 1e+05, 1e+05, 1e+05, 1e+05, 1e+05, 1e+05, 1e+05, 1e+05, 1e+05, 1e+05, 1e+05, 1e+05, 1e+05, 1e+05, 1e+05, 1e+05, 1e+05, 1e+05, 1e+05, 1e+05, 1e+05, 1e+05, 1e+05, 1e+05, 1e+05, 1e+05, 1e+05, 1e+05, 1e+05, 1e+05, 1e+05, 1e+05, 1e+05, 1e+05, 1e+05, 1e+05, 1e+05, 1e+05, 1e+05, 1e+05, 1e+05, 9.982328125e+04, 9.8044765625e+04, 9.63044765625e+04, 9.46343203125e+04, 9.30319453125e+04, 9.1495e+04, 9.00211640625e+04, 8.86080859375e+04, 8.72534765625e+04, 8.595506249999999e+04, 8.471060156249999e+04, 8.351792187499999e+04, 8.2374875e+04, 8.12793984375e+04, 8.02294765625e+04, 7.9223140625e+04, 7.82585078125e+04, 7.73337578125e+04, 7.6447125e+04, 7.5596921875e+04, 7.45249375e+04, 7.31348359375e+04, 7.1816703125e+04, 7.0566453125e+04, 6.93798515625e+04, 6.82529453125e+04, 6.71820546875e+04, 6.61637890625e+04, 6.519496484375e+04, 6.427262109375e+04, 6.339398828125e+04, 6.2781875e+04, 6.263887890625e+04, 6.2616953125e+04, 6.261405078125e+04, 6.26136953125e+04, 6.26136640625e+04, 6.261365234375e+04, 6.26136484375e+04, 6.26136484375e+04, 6.261364453125e+04, 6.261364453125e+04, 6.261364453125e+04, 6.261364453125e+04, 6.261364453125e+04, 6.261364453125e+04, 6.261364453125e+04, 6.261364453125e+04, 6.261364453125e+04, 6.261364453125e+04, 6.261364453125e+04, 6.261364453125e+04, 6.261364453125e+04, 6.261364453125e+04, 6.261364453125e+04, 6.261364453125e+04]
dpControlled_dp.mov.m_flow=[0e+00, 2.812256525430712e-06, 2.812500270010787e-06, 2.812499587889761e-06, 2.812499587889761e-06, 2.812499587889761e-06, 2.812499587889761e-06, 2.812499587889761e-06, 2.812499587889761e-06, 2.812499587889761e-06, 2.812499587889761e-06, 2.812499587889761e-06, 2.812499587889761e-06, 2.812499587889761e-06, 2.812499587889761e-06, 2.812499587889761e-06, 2.812499587889761e-06, 2.812499587889761e-06, 2.812499587889761e-06, 2.812499587889761e-06, 2.812499587889761e-06, 2.812499587889761e-06, 2.812499587889761e-06, 2.812499587889761e-06, 2.812499587889761e-06, 2.812499587889761e-06, 1.189047563821077e-02, 6.636385619640367e-02, 1.213316619396212e-01, 1.772592514753342e-01, 2.331486791372299e-01, 2.888495922088623e-01, 3.44319760799408e-01, 3.995159268379211e-01, 4.54371452331543e-01, 5.087732076644897e-01, 5.625326633453369e-01, 6.154863238334656e-01, 6.677369475364685e-01, 7.19273567199707e-01, 7.700554728507996e-01, 8.200457692146301e-01, 8.692108988761902e-01, 9.175211787223816e-01, 9.649504423141479e-01, 1.010581970214844e+00, 1.046693801879883e+00, 1.081194400787354e+00, 1.114302754402161e+00, 1.146065592765808e+00, 1.176529765129089e+00, 1.205742001533508e+00, 1.23374879360199e+00, 1.260596036911011e+00, 1.28632915019989e+00, 1.310992360115051e+00, 1.334629416465759e+00, 1.357282638549805e+00, 1.378993272781372e+00, 1.39980149269104e+00, 1.419746041297913e+00, 1.438864469528198e+00, 1.45719301700592e+00, 1.474766373634338e+00, 1.491618394851685e+00, 1.505192160606384e+00, 1.514361023902893e+00, 1.523048758506775e+00, 1.531290292739868e+00, 1.539113402366638e+00, 1.546543955802917e+00, 1.553605914115906e+00, 1.560321927070618e+00, 1.566712737083435e+00, 1.572797536849976e+00, 1.578594326972961e+00, 1.581845998764038e+00, 1.582471132278442e+00, 1.582562327384949e+00, 1.582574129104614e+00, 1.582575440406799e+00, 1.582575678825378e+00, 1.582575678825378e+00, 1.582575678825378e+00, 1.582575678825378e+00, 1.582575678825378e+00, 1.582575678825378e+00, 1.582575678825378e+00, 1.582575678825378e+00, 1.582575678825378e+00, 1.582575678825378e+00, 1.582575678825378e+00, 1.582575678825378e+00, 1.582575678825378e+00, 1.582575678825378e+00, 1.582575678825378e+00, 1.582575678825378e+00, 1.582575678825378e+00, 1.582575678825378e+00, 1.582575678825378e+00, 1.582575678825378e+00]
m_flow_nominal=[1e+00, 1e+00]
dp_nominal=[1e+05, 1e+05]
val.y_actual=[0e+00, 5.209529935781226e-25, -1.0753753092568e-25, -2.714099363721015e-26, -1.077852856352139e-26, -4.07831188719349e-27, -2.63759534039133e-27, -1.19687908247866e-27, -6.202573423178242e-28, -5.053957471030445e-28, -3.905342000365133e-28, -2.756726529699821e-28, -1.608110818293267e-28, -5.149049539810835e-29, -4.700281381231873e-29, -4.251512921726359e-29, -3.802744462220844e-29, -3.353976303641883e-29, -2.905207844136367e-29, -2.456439535094129e-29, -2.007671226051891e-29, -1.558902766546376e-29, -1.110134457504138e-29, -6.613661484618997e-30, -2.12597764188023e-30, -4.831568602501202e-31, 6.465173326432705e-03, 2.340724319219595e-02, 4.294217005372054e-02, 6.288078427314758e-02, 8.287329971790314e-02, 1.028723418712616e-01, 1.228722482919693e-01, 1.428722143173218e-01, 1.62872239947319e-01, 1.828722506761551e-01, 2.0287224650383e-01, 2.228722423315048e-01, 2.428722381591797e-01, 2.628722488880157e-01, 2.828722298145294e-01, 3.028722405433655e-01, 3.228722512722015e-01, 3.428722321987152e-01, 3.628722429275513e-01, 3.828722536563873e-01, 4.02872234582901e-01, 4.228722453117371e-01, 4.428722560405731e-01, 4.628722369670868e-01, 4.828722476959229e-01, 5.028722286224365e-01, 5.22872269153595e-01, 5.428722500801086e-01, 5.628722310066224e-01, 5.828722715377809e-01, 6.028722524642945e-01, 6.228722333908081e-01, 6.428722143173218e-01, 6.628722548484802e-01, 6.828722357749939e-01, 7.028722167015076e-01, 7.22872257232666e-01, 7.428722381591797e-01, 7.628722190856934e-01, 7.828722596168518e-01, 8.028722405433655e-01, 8.228722214698792e-01, 8.428722620010376e-01, 8.628722429275513e-01, 8.828722238540649e-01, 9.028722643852234e-01, 9.228722453117371e-01, 9.428722262382507e-01, 9.628722667694092e-01, 9.828722476959229e-01, 9.964070320129395e-01, 9.994651675224304e-01, 9.999303221702576e-01, 9.999915361404419e-01, 9.999988675117493e-01, 9.999996423721313e-01, 9.999998807907104e-01, 9.999999403953552e-01, 1e+00, 1e+00, 1e+00, 1e+00, 1e+00, 1e+00, 1e+00, 1e+00, 1e+00, 1e+00, 1e+00, 1e+00, 1e+00, 1e+00, 1e+00, 1e+00, 1e+00]
elEnergy=[0e+00, 1.742254383862019e-02, 3.817703202366829e-02, 5.893190950155258e-02, 7.968678325414658e-02, 1.004416570067406e-01, 1.211965307593346e-01, 1.419514119625092e-01, 1.627062857151031e-01, 1.834611594676971e-01, 2.042160332202911e-01, 2.249709069728851e-01, 2.457257807254791e-01, 2.664806544780731e-01, 2.872355282306672e-01, 3.079904019832611e-01, 3.287452757358551e-01, 3.495001494884491e-01, 3.702550232410431e-01, 3.910098969936371e-01, 4.117647707462311e-01, 4.325196444988251e-01, 4.532745182514191e-01, 4.740293920040131e-01, 4.947842657566071e-01, 5.155391693115234e-01, 1.72659740447998e+01, 3.11400726318361e+02, 1.00255261230469e+03, 2.1041865234375e+03, 3.61858544921875e+03, 5.5447626953125e+03, 7.88115576171875e+03, 1.06259111328125e+04, 1.3776779296875e+04, 1.73308671875e+04, 2.1284193359375e+04, 2.5631298828125e+04, 3.03664765625e+04, 3.5484640625e+04, 4.098038671875e+04, 4.684796875e+04, 5.308142578125e+04, 5.967456640625e+04, 6.6620984375e+04, 7.39125625e+04, 8.1424203125e+04, 8.90537734375e+04, 9.67876328125e+04, 1.0461353125e+05, 1.125203359375e+05, 1.204979296875e+05, 1.285371953125e+05, 1.36629859375e+05, 1.447684531250001e+05, 1.529462343750001e+05, 1.611571406250001e+05, 1.6939571875e+05, 1.77657078125e+05, 1.85936828125e+05, 1.94231046875e+05, 2.02536234375e+05, 2.10849265625e+05, 2.19167375e+05, 2.27488125e+05, 2.3580078125e+05, 2.4402596875e+05, 2.52148015625e+05, 2.60170640625e+05, 2.6809746875e+05, 2.7593196875e+05, 2.8367759375e+05, 2.91337625e+05, 2.9891528125e+05, 3.0641365625e+05, 3.1383575e+05, 3.211881875e+05, 3.2850803125e+05, 3.3582153125e+05, 3.431340625e+05, 3.504465e+05, 3.577589375e+05, 3.6507134375e+05, 3.7238378125e+05, 3.796961875e+05, 3.87008625e+05, 3.9432103125e+05, 4.0163346875e+05, 4.08945875e+05, 4.1625828125e+05, 4.2357071875e+05, 4.30883125e+05, 4.381955625e+05, 4.4550796875e+05, 4.5282040625e+05, 4.601328125e+05, 4.6744521875e+05, 4.7475765625e+05, 4.820700625e+05, 4.893825e+05, 4.9669490625e+05]
