last-generated=2022-10-31
statistics-initialization=
{
  "linear": "5, 5"
}
statistics-simulation=
{
  "linear": "0, 4, 4, 0",
  "nonlinear": "0, 1, 0, 1, 0, 1, 0, 1, 0, 1, 0, 1",
  "number of continuous time states": "8",
  "numerical Jacobians": "0"
}
time=[0e+00, 3.1536e+07]
thermalZone.TAir=[2.931499938964844e+02, 2.923423386004394e+02, 2.884530154122577e+02, 2.889779515759698e+02, 2.897909701803456e+02, 2.885092163085938e+02, 2.882674037388393e+02, 2.885710144042969e+02, 2.881438132546165e+02, 2.892062672008167e+02, 2.89884765625e+02, 2.889576314290364e+02, 2.895575970343824e+02, 2.9081654501861e+02, 2.902825106107272e+02, 2.904775390625e+02, 2.917483818344697e+02, 2.910115428251379e+02, 2.934036889648438e+02, 2.90731194390191e+02, 2.922298889160156e+02, 2.920018987164845e+02, 2.914243643268401e+02, 2.901436767578125e+02, 2.927341483907497e+02, 2.916284790039062e+02, 2.924947788404382e+02, 2.919400329589844e+02, 2.918498011997768e+02, 2.919133384011009e+02, 2.931850891113281e+02, 2.918007195051326e+02, 2.925765813783158e+02, 2.939838615866269e+02, 2.92822518484933e+02, 2.928280944824219e+02, 2.929646345929402e+02, 2.927554473876953e+02, 2.93092711539656e+02, 2.924646350901217e+02, 2.927851867675781e+02, 2.944741146689967e+02, 2.929673030944937e+02, 2.93689658425071e+02, 2.935159285261824e+02, 2.9293798828125e+02, 2.919132995605469e+02, 2.92533580671038e+02, 2.918314624023437e+02, 2.927941122616039e+02, 2.934349670410156e+02, 2.931548978365385e+02, 2.934889232390518e+02, 2.952708638509114e+02, 2.933975751323085e+02, 2.939636535644531e+02, 2.946432042615167e+02, 2.936452270507813e+02, 2.941190029112231e+02, 2.942027949655293e+02, 2.940323486328125e+02, 2.94769477736782e+02, 2.93916995578342e+02, 2.938166542053223e+02, 2.956142718975361e+02, 2.933052978515625e+02, 2.934850033030791e+02, 2.940488354492188e+02, 2.939117091587611e+02, 2.940255737304688e+02, 2.948896789550781e+02, 2.942022292678421e+02, 2.948646073774858e+02, 2.959390258789062e+02, 2.942780071057771e+02, 2.939203796386719e+02, 2.957153508112981e+02, 2.937446610300165e+02, 2.94609243774414e+02, 2.936456678437024e+02, 2.938409729003906e+02, 2.948807896205357e+02, 2.928322563549079e+02, 2.922830342137536e+02, 2.925606737569393e+02, 2.908179321289062e+02, 2.904230457652699e+02, 2.913551504952567e+02, 2.904210673014323e+02, 2.915999450683594e+02, 2.911591796875e+02, 2.908554823855137e+02, 2.900953979492188e+02, 2.912180074055989e+02, 2.890455066914461e+02, 2.897803649902344e+02, 2.903973903327379e+02, 2.891959484863281e+02, 2.897681055832782e+02, 2.896235477223116e+02, 2.889583435058594e+02]
thermalZoneMoistAir.TAir=[2.931499938964844e+02, 2.923520745976267e+02, 2.884578677071796e+02, 2.889845128552667e+02, 2.898003042469854e+02, 2.885163879394531e+02, 2.882743726457869e+02, 2.885785217285156e+02, 2.881508322975852e+02, 2.892140969016335e+02, 2.898934631347656e+02, 2.889653930664062e+02, 2.895651043586011e+02, 2.908242717239092e+02, 2.90290034367488e+02, 2.904852600097656e+02, 2.917594627120452e+02, 2.910191650390625e+02, 2.934144299316406e+02, 2.90738747679157e+02, 2.922378845214844e+02, 2.920094060407033e+02, 2.914322378619964e+02, 2.901510620117188e+02, 2.927454678149933e+02, 2.916356506347656e+02, 2.925030557383662e+02, 2.91947509765625e+02, 2.918578883579799e+02, 2.919210288307884e+02, 2.931941223144531e+02, 2.918082878645076e+02, 2.925851177836573e+02, 2.939971834070543e+02, 2.928309108189174e+02, 2.928361206054688e+02, 2.929728438214558e+02, 2.927633514404297e+02, 2.931007530832459e+02, 2.924723693315888e+02, 2.927930908203125e+02, 2.944892305072985e+02, 2.929750444056146e+02, 2.936978232643821e+02, 2.935235579207137e+02, 2.92946044921875e+02, 2.919208068847656e+02, 2.925417898995536e+02, 2.918388012695312e+02, 2.92802443560432e+02, 2.934427185058594e+02, 2.931631352351262e+02, 2.934967357390518e+02, 2.952841050889757e+02, 2.93405265561996e+02, 2.939723815917969e+02, 2.946556659566945e+02, 2.936537536621094e+02, 2.941281343347886e+02, 2.942111567819355e+02, 2.940403747558594e+02, 2.947777099609375e+02, 2.939248860677083e+02, 2.938247108459473e+02, 2.956268615722656e+02, 2.933132019042969e+02, 2.934933256261489e+02, 2.940565563964844e+02, 2.939198678152902e+02, 2.940331726074219e+02, 2.948981628417969e+02, 2.942096953520904e+02, 2.948732743696733e+02, 2.959510578356291e+02, 2.942864620811061e+02, 2.939283752441406e+02, 2.957293677696815e+02, 2.937524735300165e+02, 2.946189788818359e+02, 2.936540326374333e+02, 2.938495788574219e+02, 2.948941519601004e+02, 2.928406486888923e+02, 2.922910298192224e+02, 2.925687914327206e+02, 2.9082568359375e+02, 2.90430888782848e+02, 2.913629368373326e+02, 2.904286966959635e+02, 2.916079406738281e+02, 2.911666870117188e+02, 2.908633254030918e+02, 2.901027526855469e+02, 2.912284211658296e+02, 2.890526702258052e+02, 2.897884216308594e+02, 2.904091470036155e+02, 2.89203759765625e+02, 2.897756326705967e+02, 2.896323547363281e+02, 2.889656677246094e+02]
thermalZoneMoistAir.X_w=[9.999999776482582e-03, 5.215293232360084e-03, 4.238604102283716e-03, 4.312511372925906e-03, 4.670592197014586e-03, 4.24156803637743e-03, 4.351654755217689e-03, 4.676435674939837e-03, 4.243621179326014e-03, 4.448304079811682e-03, 4.999643191695213e-03, 4.247512668371201e-03, 4.588371230605638e-03, 4.239037413290649e-03, 4.254835048833719e-03, 4.238622263073921e-03, 4.558041859754102e-03, 4.238604924038929e-03, 5.389142408967018e-03, 4.238604102283716e-03, 4.290212877094746e-03, 4.238604102283716e-03, 4.240758174553542e-03, 4.238604102283716e-03, 4.832630144788864e-03, 4.238604102283716e-03, 4.384643013548592e-03, 4.765941730389993e-03, 4.244568425097636e-03, 4.470171618529342e-03, 5.189128685742617e-03, 4.24874817605975e-03, 4.641933983928243e-03, 5.346538279862965e-03, 4.256814984338624e-03, 4.908670671284199e-03, 4.239366196731969e-03, 4.268044512718916e-03, 4.23863648302037e-03, 4.239847379604071e-03, 4.238605499267578e-03, 5.551257905991454e-03, 4.238604102283716e-03, 4.325228023596786e-03, 4.238604102283716e-03, 4.242200404405594e-03, 4.238604102283716e-03, 4.754107472087656e-03, 4.238604102283716e-03, 4.463635987656958e-03, 5.140429828315973e-03, 4.248716510259188e-03, 4.625469578007727e-03, 5.43911542950405e-03, 4.255656708752917e-03, 4.903317894786596e-03, 4.809211586313001e-03, 4.267753101885319e-03, 5.345411856948328e-03, 4.239889537138457e-03, 4.287819378077984e-03, 4.238660020989851e-03, 4.240734140492148e-03, 4.238606139551848e-03, 5.069588597577352e-03, 4.238604102283716e-03, 4.371101365369909e-03, 4.238604102283716e-03, 4.244622681289912e-03, 4.238604102283716e-03, 5.143116228282452e-03, 4.238604102283716e-03, 4.639069168743762e-03, 5.46818378528482e-03, 4.255473834315413e-03, 4.860748536884785e-03, 4.97141691784446e-03, 4.26587768781342e-03, 5.312019446864724e-03, 4.289396663718834e-03, 4.284215625375509e-03, 5.576777604541608e-03, 4.240488114831324e-03, 4.30861946065412e-03, 4.238681431224099e-03, 4.241294227540493e-03, 4.238606938584285e-03, 4.636811757726329e-03, 4.238604102283716e-03, 4.42215915688354e-03, 4.238604102283716e-03, 4.246342303033205e-03, 4.238604102283716e-03, 5.133490632509901e-03, 4.238604102283716e-03, 4.674664698541164e-03, 4.822840970933827e-03, 4.25675630569458e-03, 4.964000358964472e-03, 4.337909740998465e-03, 4.268029239028692e-03]
