last-generated=2022-05-23
statistics-simulation=
{
  "linear": "0, 0",
  "nonlinear": " ",
  "number of continuous time states": "8",
  "numerical Jacobians": "0"
}
time=[0e+00, 7.2e+03]
dooOpe.vAB=[-1.828544676785171e-10, 7.738724234513938e-04, 3.125410294160247e-03, 6.830665748566389e-03, 1.146396342664957e-02, 1.637026108801365e-02, 2.088678628206253e-02, 2.473408170044422e-02, 2.795377559959888e-02, 3.064865432679653e-02, 3.288917988538742e-02, 3.471957147121429e-02, 3.618906438350677e-02, 3.732148930430412e-02, 3.813828900456429e-02, 3.785821050405502e-02, 3.578127175569534e-02, 3.387933596968651e-02, 3.234861418604851e-02, 3.098275884985924e-02, 2.964393049478531e-02, 2.822817303240299e-02, 2.673629857599735e-02, 2.489079535007477e-02, 2.279765531420708e-02, 2.035308443009853e-02, 1.730917766690254e-02, 1.360286213457583e-02, 9.074043482542022e-03, 3.536081640049815e-03, 3.216504119336605e-03, 1.046185567975044e-02, 1.670944131910801e-02, 2.134291082620621e-02, 2.462436631321907e-02, 2.672416903078556e-02, 2.85120252519846e-02, 2.957478724420071e-02, 3.021407499909401e-02, 3.070600889623165e-02, 3.114635124802589e-02, 3.102358989417553e-02, 3.076308406889439e-02, 3.028952516615391e-02, 2.960566617548466e-02, 2.870672196149826e-02, 2.757991477847099e-02, 2.620321698486805e-02, 2.453903295099735e-02, 2.252491563558578e-02, 2.00720950961113e-02, 1.707013882696629e-02, 1.338253170251846e-02, 8.856654167175293e-03, 3.308944636955817e-03, 3.41809517703955e-03, 1.063741557300095e-02, 1.650414057075977e-02, 2.146788313984871e-02, 2.458113059401512e-02, 2.683273889124393e-02, 2.848552912473679e-02, 2.96879094094038e-02, 3.044550493359566e-02, 3.088702261447906e-02, 3.091537393629551e-02, 3.117844834923744e-02, 3.088670969009399e-02, 3.033911436796188e-02, 2.960856072604656e-02, 2.85888034850359e-02, 2.71783173084259e-02, 2.518587373197079e-02, 2.404625341296196e-02, 2.214131876826286e-02, 1.976478472352028e-02, 1.681707054376602e-02, 1.317349169403315e-02, 8.683507330715656e-03, 3.163295332342386e-03, 3.578555304557085e-03, 1.075559388846159e-02, 1.690777018666267e-02, 2.155109867453575e-02, 2.478187344968319e-02, 2.662786841392517e-02, 2.841059304773808e-02, 2.955866791307926e-02, 3.023205325007439e-02, 3.057712130248547e-02, 3.088661469519138e-02, 3.142276406288147e-02, 3.08388490229845e-02, 3.033984079957008e-02, 2.963958494365215e-02, 2.873001247644424e-02, 2.75962483137846e-02, 2.621497400105e-02, 2.454780414700508e-02, 2.253171801567078e-02, 2.007760293781757e-02]
dooOpe.vBA=[1.828547174786976e-10, 7.831879775039852e-04, 3.143951529636979e-03, 6.859888322651386e-03, 1.150285173207521e-02, 1.639212667942047e-02, 2.093336172401905e-02, 2.480388060212136e-02, 2.802429161965847e-02, 3.071622923016548e-02, 3.295490145683289e-02, 3.479481860995293e-02, 3.626083210110664e-02, 3.739325329661369e-02, 3.820820525288582e-02, 3.790396451950073e-02, 3.581490740180016e-02, 3.391071781516075e-02, 3.237724676728249e-02, 3.100819140672684e-02, 2.966576442122459e-02, 2.82442569732666e-02, 2.66207680106163e-02, 2.490002848207951e-02, 2.279883809387684e-02, 2.024765126407146e-02, 1.730452291667461e-02, 1.359337288886307e-02, 9.059910662472232e-03, 3.518357640132308e-03, 3.194119548425078e-03, 1.043611858040094e-02, 1.668103784322739e-02, 2.131151780486107e-02, 2.45532151311636e-02, 2.701739966869354e-02, 2.850920706987381e-02, 2.971267327666283e-02, 3.050881624221802e-02, 3.083882480859756e-02, 3.092343918979168e-02, 3.098990209400654e-02, 3.073164448142052e-02, 3.026082925498486e-02, 2.958016656339169e-02, 2.86848209798336e-02, 2.756194956600666e-02, 2.618949115276337e-02, 2.452977001667023e-02, 2.252024598419666e-02, 2.007212117314339e-02, 1.707482151687145e-02, 1.339193899184465e-02, 8.870827034115791e-03, 3.325032303109726e-03, 3.441155189648317e-03, 1.066292077302937e-02, 1.724599301815033e-02, 2.146611548960209e-02, 2.478760294616222e-02, 2.714354731142521e-02, 2.864307351410389e-02, 2.984200976788998e-02, 3.060500510036945e-02, 3.108629956841469e-02, 3.152073919773102e-02, 3.115652687847614e-02, 3.0848054215312e-02, 3.036774508655071e-02, 2.966190129518509e-02, 2.880328148603439e-02, 2.78094969689846e-02, 2.67487857490778e-02, 2.405549958348274e-02, 2.214597351849079e-02, 1.976480148732662e-02, 1.681245118379593e-02, 1.3164097443223e-02, 8.669418282806873e-03, 3.145962255075574e-03, 3.555494826287031e-03, 1.07294050976634e-02, 1.687928102910519e-02, 2.135587856173515e-02, 2.45900135487318e-02, 2.721012569963932e-02, 2.837462909519672e-02, 2.960691228508949e-02, 3.045339696109295e-02, 3.092335350811481e-02, 3.095251694321632e-02, 3.059802390635014e-02, 3.080740943551064e-02, 3.031114488840103e-02, 2.961408719420433e-02, 2.870810963213444e-02, 2.757830172777176e-02, 2.620126493275166e-02, 2.453852631151676e-02, 2.252702787518501e-02, 2.007757872343063e-02]
dooOpeClo.vAB=[-9.164435876840571e-11, 3.711304161697626e-04, 1.559458905830979e-03, 3.412792924791574e-03, 5.696751177310944e-03, 8.073199540376663e-03, 1.024115458130836e-02, 1.214231457561255e-02, 1.383775006979704e-02, 1.532970648258924e-02, 1.661677099764347e-02, 1.769503578543663e-02, 1.858020946383476e-02, 1.927438378334045e-02, 2.066427469253541e-02, 3.039569593966007e-02, 3.578127175569534e-02, 3.387933596968651e-02, 3.234861418604851e-02, 3.098275884985924e-02, 2.964393049478531e-02, 2.822817303240299e-02, 2.673629857599735e-02, 2.489079535007477e-02, 2.279765531420708e-02, 2.035308443009853e-02, 1.730917766690254e-02, 1.360286213457583e-02, 9.074043482542022e-03, 3.536081640049815e-03, 3.216504119336605e-03, 1.046185567975044e-02, 1.670944131910801e-02, 2.134291082620621e-02, 2.462436631321907e-02, 2.672416903078556e-02, 2.85120252519846e-02, 2.957478724420071e-02, 3.021407499909401e-02, 3.070600889623165e-02, 3.114635124802589e-02, 3.102358989417553e-02, 3.076308406889439e-02, 3.028952516615391e-02, 2.960566617548466e-02, 2.870672196149826e-02, 2.757991477847099e-02, 2.620321698486805e-02, 2.453903295099735e-02, 2.252491563558578e-02, 2.00720950961113e-02, 1.707013882696629e-02, 1.338253170251846e-02, 8.856654167175293e-03, 3.308944636955817e-03, 3.41809517703955e-03, 1.063741557300095e-02, 1.650414057075977e-02, 2.146788313984871e-02, 2.458113059401512e-02, 2.683273889124393e-02, 2.848552912473679e-02, 2.96879094094038e-02, 3.044550493359566e-02, 3.088702261447906e-02, 3.091537393629551e-02, 3.117844834923744e-02, 3.088670969009399e-02, 3.033911436796188e-02, 2.960856072604656e-02, 2.85888034850359e-02, 2.71783173084259e-02, 2.518587373197079e-02, 2.404625341296196e-02, 2.214131876826286e-02, 1.976478472352028e-02, 1.681707054376602e-02, 1.317349169403315e-02, 8.683507330715656e-03, 3.163295332342386e-03, 3.578555304557085e-03, 1.075559388846159e-02, 1.690777018666267e-02, 2.155109867453575e-02, 2.478187344968319e-02, 2.662786841392517e-02, 2.841059304773808e-02, 2.955866791307926e-02, 3.023205325007439e-02, 3.057712130248547e-02, 3.088661469519138e-02, 3.142276406288147e-02, 3.08388490229845e-02, 3.033984079957008e-02, 2.963958494365215e-02, 2.873001247644424e-02, 2.75962483137846e-02, 2.621497400105e-02, 2.454780414700508e-02, 2.253171801567078e-02, 2.007760293781757e-02]
dooOpeClo.vBA=[9.164442121845084e-11, 3.757988451980054e-04, 1.568739069625735e-03, 3.427347866818309e-03, 5.715921986848116e-03, 8.08385293930769e-03, 1.026384625583887e-02, 1.217714417725802e-02, 1.38739300891757e-02, 1.536523085087538e-02, 1.665185205638409e-02, 1.77358090877533e-02, 1.861960999667645e-02, 1.931414194405079e-02, 2.070474252104761e-02, 3.043331950902939e-02, 3.581490740180016e-02, 3.391071781516075e-02, 3.237724676728249e-02, 3.100819140672684e-02, 2.966576442122459e-02, 2.82442569732666e-02, 2.66207680106163e-02, 2.490002848207951e-02, 2.279883809387684e-02, 2.024765126407146e-02, 1.730452291667461e-02, 1.359337288886307e-02, 9.059910662472232e-03, 3.518357640132308e-03, 3.194119548425078e-03, 1.043611858040094e-02, 1.668103784322739e-02, 2.131151780486107e-02, 2.45532151311636e-02, 2.701739966869354e-02, 2.850920706987381e-02, 2.971267327666283e-02, 3.050881624221802e-02, 3.083882480859756e-02, 3.092343918979168e-02, 3.098990209400654e-02, 3.073164448142052e-02, 3.026082925498486e-02, 2.958016656339169e-02, 2.86848209798336e-02, 2.756194956600666e-02, 2.618949115276337e-02, 2.452977001667023e-02, 2.252024598419666e-02, 2.007212117314339e-02, 1.707482151687145e-02, 1.339193899184465e-02, 8.870827034115791e-03, 3.325032303109726e-03, 3.441155189648317e-03, 1.066292077302937e-02, 1.724599301815033e-02, 2.146611548960209e-02, 2.478760294616222e-02, 2.714354731142521e-02, 2.864307351410389e-02, 2.984200976788998e-02, 3.060500510036945e-02, 3.108629956841469e-02, 3.152073919773102e-02, 3.115652687847614e-02, 3.0848054215312e-02, 3.036774508655071e-02, 2.966190129518509e-02, 2.880328148603439e-02, 2.78094969689846e-02, 2.67487857490778e-02, 2.405549958348274e-02, 2.214597351849079e-02, 1.976480148732662e-02, 1.681245118379593e-02, 1.3164097443223e-02, 8.669418282806873e-03, 3.145962255075574e-03, 3.555494826287031e-03, 1.07294050976634e-02, 1.687928102910519e-02, 2.135587856173515e-02, 2.45900135487318e-02, 2.721012569963932e-02, 2.837462909519672e-02, 2.960691228508949e-02, 3.045339696109295e-02, 3.092335350811481e-02, 3.095251694321632e-02, 3.059802390635014e-02, 3.080740943551064e-02, 3.031114488840103e-02, 2.961408719420433e-02, 2.870810963213444e-02, 2.757830172777176e-02, 2.620126493275166e-02, 2.453852631151676e-02, 2.252702787518501e-02, 2.007757872343063e-02]
dooOpe.port_a1.m_flow=[-4.161354316689625e-10, 1.761176623404026e-03, 7.113014347851276e-03, 1.554643549025059e-02, 2.60933879762888e-02, 3.726352378726006e-02, 4.75483275949955e-02, 5.631128326058388e-02, 6.364662200212479e-02, 6.978778541088104e-02, 7.489471882581711e-02, 7.9067662358284e-02, 8.241838961839676e-02, 8.50009024143219e-02, 8.686383813619614e-02, 8.62249881029129e-02, 8.148843795061111e-02, 7.715193927288055e-02, 7.366243749856949e-02, 7.054921239614487e-02, 6.749797612428665e-02, 6.427181512117386e-02, 6.087251752614975e-02, 5.66682405769825e-02, 5.190039053559303e-02, 4.633281379938126e-02, 3.940138220787048e-02, 3.096274845302102e-02, 2.065293118357655e-02, 8.047687821090221e-03, 7.319733966141939e-03, 2.38055232912302e-02, 3.801802545785904e-02, 4.855618998408318e-02, 5.601771920919418e-02, 6.079113483428955e-02, 6.485525518655777e-02, 6.727053970098495e-02, 6.872322410345078e-02, 6.984129548072815e-02, 7.084230333566666e-02, 7.056314498186111e-02, 6.997116655111313e-02, 6.889501214027405e-02, 6.734087318181992e-02, 6.529778987169266e-02, 6.273660808801651e-02, 5.960711464285851e-02, 5.5823665112257e-02, 5.124405026435852e-02, 4.566613957285881e-02, 3.88384535908699e-02, 3.045009449124336e-02, 2.015339583158493e-02, 7.530088070779947e-03, 7.779155857861147e-03, 2.421177364885817e-02, 3.75685803592205e-02, 4.88717257976532e-02, 5.596295371651649e-02, 6.109257414937019e-02, 6.485836207866669e-02, 6.759832799434662e-02, 6.932488828897476e-02, 7.033120095729828e-02, 7.039625197649002e-02, 7.099517434835434e-02, 7.033023238182068e-02, 6.908228248357773e-02, 6.741740554571152e-02, 6.50937408208847e-02, 6.18802011013031e-02, 5.734153464436531e-02, 5.47444224357605e-02, 5.040549859404564e-02, 4.499312490224838e-02, 3.828086704015732e-02, 2.99852266907692e-02, 1.976394839584827e-02, 7.199237588793039e-03, 8.143608458340168e-03, 2.447381056845188e-02, 3.846914693713188e-02, 4.902970418334007e-02, 5.6375902146101e-02, 6.057199463248253e-02, 6.462473422288895e-02, 6.723398715257645e-02, 6.876415014266968e-02, 6.954818218946457e-02, 7.025177031755447e-02, 7.147105038166046e-02, 7.014333456754684e-02, 6.900935620069504e-02, 6.741795688867569e-02, 6.53507262468338e-02, 6.277373433113098e-02, 5.963384360074997e-02, 5.584360659122467e-02, 5.125952139496803e-02, 4.567866772413254e-02]
dooOpe.port_a2.m_flow=[4.161359867804748e-10, 1.782340579666197e-03, 7.154634222388268e-03, 1.561016496270895e-02, 2.617388032376766e-02, 3.729625418782234e-02, 4.762484505772591e-02, 5.642585456371308e-02, 6.374672800302505e-02, 6.986472755670547e-02, 7.495144009590149e-02, 7.913126051425934e-02, 8.246107399463654e-02, 8.503282815217972e-02, 8.688339591026306e-02, 8.619251847267151e-02, 8.144822716712952e-02, 7.712285220623016e-02, 7.363894581794739e-02, 7.052814215421677e-02, 6.747744977474213e-02, 6.424665451049805e-02, 6.055621802806854e-02, 5.664440989494324e-02, 5.186691880226135e-02, 4.606534913182259e-02, 3.937157616019249e-02, 3.092973493039605e-02, 2.061584964394566e-02, 8.006623014807701e-03, 7.269393652677536e-03, 2.375353500247002e-02, 3.79711389541626e-02, 4.851562157273293e-02, 5.589927360415459e-02, 6.151282042264938e-02, 6.491217762231827e-02, 6.765448302030563e-02, 6.946871429681778e-02, 7.022099941968918e-02, 7.04142227768898e-02, 7.056550681591034e-02, 6.997689604759216e-02, 6.890387088060379e-02, 6.735267490148544e-02, 6.531236320734024e-02, 6.275378912687302e-02, 5.962683260440826e-02, 5.584583058953285e-02, 5.126854777336121e-02, 4.569302126765251e-02, 3.88677567243576e-02, 3.048254922032356e-02, 2.019034512341022e-02, 7.567344699054868e-03, 7.830945774912938e-03, 2.426296845078478e-02, 3.923869132995605e-02, 4.8836350440979e-02, 5.638893693685532e-02, 6.174493581056595e-02, 6.515324860811234e-02, 6.78781196475029e-02, 6.961207091808319e-02, 7.070581614971161e-02, 7.169344276189804e-02, 7.086516171693802e-02, 7.016418129205704e-02, 6.907276809215546e-02, 6.746870279312134e-02, 6.551742553710938e-02, 6.325896829366684e-02, 6.084850803017616e-02, 5.472428724169731e-02, 5.038236081600189e-02, 4.496727511286736e-02, 3.82523238658905e-02, 2.995317615568638e-02, 1.972739025950432e-02, 7.159208413213491e-03, 8.091874420642853e-03, 2.442118339240551e-02, 3.842252865433693e-02, 4.861672967672348e-02, 5.598317831754684e-02, 6.195169687271118e-02, 6.460554897785187e-02, 6.741354614496231e-02, 6.93424865603447e-02, 7.041343301534653e-02, 7.048019021749496e-02, 6.967318803071976e-02, 7.014957070350647e-02, 6.901854276657104e-02, 6.742997467517853e-02, 6.536542624235153e-02, 6.279104948043823e-02, 5.965365841984749e-02, 5.586577579379082e-02, 5.128399282693863e-02, 4.570544511079788e-02]
dooOpeClo.port_a1.m_flow=[-1.165218502198126e-13, 4.718811510429077e-07, 1.982864887395408e-06, 4.339605766290333e-06, 7.244284006446833e-06, 1.026707013807027e-05, 1.302522014157148e-05, 1.544449332868681e-05, 1.760244231263641e-05, 1.950178739207331e-05, 2.114060043822974e-05, 2.251378464279696e-05, 2.364122155995574e-05, 2.452548869769089e-05, 3.162207780405929e-03, 4.616524651646614e-02, 8.148843795061111e-02, 7.715193927288055e-02, 7.366243749856949e-02, 7.054921239614487e-02, 6.749797612428665e-02, 6.427181512117386e-02, 6.087251752614975e-02, 5.66682405769825e-02, 5.190039053559303e-02, 4.633281379938126e-02, 3.940138220787048e-02, 3.096274845302102e-02, 2.065293118357655e-02, 8.047687821090221e-03, 7.319733966141939e-03, 2.38055232912302e-02, 3.801802545785904e-02, 4.855618998408318e-02, 5.601771920919418e-02, 6.079113483428955e-02, 6.485525518655777e-02, 6.727053970098495e-02, 6.872322410345078e-02, 6.984129548072815e-02, 7.084230333566666e-02, 7.056314498186111e-02, 6.997116655111313e-02, 6.889501214027405e-02, 6.734087318181992e-02, 6.529778987169266e-02, 6.273660808801651e-02, 5.960711464285851e-02, 5.5823665112257e-02, 5.124405026435852e-02, 4.566613957285881e-02, 3.88384535908699e-02, 3.045009449124336e-02, 2.015339583158493e-02, 7.530088070779947e-03, 7.779155857861147e-03, 2.421177364885817e-02, 3.75685803592205e-02, 4.88717257976532e-02, 5.596295371651649e-02, 6.109257414937019e-02, 6.485836207866669e-02, 6.759832799434662e-02, 6.932488828897476e-02, 7.033120095729828e-02, 7.039625197649002e-02, 7.099517434835434e-02, 7.033023238182068e-02, 6.908228248357773e-02, 6.741740554571152e-02, 6.50937408208847e-02, 6.18802011013031e-02, 5.734153464436531e-02, 5.47444224357605e-02, 5.040549859404564e-02, 4.499312490224838e-02, 3.828086704015732e-02, 2.99852266907692e-02, 1.976394839584827e-02, 7.199237588793039e-03, 8.143608458340168e-03, 2.447381056845188e-02, 3.846914693713188e-02, 4.902970418334007e-02, 5.6375902146101e-02, 6.057199463248253e-02, 6.462473422288895e-02, 6.723398715257645e-02, 6.876415014266968e-02, 6.954818218946457e-02, 7.025177031755447e-02, 7.147105038166046e-02, 7.014333456754684e-02, 6.900935620069504e-02, 6.741795688867569e-02, 6.53507262468338e-02, 6.277373433113098e-02, 5.963384360074997e-02, 5.584360659122467e-02, 5.125952139496803e-02, 4.567866772413254e-02]
dooOpeClo.port_a2.m_flow=[1.165219315349755e-13, 4.778071911459847e-07, 1.994503691093996e-06, 4.357337274996098e-06, 7.266435659403214e-06, 1.027592315949732e-05, 1.304599754803348e-05, 1.547663305245806e-05, 1.763174623192754e-05, 1.95254797290545e-05, 2.11589958780678e-05, 2.253497223136947e-05, 2.365671025472693e-05, 2.453812157909852e-05, 3.163314890116503e-03, 4.614920914173126e-02, 8.144822716712952e-02, 7.712285220623016e-02, 7.363894581794739e-02, 7.052814215421677e-02, 6.747744977474213e-02, 6.424665451049805e-02, 6.055621802806854e-02, 5.664440989494324e-02, 5.186691880226135e-02, 4.606534913182259e-02, 3.937157616019249e-02, 3.092973493039605e-02, 2.061584964394566e-02, 8.006623014807701e-03, 7.269393652677536e-03, 2.375353500247002e-02, 3.79711389541626e-02, 4.851562157273293e-02, 5.589927360415459e-02, 6.151282042264938e-02, 6.491217762231827e-02, 6.765448302030563e-02, 6.946871429681778e-02, 7.022099941968918e-02, 7.04142227768898e-02, 7.056550681591034e-02, 6.997689604759216e-02, 6.890387088060379e-02, 6.735267490148544e-02, 6.531236320734024e-02, 6.275378912687302e-02, 5.962683260440826e-02, 5.584583058953285e-02, 5.126854777336121e-02, 4.569302126765251e-02, 3.88677567243576e-02, 3.048254922032356e-02, 2.019034512341022e-02, 7.567344699054868e-03, 7.830945774912938e-03, 2.426296845078478e-02, 3.923869132995605e-02, 4.8836350440979e-02, 5.638893693685532e-02, 6.174493581056595e-02, 6.515324860811234e-02, 6.78781196475029e-02, 6.961207091808319e-02, 7.070581614971161e-02, 7.169344276189804e-02, 7.086516171693802e-02, 7.016418129205704e-02, 6.907276809215546e-02, 6.746870279312134e-02, 6.551742553710938e-02, 6.325896829366684e-02, 6.084850803017616e-02, 5.472428724169731e-02, 5.038236081600189e-02, 4.496727511286736e-02, 3.82523238658905e-02, 2.995317615568638e-02, 1.972739025950432e-02, 7.159208413213491e-03, 8.091874420642853e-03, 2.442118339240551e-02, 3.842252865433693e-02, 4.861672967672348e-02, 5.598317831754684e-02, 6.195169687271118e-02, 6.460554897785187e-02, 6.741354614496231e-02, 6.93424865603447e-02, 7.041343301534653e-02, 7.048019021749496e-02, 6.967318803071976e-02, 7.014957070350647e-02, 6.901854276657104e-02, 6.742997467517853e-02, 6.536542624235153e-02, 6.279104948043823e-02, 5.965365841984749e-02, 5.586577579379082e-02, 5.128399282693863e-02, 4.570544511079788e-02]
