last-generated=2022-10-31
statistics-initialization=
{
  "linear": "5"
}
statistics-simulation=
{
  "linear": "0, 4",
  "nonlinear": "0, 1, 0, 1, 0, 1",
  "number of continuous time states": "4",
  "numerical Jacobians": "0"
}
time=[0e+00, 3.1536e+07]
thermalZone.TAir=[2.931499938964844e+02, 2.923520543605137e+02, 2.88456320472515e+02, 2.889845433728448e+02, 2.897993887196416e+02, 2.88515625e+02, 2.882732325962612e+02, 2.885774514334543e+02, 2.881503134987571e+02, 2.892135303844105e+02, 2.898931274414062e+02, 2.889650573730469e+02, 2.895641888312574e+02, 2.908239026339549e+02, 2.902897151066707e+02, 2.904850769042969e+02, 2.917594627120452e+02, 2.910184020996094e+02, 2.934134838867187e+02, 2.907382220986449e+02, 2.922371520996094e+02, 2.920086736188283e+02, 2.914306503635365e+02, 2.901509399414062e+02, 2.927455184611869e+02, 2.916362609863281e+02, 2.925036050547724e+02, 2.919477233886719e+02, 2.918580976213728e+02, 2.919212258078835e+02, 2.93194580078125e+02, 2.918085674906886e+02, 2.925851042991461e+02, 2.939972534179688e+02, 2.928310939243862e+02, 2.928363342285156e+02, 2.929727865079554e+02, 2.927633209228516e+02, 2.93100768180281e+02, 2.924722167436982e+02, 2.927932739257812e+02, 2.944894136127673e+02, 2.929754512878531e+02, 2.936984030983665e+02, 2.935239241316512e+02, 2.92946044921875e+02, 2.919205322265625e+02, 2.925417184012277e+02, 2.918389868164062e+02, 2.928025961483226e+02, 2.934432373046875e+02, 2.931635953463041e+02, 2.934964654005058e+02, 2.952841966417101e+02, 2.934053876323085e+02, 2.939723815917969e+02, 2.946561331913389e+02, 2.936543212890625e+02, 2.94128470028148e+02, 2.942113689902603e+02, 2.940399475097656e+02, 2.947774047851562e+02, 2.939246249728733e+02, 2.938242225646973e+02, 2.956262488731971e+02, 2.933126525878906e+02, 2.934927763097426e+02, 2.940565258789063e+02, 2.939197762625558e+02, 2.940330200195312e+02, 2.948977355957031e+02, 2.942101638381546e+02, 2.948731828169389e+02, 2.959511493883635e+02, 2.942868266858553e+02, 2.939285583496094e+02, 2.957293372521034e+02, 2.937527369449013e+02, 2.94618896484375e+02, 2.936543072956364e+02, 2.93849609375e+02, 2.948942086356027e+02, 2.928404463966294e+02, 2.922908467137536e+02, 2.925686929591531e+02, 2.908255920410156e+02, 2.904312244762074e+02, 2.913630109514509e+02, 2.904283915201823e+02, 2.916081237792969e+02, 2.911662292480469e+02, 2.908640578249668e+02, 2.901024780273438e+02, 2.912287219819568e+02, 2.890528614277742e+02, 2.897882385253906e+02, 2.904086354818942e+02, 2.892036987304688e+02, 2.897755249861449e+02, 2.896324193617877e+02, 2.889653015136719e+02]
thermalZone.X_w=[9.999999776482582e-03, 5.215295570548638e-03, 4.238604102283716e-03, 4.312511372925906e-03, 4.670554858065494e-03, 4.241567570716143e-03, 4.351642049316849e-03, 4.6763976902834e-03, 4.243621120060032e-03, 4.448294267058372e-03, 4.999611061066389e-03, 4.247512202709913e-03, 4.588343536938136e-03, 4.239037413290649e-03, 4.254834798093026e-03, 4.238622263073921e-03, 4.55804190548036e-03, 4.238604924038929e-03, 5.389066226780414e-03, 4.238604102283716e-03, 4.290210083127022e-03, 4.238604102283716e-03, 4.240758174553542e-03, 4.238604102283716e-03, 4.832638734753461e-03, 4.238604102283716e-03, 4.384647771392179e-03, 4.765950422734022e-03, 4.244568425097636e-03, 4.470174624161286e-03, 5.189158953726292e-03, 4.248748251865077e-03, 4.641935250960117e-03, 5.346544662161785e-03, 4.256815250430789e-03, 4.908679518848658e-03, 4.239366196731969e-03, 4.268044512718916e-03, 4.23863648302037e-03, 4.239847379604071e-03, 4.238605499267578e-03, 5.551274032577088e-03, 4.238604102283716e-03, 4.325229674577713e-03, 4.238604102283716e-03, 4.242200404405594e-03, 4.238604102283716e-03, 4.754107006426369e-03, 4.238604102283716e-03, 4.463638589881799e-03, 5.140458699315786e-03, 4.248716975920475e-03, 4.625475125052865e-03, 5.439122155722644e-03, 4.255657174414204e-03, 4.903321154415607e-03, 4.80923087111321e-03, 4.267754312604666e-03, 5.345433293020024e-03, 4.239889537138457e-03, 4.287817981094122e-03, 4.238660020989851e-03, 4.240734140492148e-03, 4.238606139551848e-03, 5.069554461022982e-03, 4.238604102283716e-03, 4.371098105740898e-03, 4.238604102283716e-03, 4.244622681289912e-03, 4.238604102283716e-03, 5.14309573918581e-03, 4.238604102283716e-03, 4.639067560095678e-03, 5.46819138291635e-03, 4.255474765637987e-03, 4.860757850110531e-03, 4.971415162659609e-03, 4.265878619135995e-03, 5.312032485380769e-03, 4.2893974587503e-03, 4.284215159714222e-03, 5.576763169041702e-03, 4.240488114831324e-03, 4.308618865040846e-03, 4.238681431224099e-03, 4.241294227540493e-03, 4.238606938584285e-03, 4.636812689048904e-03, 4.238604102283716e-03, 4.422161383959262e-03, 4.238604102283716e-03, 4.246342768694492e-03, 4.238604102283716e-03, 5.133504624522868e-03, 4.238604102283716e-03, 4.674659110605717e-03, 4.822812505582441e-03, 4.256755858659744e-03, 4.963994935129341e-03, 4.33790946708006e-03, 4.268028307706118e-03]
