last-generated=2025-06-02
statistics-initialization=
{
  "nonlinear": "1, 0, 1",
  "numerical Jacobians": "0"
}
statistics-simulation=
{
  "linear": "0, 0, 0, 0, 0, 0, 0, 0, 0, 0, 0, 0, 0, 0, 0, 0, 0, 0, 0, 0, 0, 0, 0, 0, 0, 0, 0,   0, 0, 0, 0, 0, 0, 0, 0, 0",
  "nonlinear": "1, 0, 1, 1, 1, 1, 1, 1, 1, 1, 1, 1, 1",
  "number of continuous time states": "75",
  "numerical Jacobians": "0"
}
time=[0e+00, 8.64e+04]
bufferStorage.layer[10].T=[3.431499938964844e+02, 3.44979248046875e+02, 3.466597595214844e+02, 3.4796337890625e+02, 3.489784240722656e+02, 3.497723388671875e+02, 3.503956909179688e+02, 3.508870849609375e+02, 3.512760009765625e+02, 3.515850830078125e+02, 3.51831787109375e+02, 3.52029296875e+02, 3.521880493164062e+02, 3.523160705566406e+02, 3.52419677734375e+02, 3.525037841796875e+02, 3.525725708007812e+02, 3.526289672851562e+02, 3.526753234863281e+02, 3.527135620117188e+02, 3.527452697753906e+02, 3.527716369628906e+02, 3.527936706542969e+02, 3.528121643066406e+02, 3.528277282714844e+02, 3.528409729003906e+02, 3.528522644042969e+02, 3.528619079589844e+02, 3.528702392578125e+02, 3.528774719238281e+02, 3.528837280273438e+02, 3.528892211914062e+02, 3.528941040039062e+02, 3.528984069824219e+02, 3.529022521972656e+02, 3.529057006835938e+02, 3.529088134765625e+02, 3.529116516113281e+02, 3.529142456054688e+02, 3.529166259765625e+02, 3.529188232421875e+02, 3.529208679199219e+02, 3.529227905273438e+02, 3.52924560546875e+02, 3.529262390136719e+02, 3.529278259277344e+02, 3.529293212890625e+02, 3.529307556152344e+02, 3.5293212890625e+02, 3.529334106445312e+02, 3.529346618652344e+02, 3.529358520507812e+02, 3.5293701171875e+02, 3.529381103515625e+02, 3.529391479492188e+02, 3.52940185546875e+02, 3.52941162109375e+02, 3.529421081542969e+02, 3.529430236816406e+02, 3.529439086914062e+02, 3.529447937011719e+02, 3.529456176757812e+02, 3.529464416503906e+02, 3.529472045898438e+02, 3.529479675292969e+02, 3.529486999511719e+02, 3.529494323730469e+02, 3.529501342773438e+02, 3.529508056640625e+02, 3.529514465332031e+02, 3.529520874023438e+02, 3.529526977539062e+02, 3.529533081054688e+02, 3.529538879394531e+02, 3.529544372558594e+02, 3.529550170898438e+02, 3.529555358886719e+02, 3.529560546875e+02, 3.529565734863281e+02, 3.529570617675781e+02, 3.5295751953125e+02, 3.529580078125e+02, 3.529584350585938e+02, 3.529588928222656e+02, 3.529593200683594e+02, 3.52959716796875e+02, 3.529601135253906e+02, 3.529605102539062e+02, 3.529609069824219e+02, 3.529612731933594e+02, 3.529616088867188e+02, 3.529619750976562e+02, 3.529623107910156e+02, 3.52962646484375e+02, 3.529629516601562e+02, 3.529632873535156e+02, 3.529635925292969e+02, 3.529638671875e+02, 3.529641723632812e+02, 3.529644470214844e+02, 3.529647216796875e+02]
bufferStorage.layer[5].T=[3.431499938964844e+02, 3.435521545410156e+02, 3.442196044921875e+02, 3.449061279296875e+02, 3.45589599609375e+02, 3.462537841796875e+02, 3.468877258300781e+02, 3.474842224121094e+02, 3.480391845703125e+02, 3.4855078125e+02, 3.490187377929688e+02, 3.49444091796875e+02, 3.498285522460938e+02, 3.501744384765625e+02, 3.504841918945312e+02, 3.507606506347656e+02, 3.510070190429688e+02, 3.512257385253906e+02, 3.514194946289062e+02, 3.515907592773438e+02, 3.517418823242188e+02, 3.51875e+02, 3.519921264648438e+02, 3.520950927734375e+02, 3.52185302734375e+02, 3.522646179199219e+02, 3.52334228515625e+02, 3.52395263671875e+02, 3.524487609863281e+02, 3.524956359863281e+02, 3.525366516113281e+02, 3.525726013183594e+02, 3.526041259765625e+02, 3.526317749023438e+02, 3.526560363769531e+02, 3.526773071289062e+02, 3.526960144042969e+02, 3.527124633789062e+02, 3.527269592285156e+02, 3.527397766113281e+02, 3.527510986328125e+02, 3.527611083984375e+02, 3.527699890136719e+02, 3.527778625488281e+02, 3.527848510742188e+02, 3.527911071777344e+02, 3.527967224121094e+02, 3.528017578125e+02, 3.528063049316406e+02, 3.528103942871094e+02, 3.528141174316406e+02, 3.528175048828125e+02, 3.528206176757812e+02, 3.528234252929688e+02, 3.528260192871094e+02, 3.528284301757812e+02, 3.528306274414062e+02, 3.528327026367188e+02, 3.528346252441406e+02, 3.5283642578125e+02, 3.528381042480469e+02, 3.528396911621094e+02, 3.528411865234375e+02, 3.528425903320312e+02, 3.528439331054688e+02, 3.5284521484375e+02, 3.52846435546875e+02, 3.528475952148438e+02, 3.528486938476562e+02, 3.528497619628906e+02, 3.528507995605469e+02, 3.528517761230469e+02, 3.528527221679688e+02, 3.528536071777344e+02, 3.528544921875e+02, 3.528553466796875e+02, 3.528561706542969e+02, 3.5285693359375e+02, 3.528576965332031e+02, 3.528584289550781e+02, 3.528591613769531e+02, 3.528598327636719e+02, 3.528605041503906e+02, 3.528611450195312e+02, 3.528617858886719e+02, 3.528623962402344e+02, 3.528629760742188e+02, 3.528635559082031e+02, 3.528641052246094e+02, 3.528646545410156e+02, 3.528651733398438e+02, 3.528656921386719e+02, 3.528661804199219e+02, 3.528666687011719e+02, 3.528671264648438e+02, 3.528675842285156e+02, 3.528680114746094e+02, 3.528684387207031e+02, 3.528688659667969e+02, 3.528692626953125e+02, 3.528696594238281e+02]
bufferStorage.layer[1].T=[3.431499938964844e+02, 3.417906799316406e+02, 3.396141052246094e+02, 3.381131591796875e+02, 3.371282958984375e+02, 3.365157775878906e+02, 3.3617138671875e+02, 3.360180969238281e+02, 3.359993896484375e+02, 3.360734558105469e+02, 3.362095031738281e+02, 3.363853759765625e+02, 3.365846252441406e+02, 3.367953491210938e+02, 3.370088806152344e+02, 3.372192077636719e+02, 3.374223022460938e+02, 3.376153869628906e+02, 3.37796875e+02, 3.379658203125e+02, 3.381218872070312e+02, 3.382651672363281e+02, 3.3839599609375e+02, 3.385149841308594e+02, 3.386224975585938e+02, 3.387196655273438e+02, 3.388071899414062e+02, 3.388857727050781e+02, 3.389561767578125e+02, 3.390191040039062e+02, 3.390753173828125e+02, 3.391253967285156e+02, 3.391700439453125e+02, 3.392097778320312e+02, 3.392451171875e+02, 3.392764892578125e+02, 3.393043823242188e+02, 3.393291931152344e+02, 3.393512268066406e+02, 3.393708190917969e+02, 3.393882751464844e+02, 3.394037780761719e+02, 3.394176025390625e+02, 3.394299011230469e+02, 3.394408874511719e+02, 3.394507141113281e+02, 3.3945947265625e+02, 3.394673767089844e+02, 3.394744873046875e+02, 3.394808959960938e+02, 3.394866638183594e+02, 3.394919128417969e+02, 3.394966430664062e+02, 3.395009460449219e+02, 3.395048828125e+02, 3.395085144042969e+02, 3.395118103027344e+02, 3.395148620605469e+02, 3.395177001953125e+02, 3.395203247070312e+02, 3.395227661132812e+02, 3.395250549316406e+02, 3.395271911621094e+02, 3.395292053222656e+02, 3.395310974121094e+02, 3.395328674316406e+02, 3.395345458984375e+02, 3.395361328125e+02, 3.395376586914062e+02, 3.395390930175781e+02, 3.395404663085938e+02, 3.395417785644531e+02, 3.395430297851562e+02, 3.395442504882812e+02, 3.3954541015625e+02, 3.395465393066406e+02, 3.39547607421875e+02, 3.395486450195312e+02, 3.395496520996094e+02, 3.395505981445312e+02, 3.395515441894531e+02, 3.395524291992188e+02, 3.395533142089844e+02, 3.395541381835938e+02, 3.395549621582031e+02, 3.395557556152344e+02, 3.395565185546875e+02, 3.395572509765625e+02, 3.395579833984375e+02, 3.395586853027344e+02, 3.395593566894531e+02, 3.395600280761719e+02, 3.395606689453125e+02, 3.39561279296875e+02, 3.395618896484375e+02, 3.395624694824219e+02, 3.395630187988281e+02, 3.395635681152344e+02, 3.395641174316406e+02, 3.395646362304688e+02, 3.395651550292969e+02]
hea.Q_flow=[0e+00, 7.34777392578125e+03, 7.42581640625e+03, 7.390095703125e+03, 7.26913720703125e+03, 7.09012841796875e+03, 6.873767578125e+03, 6.6358046875e+03, 6.38748828125e+03, 6.13755712890625e+03, 5.89223193359375e+03, 5.65567822265625e+03, 5.43058740234375e+03, 5.219009765625e+03, 5.0226142578125e+03, 4.83973779296875e+03, 4.67222412109375e+03, 4.51927783203125e+03, 4.37999072265625e+03, 4.25391357421875e+03, 4.14000439453125e+03, 4.03757275390625e+03, 3.94552099609375e+03, 3.8631025390625e+03, 3.789580810546875e+03, 3.724108642578125e+03, 3.665637451171875e+03, 3.613578857421875e+03, 3.567494873046875e+03, 3.5264228515625e+03, 3.4900693359375e+03, 3.457974365234375e+03, 3.42953173828125e+03, 3.404271728515625e+03, 3.381907958984375e+03, 3.362244140625e+03, 3.344737060546875e+03, 3.3293173828125e+03, 3.31559765625e+03, 3.30343212890625e+03, 3.292705322265625e+03, 3.283177490234375e+03, 3.27460400390625e+03, 3.266985107421875e+03, 3.26033056640625e+03, 3.254139404296875e+03, 3.248947998046875e+03, 3.24400146484375e+03, 3.23968896484375e+03, 3.235799560546875e+03, 3.232218017578125e+03, 3.229018798828125e+03, 3.22612646484375e+03, 3.223473876953125e+03, 3.221023193359375e+03, 3.218796875e+03, 3.21675244140625e+03, 3.214856689453125e+03, 3.21309033203125e+03, 3.211433349609375e+03, 3.209903076171875e+03, 3.208488037109375e+03, 3.207182373046875e+03, 3.205955078125e+03, 3.204768310546875e+03, 3.203663818359375e+03, 3.202633544921875e+03, 3.201615234375e+03, 3.20062158203125e+03, 3.199707275390625e+03, 3.19885791015625e+03, 3.19806640625e+03, 3.197284423828125e+03, 3.196520263671875e+03, 3.195765625e+03, 3.19503466796875e+03, 3.194345458984375e+03, 3.19368798828125e+03, 3.19305859375e+03, 3.192448486328125e+03, 3.19185400390625e+03, 3.191282470703125e+03, 3.19073095703125e+03, 3.19019580078125e+03, 3.189685302734375e+03, 3.189209228515625e+03, 3.188692626953125e+03, 3.188166748046875e+03, 3.18772900390625e+03, 3.187314208984375e+03, 3.18686767578125e+03, 3.186436279296875e+03, 3.186030029296875e+03, 3.18563330078125e+03, 3.185248291015625e+03, 3.18487744140625e+03, 3.184519287109375e+03, 3.1841689453125e+03, 3.183824951171875e+03, 3.1834853515625e+03, 3.183170166015625e+03]
