last-generated=2024-07-24
statistics-initialization=
{
  "nonlinear": "1, 0",
  "numerical Jacobians": "0"
}
statistics-simulation=
{
  "linear": "0, 0, 0, 0, 0, 0",
  "nonlinear": "1",
  "number of continuous time states": "30",
  "numerical Jacobians": "0"
}
time=[0e+00, 1e+03]
hydraulicBus.TFwrdInMea=[3.031499938964844e+02, 3.031479797363281e+02, 3.031432189941406e+02, 3.031369934082031e+02, 3.031300354003906e+02, 3.031227722167969e+02, 3.031153259277344e+02, 3.031078186035156e+02, 3.031002807617188e+02, 3.030927124023438e+02, 3.030850830078125e+02, 3.030774536132812e+02, 3.030698547363281e+02, 3.030622253417969e+02, 3.030546264648438e+02, 3.030470275878906e+02, 3.030394592285156e+02, 3.030318603515625e+02, 3.030242919921875e+02, 3.030233154296875e+02, 3.040120239257812e+02, 3.092377319335938e+02, 3.156085205078125e+02, 3.19275146484375e+02, 3.211606140136719e+02, 3.221289672851562e+02, 3.226260375976562e+02, 3.228810119628906e+02, 3.230118713378906e+02, 3.230790710449219e+02, 3.231135864257812e+02, 3.231313781738281e+02, 3.23140380859375e+02, 3.231450805664062e+02, 3.231474609375e+02, 3.231487121582031e+02, 3.231493225097656e+02, 3.23149658203125e+02, 3.231498413085938e+02, 3.2314990234375e+02, 3.231499633789062e+02, 3.231499633789062e+02, 3.231499938964844e+02, 3.231499938964844e+02, 3.231499938964844e+02, 3.231499938964844e+02, 3.231500244140625e+02, 3.231500244140625e+02, 3.231499938964844e+02, 3.231499938964844e+02, 3.231499938964844e+02, 3.231499938964844e+02, 3.231499938964844e+02, 3.231499938964844e+02, 3.231499938964844e+02, 3.231499938964844e+02, 3.231499938964844e+02, 3.231499938964844e+02, 3.231499938964844e+02, 3.231499938964844e+02, 3.231499938964844e+02, 3.231499938964844e+02, 3.231499938964844e+02, 3.231499938964844e+02, 3.231499938964844e+02, 3.231499938964844e+02, 3.231499938964844e+02, 3.231499938964844e+02, 3.231499938964844e+02, 3.231499938964844e+02, 3.231499938964844e+02, 3.231499938964844e+02, 3.231499938964844e+02, 3.231499938964844e+02, 3.231499938964844e+02, 3.231499938964844e+02, 3.231499938964844e+02, 3.231499938964844e+02, 3.231499938964844e+02, 3.231499938964844e+02, 3.231499938964844e+02, 3.231499938964844e+02, 3.231499938964844e+02, 3.231499938964844e+02, 3.231499938964844e+02, 3.231499938964844e+02, 3.231499938964844e+02, 3.231499938964844e+02, 3.231499938964844e+02, 3.231499938964844e+02, 3.231499938964844e+02, 3.231499938964844e+02, 3.231499938964844e+02, 3.231499938964844e+02, 3.231499938964844e+02, 3.231499938964844e+02, 3.231499938964844e+02, 3.231499938964844e+02, 3.231499938964844e+02, 3.231499938964844e+02, 3.231499938964844e+02]
hydraulicBus.TFwrdOutMea=[3.031499938964844e+02, 3.031479797363281e+02, 3.031432189941406e+02, 3.031369934082031e+02, 3.031300354003906e+02, 3.031227722167969e+02, 3.031153259277344e+02, 3.031078186035156e+02, 3.031002807617188e+02, 3.030927124023438e+02, 3.030850830078125e+02, 3.030774536132812e+02, 3.0306982421875e+02, 3.030622253417969e+02, 3.030546264648438e+02, 3.030470275878906e+02, 3.030394287109375e+02, 3.030318603515625e+02, 3.030242919921875e+02, 3.030172119140625e+02, 3.030177917480469e+02, 3.030401306152344e+02, 3.030798034667969e+02, 3.0318896484375e+02, 3.035274658203125e+02, 3.042836303710938e+02, 3.055826416015625e+02, 3.0742724609375e+02, 3.09693359375e+02, 3.121689147949219e+02, 3.146159973144531e+02, 3.168319091796875e+02, 3.186873779296875e+02, 3.201350402832031e+02, 3.211945190429688e+02, 3.219264221191406e+02, 3.224064636230469e+02, 3.22707275390625e+02, 3.228885192871094e+02, 3.229943237304688e+02, 3.230545654296875e+02, 3.230883483886719e+02, 3.231072387695312e+02, 3.231178588867188e+02, 3.231239624023438e+02, 3.23127685546875e+02, 3.231300659179688e+02, 3.231317443847656e+02, 3.231329650878906e+02, 3.231339111328125e+02, 3.231347351074219e+02, 3.231354064941406e+02, 3.23135986328125e+02, 3.231365051269531e+02, 3.231369934082031e+02, 3.231374206542969e+02, 3.231378173828125e+02, 3.2313818359375e+02, 3.231385192871094e+02, 3.231388244628906e+02, 3.231390991210938e+02, 3.231393737792969e+02, 3.231396484375e+02, 3.231398620605469e+02, 3.231401062011719e+02, 3.231403198242188e+02, 3.231405029296875e+02, 3.231406860351562e+02, 3.23140869140625e+02, 3.231410522460938e+02, 3.231411743164062e+02, 3.231412963867188e+02, 3.231413879394531e+02, 3.231414489746094e+02, 3.231414794921875e+02, 3.231415100097656e+02, 3.231415405273438e+02, 3.231415710449219e+02, 3.231415710449219e+02, 3.231415710449219e+02, 3.231415710449219e+02, 3.231415710449219e+02, 3.231415710449219e+02, 3.231416015625e+02, 3.231416015625e+02, 3.231416015625e+02, 3.231416015625e+02, 3.231416015625e+02, 3.231416015625e+02, 3.231416015625e+02, 3.231416015625e+02, 3.231416015625e+02, 3.231416015625e+02, 3.231416015625e+02, 3.231416015625e+02, 3.231416015625e+02, 3.231416015625e+02, 3.231416015625e+02, 3.231416015625e+02, 3.231416015625e+02, 3.231416015625e+02]
hydraulicBus.TRtrnInMea=[3.031499938964844e+02, 3.031479797363281e+02, 3.031432189941406e+02, 3.031369934082031e+02, 3.031300354003906e+02, 3.031227722167969e+02, 3.031153259277344e+02, 3.031078186035156e+02, 3.031002807617188e+02, 3.030927124023438e+02, 3.030850830078125e+02, 3.030774536132812e+02, 3.0306982421875e+02, 3.030622253417969e+02, 3.030546264648438e+02, 3.030470275878906e+02, 3.030394287109375e+02, 3.030318603515625e+02, 3.030242919921875e+02, 3.030172119140625e+02, 3.030177917480469e+02, 3.030401306152344e+02, 3.030798034667969e+02, 3.0318896484375e+02, 3.035274658203125e+02, 3.042836303710938e+02, 3.055826416015625e+02, 3.0742724609375e+02, 3.09693359375e+02, 3.121689147949219e+02, 3.146159973144531e+02, 3.168319091796875e+02, 3.186873779296875e+02, 3.201350402832031e+02, 3.211945190429688e+02, 3.219264221191406e+02, 3.224064636230469e+02, 3.22707275390625e+02, 3.228885192871094e+02, 3.229943237304688e+02, 3.230545654296875e+02, 3.230883483886719e+02, 3.231072387695312e+02, 3.231178588867188e+02, 3.231239624023438e+02, 3.23127685546875e+02, 3.231300659179688e+02, 3.231317443847656e+02, 3.231329650878906e+02, 3.231339111328125e+02, 3.231347351074219e+02, 3.231354064941406e+02, 3.23135986328125e+02, 3.231365051269531e+02, 3.231369934082031e+02, 3.231374206542969e+02, 3.231378173828125e+02, 3.2313818359375e+02, 3.231385192871094e+02, 3.231388244628906e+02, 3.231390991210938e+02, 3.231393737792969e+02, 3.231396484375e+02, 3.231398620605469e+02, 3.231401062011719e+02, 3.231403198242188e+02, 3.231405029296875e+02, 3.231406860351562e+02, 3.23140869140625e+02, 3.231410522460938e+02, 3.231411743164062e+02, 3.231412963867188e+02, 3.231413879394531e+02, 3.231414489746094e+02, 3.231414794921875e+02, 3.231415100097656e+02, 3.231415405273438e+02, 3.231415710449219e+02, 3.231415710449219e+02, 3.231415710449219e+02, 3.231415710449219e+02, 3.231415710449219e+02, 3.231415710449219e+02, 3.231416015625e+02, 3.231416015625e+02, 3.231416015625e+02, 3.231416015625e+02, 3.231416015625e+02, 3.231416015625e+02, 3.231416015625e+02, 3.231416015625e+02, 3.231416015625e+02, 3.231416015625e+02, 3.231416015625e+02, 3.231416015625e+02, 3.231416015625e+02, 3.231416015625e+02, 3.231416015625e+02, 3.231416015625e+02, 3.231416015625e+02, 3.231416015625e+02]
hydraulicBus.TRtrnOutMea=[3.031499938964844e+02, 3.031479797363281e+02, 3.031432189941406e+02, 3.031369934082031e+02, 3.031300354003906e+02, 3.031227722167969e+02, 3.031153259277344e+02, 3.031078186035156e+02, 3.031002807617188e+02, 3.030927124023438e+02, 3.030850830078125e+02, 3.030774536132812e+02, 3.030698547363281e+02, 3.030622253417969e+02, 3.030546264648438e+02, 3.030470275878906e+02, 3.030394592285156e+02, 3.030318603515625e+02, 3.030242919921875e+02, 3.030195617675781e+02, 3.030336303710938e+02, 3.030546569824219e+02, 3.030747680664062e+02, 3.030870056152344e+02, 3.031098327636719e+02, 3.031879272460938e+02, 3.033995361328125e+02, 3.038471984863281e+02, 3.046305541992188e+02, 3.058116455078125e+02, 3.073878173828125e+02, 3.092849731445312e+02, 3.11373291015625e+02, 3.134987182617188e+02, 3.155165710449219e+02, 3.173169555664062e+02, 3.188362426757812e+02, 3.200557250976562e+02, 3.209913330078125e+02, 3.216806335449219e+02, 3.221702575683594e+02, 3.225068359375e+02, 3.227314453125e+02, 3.228775939941406e+02, 3.229706115722656e+02, 3.230286254882812e+02, 3.230643005371094e+02, 3.230861511230469e+02, 3.230995483398438e+02, 3.231078796386719e+02, 3.231132507324219e+02, 3.231168212890625e+02, 3.231192932128906e+02, 3.2312109375e+02, 3.231224975585938e+02, 3.231236877441406e+02, 3.231246948242188e+02, 3.231256103515625e+02, 3.231264038085938e+02, 3.231271362304688e+02, 3.231277465820312e+02, 3.231283264160156e+02, 3.231288757324219e+02, 3.231293640136719e+02, 3.231298522949219e+02, 3.231303100585938e+02, 3.231307373046875e+02, 3.231311340332031e+02, 3.231315002441406e+02, 3.231318664550781e+02, 3.231321716308594e+02, 3.231324462890625e+02, 3.231326599121094e+02, 3.231328125e+02, 3.231329345703125e+02, 3.231329956054688e+02, 3.23133056640625e+02, 3.231330871582031e+02, 3.231331176757812e+02, 3.231331481933594e+02, 3.231331481933594e+02, 3.231331481933594e+02, 3.231331787109375e+02, 3.231331787109375e+02, 3.231331787109375e+02, 3.231331787109375e+02, 3.231331787109375e+02, 3.231331787109375e+02, 3.231331787109375e+02, 3.231331787109375e+02, 3.231331787109375e+02, 3.231331787109375e+02, 3.231331787109375e+02, 3.231331787109375e+02, 3.231331787109375e+02, 3.231331787109375e+02, 3.231331787109375e+02, 3.231331787109375e+02, 3.231331787109375e+02, 3.231331787109375e+02, 3.231331787109375e+02]
hydraulicBus.VFlowInMea=[4.065309547329754e-11, 4.065309547329754e-11, 4.065309547329754e-11, 4.065309547329754e-11, 4.065309547329754e-11, 4.065309547329754e-11, 4.065309547329754e-11, 4.065309547329754e-11, 4.065309547329754e-11, 4.065309547329754e-11, 4.065309547329754e-11, 4.065309547329754e-11, 4.065309547329754e-11, 4.065309547329754e-11, 4.065309547329754e-11, 4.065309547329754e-11, 4.065309547329754e-11, 4.065309547329754e-11, 4.065309547329754e-11, 5.685640047659035e-08, 6.807262025176897e-07, 2.623244654387236e-06, 5.875467195437523e-06, 9.521627362119034e-06, 1.306420654145768e-05, 1.6467191017e-05, 1.980411980184726e-05, 2.315682831977028e-05, 2.653426781762391e-05, 2.992361987708136e-05, 3.331607513246126e-05, 3.670551450341009e-05, 4.008762698504142e-05, 4.345936031313613e-05, 4.681857535615563e-05, 5.016377690481022e-05, 5.34936880285386e-05, 5.680718459188938e-05, 6.010331344441511e-05, 6.338123057503253e-05, 6.664016109425575e-05, 6.987940287217498e-05, 7.309828652068973e-05, 7.629618630744517e-05, 7.947251287987456e-05, 8.262669871328399e-05, 8.575819811085239e-05, 8.886649447958916e-05, 9.195109305437654e-05, 9.501153544988483e-05, 9.804736328078434e-05, 1.010581545415334e-04, 1.040435017785057e-04, 1.070030411938205e-04, 1.099364089895971e-04, 1.128432631958276e-04, 1.157233054982498e-04, 1.185762375826016e-04, 1.214017975144088e-04, 1.241997379111126e-04, 1.269698259420693e-04, 1.297118724323809e-04, 1.324256882071495e-04, 1.351111277472228e-04, 1.377680309815332e-04, 1.40396281494759e-04, 1.429957919754088e-04, 1.455664605600759e-04, 1.481082435930148e-04, 1.501658844063058e-04, 1.515113544883206e-04, 1.523939426988363e-04, 1.52973661897704e-04, 1.533548493171111e-04, 1.536055788164958e-04, 1.537706557428464e-04, 1.538795331725851e-04, 1.539513614261523e-04, 1.539986842544749e-04, 1.540298981126398e-04, 1.540505036246032e-04, 1.540640951134264e-04, 1.540730590932071e-04, 1.540789671707898e-04, 1.540828525321558e-04, 1.540853991173208e-04, 1.540870289318264e-04, 1.540881348773837e-04, 1.540888479212299e-04, 1.540893426863477e-04, 1.540897064842284e-04, 1.540899829706177e-04, 1.540901575936005e-04, 1.540902740089223e-04, 1.540903322165832e-04, 1.540903613204136e-04, 1.540903758723289e-04, 1.540903904242441e-04, 1.540903758723289e-04, 1.540903613204136e-04, 1.540903758723289e-04]
hydraulicBus.VFlowOutMea=[4.065309547329754e-11, 4.065309547329754e-11, 4.065309547329754e-11, 4.065309547329754e-11, 4.065309547329754e-11, 4.065309547329754e-11, 4.065309547329754e-11, 4.065309547329754e-11, 4.065309547329754e-11, 4.065309547329754e-11, 4.065309547329754e-11, 4.065309547329754e-11, 4.065309547329754e-11, 4.065309547329754e-11, 4.065309547329754e-11, 4.065309547329754e-11, 4.065309547329754e-11, 4.065309547329754e-11, 4.065309547329754e-11, 5.685640047659035e-08, 6.807262025176897e-07, 2.623244654387236e-06, 5.875467195437523e-06, 9.521627362119034e-06, 1.306420654145768e-05, 1.6467191017e-05, 1.980411980184726e-05, 2.315682831977028e-05, 2.653426781762391e-05, 2.992361987708136e-05, 3.331607513246126e-05, 3.670551450341009e-05, 4.008762698504142e-05, 4.345936031313613e-05, 4.681857535615563e-05, 5.016377690481022e-05, 5.34936880285386e-05, 5.680718459188938e-05, 6.010331344441511e-05, 6.338123057503253e-05, 6.664016109425575e-05, 6.987940287217498e-05, 7.309828652068973e-05, 7.629618630744517e-05, 7.947251287987456e-05, 8.262669871328399e-05, 8.575819811085239e-05, 8.886649447958916e-05, 9.195109305437654e-05, 9.501153544988483e-05, 9.804736328078434e-05, 1.010581545415334e-04, 1.040435017785057e-04, 1.070030411938205e-04, 1.099364089895971e-04, 1.128432631958276e-04, 1.157233054982498e-04, 1.185762375826016e-04, 1.214017975144088e-04, 1.241997379111126e-04, 1.269698259420693e-04, 1.297118724323809e-04, 1.324256882071495e-04, 1.351111277472228e-04, 1.377680309815332e-04, 1.40396281494759e-04, 1.429957919754088e-04, 1.455664605600759e-04, 1.481082435930148e-04, 1.501658844063058e-04, 1.515113544883206e-04, 1.523939426988363e-04, 1.52973661897704e-04, 1.533548493171111e-04, 1.536055788164958e-04, 1.537706557428464e-04, 1.538795331725851e-04, 1.539513614261523e-04, 1.539986842544749e-04, 1.540298981126398e-04, 1.540505036246032e-04, 1.540640951134264e-04, 1.540730590932071e-04, 1.540789671707898e-04, 1.540828525321558e-04, 1.540853991173208e-04, 1.540870289318264e-04, 1.540881348773837e-04, 1.540888479212299e-04, 1.540893426863477e-04, 1.540897064842284e-04, 1.540899829706177e-04, 1.540901575936005e-04, 1.540902740089223e-04, 1.540903322165832e-04, 1.540903613204136e-04, 1.540903758723289e-04, 1.540903904242441e-04, 1.540903758723289e-04, 1.540903613204136e-04, 1.540903758723289e-04]
