last-generated=2017-10-23
statistics-simulation=
{
  "numerical Jacobians": "0", 
  "nonlinear": " ", 
  "number of continuous time states": "2", 
  "linear": " "
}
temSteSta.T=[298.149993896484375, 301.14999377727389173742, 303.149993896484375, 303.149993896484375, 303.149993896484375, 303.149993896484375, 303.149993896484375, 303.149993896484375, 303.149993896484375, 303.149993896484375, 303.149993896484375, 303.149993896484375, 303.149993896484375, 303.149993896484375, 303.149993896484375, 303.149993896484375, 303.149993896484375, 303.149993896484375, 303.149993896484375, 303.149993896484375, 303.149993896484375, 303.149993896484375, 303.149993896484375, 303.149993896484375, 303.149993896484375, 303.149993896484375, 313.149993896484375, 313.149993896484375, 313.149993896484375, 313.149993896484375, 313.149993896484375, 313.149993896484375, 313.149993896484375, 313.149993896484375, 313.149993896484375, 313.149993896484375, 313.149993896484375, 313.149993896484375, 303.149993896484375, 303.149993896484375, 303.149993896484375, 303.149993896484375, 303.149993896484375, 303.149993896484375, 303.149993896484375, 303.149993896484375, 303.149993896484375, 303.149993896484375, 303.149993896484375, 303.149993896484375, 303.149993896484375, 293.149993896484375, 293.149993896484375, 293.149993896484375, 293.149993896484375, 293.149993896484375, 293.149993896484375, 293.149993896484375, 293.149993896484375, 293.149993896484375, 293.149993896484375, 293.149993896484375, 293.149993896484375, 293.149993896484375, 293.149993896484375, 293.149993896484375, 293.149993896484375, 293.149993896484375, 293.149993896484375, 293.149993896484375, 293.149993896484375, 293.149993896484375, 293.149993896484375, 293.149993896484375, 293.149993896484375, 293.149993896484375, 313.149993896484375, 313.149993896484375, 313.149993896484375, 313.149993896484375, 313.149993896484375, 313.149993896484375, 313.149993896484375, 313.149993896484375, 313.149993896484375, 313.149993896484375, 313.149993896484375, 313.149993896484375, 313.149993896484375, 313.149993896484375, 313.149993896484375, 313.149993896484375, 313.149993896484375, 313.149993896484375, 313.149993896484375, 313.149993896484375, 313.149993896484375, 313.149993896484375, 313.149993896484375, 313.149993896484375, 313.149993896484375]
temDynLoss.T=[293.149993896484375, 293.149993896484375, 293.149993896484375, 293.149993896484375, 293.149993896484375, 293.149993896484375, 293.149993896484375, 293.149993896484375, 293.149993896484375, 293.149993896484375, 293.149993896484375, 293.149993896484375, 293.149993896484375, 293.149993896484375, 293.149993896484375, 293.149993896484375, 293.149993896484375, 293.149993896484375, 293.149993896484375, 293.149993896484375, 293.149993896484375, 293.149993896484375, 293.149993896484375, 293.149993896484375, 293.149993896484375, 293.149993896484375, 298.33108229607358907742, 302.16396664225715085195, 305.00003351660984662885, 307.0983897813052294623, 308.650909423828125, 309.79955990184163283629, 310.64944362567320013113, 311.27825994226463990344, 311.74343896672576192941, 312.087646484375, 312.34234604841043392298, 312.53082254222584879244, 312.41220043879343393201, 312.03076147913014892765, 311.6568603515625, 311.29031395188292208331, 310.93100020909986369588, 310.57882646172771501369, 310.23358132614674786964, 309.895233154296875, 309.56356832439246318245, 309.23843424805772883701, 308.91979940441564167486, 308.60748271399779696367, 308.3013916015625, 304.36041481050199308811, 301.44470542317759509388, 299.28713761104779678135, 297.69076896675727539332, 296.5096435546875, 295.63580137441130091247, 294.98922802116589991783, 294.51083323459931762045, 294.15695269939533318393, 293.8951416015625, 293.7013545706961963333, 293.5579530419020102272, 293.45187366695506625547, 293.37335222734043327364, 293.315277099609375, 293.27227774122940218149, 293.2404785513260208063, 293.21694943805511002211, 293.19955448216359172875, 293.1866455078125, 293.17712400325928001621, 293.17010498842387278273, 293.16491698656068365381, 293.16104126830254017477, 293.15814208984375, 298.337138636485576626, 302.16842221034119120304, 305.00332941373687845044, 307.10082536651674445238, 308.652740478515625, 309.80090574868052044621, 310.65045070593015452687, 311.27899236376214275879, 311.74398699249979927117, 312.088043212890625, 312.34265190579003501625, 312.53103616526937003073, 312.67041030371069609828, 312.77355933865129600235, 312.849884033203125, 312.90634167225135797707, 312.94812007023290334473, 312.97903445661870591721, 313.00192255620032710794, 313.01885986328125, 313.03137209669938556544, 313.04061888620094578073, 313.04745484116335774161, 313.05252074069989021154, 313.0562744140625]
temDyn.T=[293.149993896484375, 293.149993896484375, 293.149993896484375, 293.149993896484375, 293.149993896484375, 293.149993896484375, 293.149993896484375, 293.149993896484375, 293.149993896484375, 293.149993896484375, 293.149993896484375, 293.149993896484375, 293.149993896484375, 293.149993896484375, 293.149993896484375, 293.149993896484375, 293.149993896484375, 293.149993896484375, 293.149993896484375, 293.149993896484375, 293.149993896484375, 293.149993896484375, 293.149993896484375, 293.149993896484375, 293.149993896484375, 293.149993896484375, 298.33416456816581785461, 302.1740984681053987515, 305.01895442668882196813, 307.12646595890396383766, 308.687713623046875, 309.84423763146304509064, 310.70101832436137101467, 311.33572454866481393765, 311.80587793438286325909, 312.154205322265625, 312.41226181785754079101, 312.6034238574808341582, 312.6795654296875, 312.6795654296875, 312.6795654296875, 312.6795654296875, 312.6795654296875, 312.6795654296875, 312.6795654296875, 312.6795654296875, 312.6795654296875, 312.6795654296875, 312.6795654296875, 312.6795654296875, 312.6795654296875, 307.61786173033709701485, 303.86832086381969020294, 301.09026805604537457839, 299.03220067038478191535, 297.50762939453125, 296.37820195536323808483, 295.54153536389020473507, 294.92172175610318163308, 294.46261699860104954496, 294.122528076171875, 293.87051338245760234713, 293.68377706540627514187, 293.545471044915643688, 293.44299339417153760223, 293.3670654296875, 293.31082141407415520007, 293.26913456843897165527, 293.23828121720941908279, 293.21539311801586791262, 293.198455810546875, 293.18591305916260125741, 293.17663575247092921927, 293.1697692797363288264, 293.1646423456256229656, 293.16082763671875, 298.34220456803581100758, 302.1800493980995270249, 305.0233794738185792994, 307.12972549049464987547, 308.69012451171875, 309.84604126496537901403, 310.70236109817165015556, 311.33673162817154889126, 311.80660905155906448272, 312.15472412109375, 312.41265923738160381617, 312.60372903325867355306, 312.74530044275780937824, 312.85015845586463001382, 312.9278564453125, 312.98544323707960757019, 313.02807612395025671503, 313.05966189880109595833, 313.08306879527054888968, 313.100433349609375, 313.11328127716296876315, 313.12277220612537576017, 313.1297912671386711736, 313.1350097539837520344, 313.138885498046875]
masFloRat.T=[293.149993896484375, 293.149993896484375]
time=[0., 60.]
masFloRat.ports[1].m_flow=[0., 0., 0., 0., 0., 0., 0., 0., 0., 0., 0., 0., 0., 0., 0., 0., 0., 0., 0., 0., 0., 0., 0., 0., 0., -0., -1., -1., -1., -1., -1., -1., -1., -1., -1., -1., -1., -1., 0., 0., 0., 0., 0., 0., 0., 0., 0., 0., 0., 0., 0., 1., 1., 1., 1., 1., 1., 1., 1., 1., 1., 1., 1., 1., 1., 1., 1., 1., 1., 1., 1., 1., 1., 1., 1., 1., -1., -1., -1., -1., -1., -1., -1., -1., -1., -1., -1., -1., -1., -1., -1., -1., -1., -1., -1., -1., -1., -1., -1., -1., -1.]
senRelTem.T_rel=[5., 5.]
