last-generated=2021-05-06
statistics-initialization=
{
  "nonlinear": "0, 0, 1, 1, 6, 1, 1",
  "numerical Jacobians": "0"
}
statistics-simulation=
{
  "linear": "24",
  "nonlinear": "0, 0, 1, 1, 6, 1, 1",
  "number of continuous time states": "74",
  "numerical Jacobians": "0"
}
time=[0e+00, 1e+03]
pmpNorth.m_flow=[0e+00, 3.940237283706665e+00, 5.781059265136719e+00, 5.808436393737793e+00, 5.689287662506104e+00, 5.604490756988525e+00, 5.557560920715332e+00, 5.541074752807617e+00, 5.548578262329102e+00, 5.573080539703369e+00, 5.60833740234375e+00, 5.647341251373291e+00, 5.682881832122803e+00, 5.723257541656494e+00, 5.763827800750732e+00, 5.801682472229004e+00, 5.835650444030762e+00, 5.865682125091553e+00, 5.892092704772949e+00, 5.915132522583008e+00, 5.935088634490967e+00, 5.952206611633301e+00, 5.966692447662354e+00, 5.978714466094971e+00, 5.988407135009766e+00, 5.995871543884277e+00, 6.00118350982666e+00, 6.391913414001465e+00, 6.80839729309082e+00, 6.981548309326172e+00, 7.000471115112305e+00, 6.957560062408447e+00, 6.904165267944336e+00, 6.857445240020752e+00, 6.818737983703613e+00, 6.784758567810059e+00, 6.75256872177124e+00, 6.716224670410156e+00, 6.678695201873779e+00, 6.640986919403076e+00, 6.599302768707275e+00, 6.552218914031982e+00, 6.498973369598389e+00, 6.439035892486572e+00, 6.371923923492432e+00, 6.297018527984619e+00, 6.213574409484863e+00, 6.120820045471191e+00, 6.017922401428223e+00, 5.903998374938965e+00, 5.77812671661377e+00, 4.468206405639648e+00, 1.749451279640198e+00, 5.347886681556702e-01, 1.022178158164024e-01, 9.965538047254086e-03, 8.254759595729411e-04, 6.657479389104992e-05, 1.233033981407061e-05, 3.888369235482969e-07, 3.142241382647626e-07, 2.214261130006889e-08, -1.492187173823822e-08, 8.748946456194062e-09, 2.456485903579164e-09, -4.194251612688049e-10, -6.625895387912806e-10, -1.453842463083888e-10, 1.823018402902221e-10, 8.200750495346298e-11, 1.190374621790058e-11, -5.399921829130072e-12, -4.847711208150196e-12, -1.574270553326984e-12, 1.005604494531791e-13, 3.153615335451526e-13, 7.421076557087569e-14, 2.890804440849838e-15, 1.696577611895006e-16, 2.075813552232641e-17, 3.223497618110466e-18, 1.053095425164988e-18, 1.166448094556798e-19, 1.387230096371503e-19, -2.421518736667137e-20, 3.86753723771938e-20, 7.51417451960741e-22, 2.323182794588494e-21, 1.535095856578813e-21, -6.465267194702102e-22, -5.356188336736921e-22, 7.211734083787812e-22, 4.018017456137338e-22, 4.632091838983723e-23, -1.814845951704514e-22, -2.477055301701165e-22, -1.622284373651341e-22, 1.544089199064469e-23, 1.766402319059254e-22, 1.686467485295316e-22, 1.991943994303619e-23]
pmpSouth.m_flow=[0e+00, 3.54557728767395e+00, 5.229458332061768e+00, 5.277016639709473e+00, 5.183005332946777e+00, 5.114405155181885e+00, 5.076554775238037e+00, 5.063834190368652e+00, 5.071077346801758e+00, 5.092538833618164e+00, 5.123032093048096e+00, 5.156118869781494e+00, 5.18720006942749e+00, 5.222466945648193e+00, 5.257678031921387e+00, 5.290535449981689e+00, 5.32011604309082e+00, 5.346380710601807e+00, 5.369577884674072e+00, 5.389894962310791e+00, 5.407557964324951e+00, 5.422760009765625e+00, 5.435662746429443e+00, 5.446399211883545e+00, 5.455073356628418e+00, 5.461763858795166e+00, 5.466531276702881e+00, 5.77899169921875e+00, 6.106664180755615e+00, 6.244167327880859e+00, 6.263290405273438e+00, 6.233734130859375e+00, 6.194437026977539e+00, 6.158896446228027e+00, 6.128529071807861e+00, 6.101089954376221e+00, 6.074480533599854e+00, 6.043420314788818e+00, 6.012546062469482e+00, 5.980756282806396e+00, 5.945414066314697e+00, 5.905575752258301e+00, 5.860710144042969e+00, 5.81043004989624e+00, 5.754369258880615e+00, 5.692054271697998e+00, 5.622910976409912e+00, 5.546338081359863e+00, 5.461675643920898e+00, 5.368204116821289e+00, 5.265147686004639e+00, 4.081796646118164e+00, 1.59917163848877e+00, 4.922837018966675e-01, 9.013655036687851e-02, 8.805618621408939e-03, 7.311163353733718e-04, 5.915429210290313e-05, 1.100217559724115e-05, 3.487984940875322e-07, 2.836975454556523e-07, 2.014493105662041e-08, -1.369510282955844e-08, 8.108021809505317e-09, 2.300278634237429e-09, -3.969601591879979e-10, -6.337033120473734e-10, -1.404204946764409e-10, 1.776328945046757e-10, 8.050592831265746e-11, 1.175608655562543e-11, -5.357195156235894e-12, -4.824889186100245e-12, -1.570207072004726e-12, 1.004311583441102e-13, 3.151799296812613e-13, 7.4193208271945e-14, 2.890509673384193e-15, 1.69646432123831e-16, 2.075621811766651e-17, 3.222828635790064e-18, 1.052561376682009e-18, 1.165108061964463e-19, 1.383981086021759e-19, -2.411027598495778e-20, 3.839029879624417e-20, 7.426439555430391e-22, 2.282792308447611e-21, 1.497462470856114e-21, -6.252355024778144e-22, -5.129340718041181e-22, 6.834001229077066e-22, 3.766649263716942e-22, 4.29643404816708e-23, -1.666478254827995e-22, -2.253807917959109e-22, -1.464185541083505e-22, 1.384047149651584e-23, 1.574093807584476e-22, 1.495715743485337e-22, 1.760812008922751e-23]
