last-generated=2020-09-28
statistics-initialization=
{
  "linear": "3"
}
statistics-simulation=
{
  "linear": "0, 2, 0",
  "nonlinear": " ",
  "number of continuous time states": "3",
  "numerical Jacobians": "0"
}
time=[0e+00, 3.1536e+07]
thermalZoneOneElement.TAir=[2.951499938964844e+02, 3.013310363769531e+02, 2.876994079589844e+02, 2.898210693359375e+02, 3.033331115722656e+02, 2.901583251953125e+02, 2.925298156738281e+02, 3.029423950195313e+02, 2.889955688476563e+02, 2.921207458496094e+02, 3.084252624511719e+02, 2.909871704101562e+02, 2.946816772460937e+02, 3.142949523925781e+02, 2.934217651367188e+02, 2.978748168945312e+02, 3.101796630859375e+02, 2.971366455078125e+02, 3.12748486328125e+02, 3.156787353515625e+02, 3.012153930664062e+02, 3.135450866699219e+02, 3.032748657226563e+02, 2.9629873046875e+02, 3.195602294921875e+02, 3.048453979492188e+02, 3.002519165039063e+02, 3.157275085449219e+02, 3.012513061523438e+02, 3.017506896972656e+02, 3.259085388183594e+02, 3.000728332519531e+02, 3.05930078125e+02, 3.380384155273438e+02, 3.045187316894531e+02, 3.107921752929688e+02, 3.438305725097656e+02, 3.026281799316406e+02, 3.201220336914063e+02, 3.457034606933594e+02, 3.055755615234375e+02, 3.216180236816406e+02, 3.3586494140625e+02, 3.102724792480469e+02, 3.288232421875e+02, 3.162132568359375e+02, 3.028194091796875e+02, 3.199073547363281e+02, 3.039644775390625e+02, 3.085760192871094e+02, 3.312200317382812e+02, 3.051431335449219e+02, 3.105429138183594e+02, 3.377335815429688e+02, 3.051130554199219e+02, 3.106018371582031e+02, 3.434805786132812e+02, 3.067537353515625e+02, 3.210002685546875e+02, 3.460157104492188e+02, 3.0834423828125e+02, 3.271879150390625e+02, 3.067015625e+02, 3.054073486328125e+02, 3.234802734375e+02, 3.012614440917969e+02, 3.045463317871094e+02, 3.237331604003906e+02, 3.015510192871094e+02, 3.064771301269531e+02, 3.21658447265625e+02, 3.037923828125e+02, 3.032380737304687e+02, 3.299239562988281e+02, 2.990213073730469e+02, 3.009205017089844e+02, 3.349429504394531e+02, 2.989917541503906e+02, 3.116461486816406e+02, 3.303560485839844e+02, 3.005632934570312e+02, 3.1143974609375e+02, 3.004350952148437e+02, 2.968429992675781e+02, 3.120734924316406e+02, 2.924378051757812e+02, 2.938720703125e+02, 3.116658020019531e+02, 2.931701232910156e+02, 2.969507507324219e+02, 3.093134155273438e+02, 2.916508056640625e+02, 2.933488525390625e+02, 3.033163452148438e+02, 2.889228637695313e+02, 2.914085083007812e+02, 3.004606384277344e+02, 2.896430541992187e+02, 2.995435180664062e+02, 2.97693603515625e+02, 2.912433471679688e+02]
