last-generated=2024-07-19
statistics-simulation=
{
  "linear": "0, 0, 0, 0, 0, 0, 0, 0, 0, 0, 0, 0, 0, 0, 0, 0, 0, 0, 0, 0, 0, 0, 0, 0, 0, 0, 0,   0, 0, 0, 0, 0, 0, 0, 0, 0",
  "nonlinear": "1, 1, 1, 1, 1, 1, 1, 1",
  "number of continuous time states": "66",
  "numerical Jacobians": "0"
}
time=[0e+00, 8.64e+04]
bufferStorage.heatingCoil1.Therm1[4].Q_flow=[0e+00, 5.342201538085938e+02, 5.363359985351562e+02, 5.322890625e+02, 5.66842529296875e+02, 6.732158203125e+02, 8.4226513671875e+02, 1.039671752929688e+03, 1.229322509765625e+03, 1.387994995117188e+03, 1.507465209960938e+03, 1.590236206054688e+03, 1.643881591796875e+03, 1.676804809570312e+03, 1.69627734375e+03, 1.707440185546875e+03, 1.713860473632812e+03, 1.717607543945312e+03, 1.719876586914062e+03, 1.721361938476562e+03, 1.722380249023438e+03, 1.723132690429688e+03, 1.723697387695312e+03, 1.7241435546875e+03, 1.72448828125e+03, 1.724765869140625e+03, 1.724989868164062e+03, 1.725172607421875e+03, 1.725323974609375e+03, 1.725450927734375e+03, 1.725559204101562e+03, 1.725653442382812e+03, 1.725736694335938e+03, 1.725811157226562e+03, 1.72587890625e+03, 1.725942504882812e+03, 1.726e+03, 1.72605419921875e+03, 1.726105590820312e+03, 1.726154296875e+03, 1.726201538085938e+03, 1.726247802734375e+03, 1.72628955078125e+03, 1.726331298828125e+03, 1.726370849609375e+03, 1.726409790039062e+03, 1.726447631835938e+03, 1.726484008789062e+03, 1.726519775390625e+03, 1.726554321289062e+03, 1.726587890625e+03, 1.726620483398438e+03, 1.726652221679688e+03, 1.726682983398438e+03, 1.726712768554688e+03, 1.726741943359375e+03, 1.726770263671875e+03, 1.7267978515625e+03, 1.726824584960938e+03, 1.726850463867188e+03, 1.726875610351562e+03, 1.726900268554688e+03, 1.726924194335938e+03, 1.726947387695312e+03, 1.726970092773438e+03, 1.726991943359375e+03, 1.727013305664062e+03, 1.727034057617188e+03, 1.727054321289062e+03, 1.727074096679688e+03, 1.72709326171875e+03, 1.72711181640625e+03, 1.7271298828125e+03, 1.7271474609375e+03, 1.727164672851562e+03, 1.727181274414062e+03, 1.727197387695312e+03, 1.727213134765625e+03, 1.727228393554688e+03, 1.727243408203125e+03, 1.7272578125e+03, 1.72727197265625e+03, 1.72728564453125e+03, 1.727298950195312e+03, 1.727311889648438e+03, 1.727324584960938e+03, 1.7273369140625e+03, 1.727348754882812e+03, 1.727360473632812e+03, 1.727371704101562e+03, 1.727382690429688e+03, 1.727393432617188e+03, 1.72740380859375e+03, 1.727413940429688e+03, 1.727423706054688e+03, 1.727433227539062e+03, 1.727442504882812e+03, 1.727451538085938e+03, 1.727460327148438e+03, 1.727468872070312e+03, 1.727477172851562e+03]
bufferStorage.layer[4].T=[3.181499938964844e+02, 3.121366271972656e+02, 3.111961669921875e+02, 3.10662353515625e+02, 3.107546081542969e+02, 3.119342651367188e+02, 3.141863403320312e+02, 3.171283264160156e+02, 3.202753601074219e+02, 3.23240234375e+02, 3.258028564453125e+02, 3.278896789550781e+02, 3.29521728515625e+02, 3.307649841308594e+02, 3.316976623535156e+02, 3.323914184570312e+02, 3.329061584472656e+02, 3.332882690429688e+02, 3.335725708007812e+02, 3.337846984863281e+02, 3.339432678222656e+02, 3.340621948242188e+02, 3.341514892578125e+02, 3.3421875e+02, 3.342694702148438e+02, 3.343078308105469e+02, 3.343369445800781e+02, 3.343591003417969e+02, 3.343760986328125e+02, 3.3438916015625e+02, 3.343992919921875e+02, 3.344072265625e+02, 3.344134826660156e+02, 3.344184875488281e+02, 3.344225769042969e+02, 3.344259338378906e+02, 3.344287414550781e+02, 3.3443115234375e+02, 3.344332275390625e+02, 3.3443505859375e+02, 3.344367065429688e+02, 3.344382019042969e+02, 3.344395751953125e+02, 3.344408569335938e+02, 3.344420471191406e+02, 3.344431457519531e+02, 3.344442138671875e+02, 3.344452514648438e+02, 3.344462280273438e+02, 3.344471740722656e+02, 3.344480895996094e+02, 3.344489440917969e+02, 3.344497985839844e+02, 3.344506225585938e+02, 3.344514465332031e+02, 3.344522094726562e+02, 3.344529724121094e+02, 3.344537048339844e+02, 3.344544067382812e+02, 3.344551086425781e+02, 3.344557800292969e+02, 3.344564208984375e+02, 3.344570617675781e+02, 3.344576721191406e+02, 3.344582824707031e+02, 3.344588623046875e+02, 3.344594116210938e+02, 3.344599609375e+02, 3.344605102539062e+02, 3.344610290527344e+02, 3.344615478515625e+02, 3.344620361328125e+02, 3.344625244140625e+02, 3.344629821777344e+02, 3.344634399414062e+02, 3.344638671875e+02, 3.344642944335938e+02, 3.344647216796875e+02, 3.344651184082031e+02, 3.344655151367188e+02, 3.344659118652344e+02, 3.344662780761719e+02, 3.344666442871094e+02, 3.344669799804688e+02, 3.344673461914062e+02, 3.344676818847656e+02, 3.344679870605469e+02, 3.344683227539062e+02, 3.344686279296875e+02, 3.344689331054688e+02, 3.344692077636719e+02, 3.344695129394531e+02, 3.344697875976562e+02, 3.344700317382812e+02, 3.344703063964844e+02, 3.344705505371094e+02, 3.344707946777344e+02, 3.344710388183594e+02, 3.344712829589844e+02, 3.344714965820312e+02, 3.344717102050781e+02]
bufferStorage.portHC1In.p=[1.155022890625e+05, 1.155022890625e+05]
bufferStorage.portHC1Out.p=[1.01325e+05, 1.01325e+05]
