last-generated=2021-05-07
statistics-initialization=
{
  "nonlinear": "1",
  "numerical Jacobians": "0"
}
statistics-simulation=
{
  "linear": " ",
  "nonlinear": "0",
  "number of continuous time states": "6",
  "numerical Jacobians": "0"
}
time=[0e+00, 6e+02]
rampValvePosition.y=[5e-01, 5e-01, 5e-01, 5e-01, 5e-01, 5e-01, 5e-01, 5e-01, 5e-01, 5e-01, 5e-01, 5e-01, 5e-01, 5e-01, 5e-01, 5e-01, 5e-01, 5e-01, 5e-01, 5e-01, 5e-01, 4.760000109672546e-01, 4.519999921321869e-01, 4.280000030994415e-01, 4.040000140666962e-01, 3.799999952316284e-01, 3.560000061988831e-01, 3.319999873638153e-01, 3.079999983310698e-01, 2.840000092983246e-01, 2.599999904632568e-01, 2.360000014305115e-01, 2.119999974966049e-01, 1.879999935626984e-01, 1.640000045299529e-01, 1.400000005960464e-01, 1.159999966621399e-01, 9.200000017881393e-02, 6.800000369548798e-02, 4.399999976158142e-02, 1.999999955296516e-02, 1.999999955296516e-02, 1.999999955296516e-02, 1.999999955296516e-02, 1.999999955296516e-02, 1.999999955296516e-02, 1.999999955296516e-02, 1.999999955296516e-02, 1.999999955296516e-02, 1.999999955296516e-02, 1.999999955296516e-02, 1.999999955296516e-02, 1.999999955296516e-02, 1.999999955296516e-02, 1.999999955296516e-02, 1.999999955296516e-02, 1.999999955296516e-02, 1.999999955296516e-02, 1.999999955296516e-02, 1.999999955296516e-02, 1.999999955296516e-02, 1.999999955296516e-02, 1.999999955296516e-02, 1.999999955296516e-02, 1.999999955296516e-02, 1.999999955296516e-02, 1.999999955296516e-02, 1.999999955296516e-02, 1.999999955296516e-02, 1.999999955296516e-02, 1.999999955296516e-02, 1.999999955296516e-02, 1.999999955296516e-02, 1.999999955296516e-02, 1.999999955296516e-02, 1.999999955296516e-02, 1.999999955296516e-02, 1.999999955296516e-02, 1.999999955296516e-02, 1.999999955296516e-02, 1.999999955296516e-02, 1.999999955296516e-02, 1.999999955296516e-02, 1.999999955296516e-02, 1.999999955296516e-02, 1.999999955296516e-02, 1.999999955296516e-02, 1.999999955296516e-02, 1.999999955296516e-02, 1.999999955296516e-02, 1.999999955296516e-02, 1.999999955296516e-02, 1.999999955296516e-02, 1.999999955296516e-02, 1.999999955296516e-02, 1.999999955296516e-02, 1.999999955296516e-02, 1.999999955296516e-02, 1.999999955296516e-02, 1.999999955296516e-02, 1.999999955296516e-02]
pump.pumpBus.rpmMea=[3.64e+03, 3.103946044921875e+03, 3.10146826171875e+03, 3.099147705078125e+03, 3.097147216796875e+03, 3.095533935546875e+03, 3.094296875e+03, 3.0933828125e+03, 3.09272509765625e+03, 3.0922607421875e+03, 3.09193701171875e+03, 3.09171337890625e+03, 3.091559814453125e+03, 3.091454833984375e+03, 3.09138330078125e+03, 3.091334716796875e+03, 3.091301513671875e+03, 3.091279052734375e+03, 3.091263916015625e+03, 3.091253662109375e+03, 3.09124658203125e+03, 3.09118896484375e+03, 3.0909384765625e+03, 3.09042431640625e+03, 3.09e+03, 3.09e+03, 3.09e+03, 3.09e+03, 3.09e+03, 3.09e+03, 3.09e+03, 3.0907998046875e+03, 3.094452392578125e+03, 3.098760986328125e+03, 3.10385302734375e+03, 3.106601318359375e+03, 3.10976513671875e+03, 3.120124267578125e+03, 3.13955322265625e+03, 3.17464013671875e+03, 3.21367529296875e+03, 3.2870419921875e+03, 3.391738037109375e+03, 3.471306884765625e+03, 3.598864013671875e+03, 3.68046044921875e+03, 3.780370849609375e+03, 3.8755400390625e+03, 3.974407958984375e+03, 4.05217578125e+03, 4.069482666015625e+03, 4.0350126953125e+03, 4.00115380859375e+03, 3.96799072265625e+03, 3.93557666015625e+03, 3.9039404296875e+03, 3.87309375e+03, 3.84303662109375e+03, 3.813761474609375e+03, 3.785255126953125e+03, 3.75750048828125e+03, 3.7304794921875e+03, 3.704171630859375e+03, 3.678556884765625e+03, 3.6536142578125e+03, 3.6293232421875e+03, 3.605663818359375e+03, 3.582615966796875e+03, 3.560160888671875e+03, 3.538280029296875e+03, 3.51695556640625e+03, 3.496169921875e+03, 3.47590673828125e+03, 3.456150146484375e+03, 3.43688427734375e+03, 3.4180947265625e+03, 3.39976708984375e+03, 3.381887451171875e+03, 3.3644423828125e+03, 3.347419677734375e+03, 3.330806640625e+03, 3.31459130859375e+03, 3.298762451171875e+03, 3.283308837890625e+03, 0e+00, 0e+00, 0e+00, 0e+00, 0e+00, 0e+00, 0e+00, 0e+00, 0e+00, 0e+00, 0e+00, 0e+00, 0e+00, 0e+00, 0e+00, 0e+00, 0e+00]
pump.pumpBus.rpmSet=[3.64e+03, 3.629184814453125e+03, 3.691902099609375e+03, 3.75353173828125e+03, 3.814255126953125e+03, 3.8742705078125e+03, 3.9337578125e+03, 3.99286376953125e+03, 4.051699462890625e+03, 4.11034716796875e+03, 4.168865234375e+03, 4.22729345703125e+03, 4.25e+03, 4.25e+03, 4.25e+03, 4.25e+03, 4.25e+03, 4.25e+03, 4.25e+03, 4.25e+03, 4.25e+03, 4.25e+03, 4.25e+03, 4.25e+03, 4.25e+03, 4.25e+03, 4.25e+03, 4.25e+03, 4.25e+03, 4.25e+03, 4.25e+03, 4.25e+03, 4.25e+03, 4.25e+03, 4.25e+03, 4.25e+03, 4.25e+03, 4.25e+03, 4.25e+03, 4.25e+03, 4.25e+03, 4.25e+03, 4.25e+03, 4.24784521484375e+03, 4.23615673828125e+03, 4.2192119140625e+03, 4.19717333984375e+03, 4.17068701171875e+03, 4.13968212890625e+03, 4.10541162109375e+03, 4.069482666015625e+03, 4.0350126953125e+03, 4.00115380859375e+03, 3.96799072265625e+03, 3.93557666015625e+03, 3.9039404296875e+03, 3.87309375e+03, 3.84303662109375e+03, 3.813761474609375e+03, 3.785255126953125e+03, 3.75750048828125e+03, 3.7304794921875e+03, 3.704171630859375e+03, 3.678556884765625e+03, 3.6536142578125e+03, 3.6293232421875e+03, 3.605663818359375e+03, 3.582615966796875e+03, 3.560160888671875e+03, 3.538280029296875e+03, 3.51695556640625e+03, 3.496169921875e+03, 3.47590673828125e+03, 3.456150146484375e+03, 3.43688427734375e+03, 3.4180947265625e+03, 3.39976708984375e+03, 3.381887451171875e+03, 3.3644423828125e+03, 3.347419677734375e+03, 3.330806640625e+03, 3.31459130859375e+03, 3.298762451171875e+03, 3.283308837890625e+03, 0e+00, 0e+00, 0e+00, 0e+00, 0e+00, 0e+00, 0e+00, 0e+00, 0e+00, 0e+00, 0e+00, 0e+00, 0e+00, 0e+00, 0e+00, 0e+00, 0e+00]
pump.pumpBus.onSet=[1e+00, 1e+00, 1e+00, 1e+00, 1e+00, 1e+00, 1e+00, 1e+00, 1e+00, 1e+00, 1e+00, 1e+00, 1e+00, 1e+00, 1e+00, 1e+00, 1e+00, 1e+00, 1e+00, 1e+00, 1e+00, 1e+00, 1e+00, 1e+00, 1e+00, 1e+00, 1e+00, 1e+00, 1e+00, 1e+00, 1e+00, 1e+00, 1e+00, 1e+00, 1e+00, 1e+00, 1e+00, 1e+00, 1e+00, 1e+00, 1e+00, 1e+00, 1e+00, 1e+00, 1e+00, 1e+00, 1e+00, 1e+00, 1e+00, 1e+00, 1e+00, 1e+00, 1e+00, 1e+00, 1e+00, 1e+00, 1e+00, 1e+00, 1e+00, 1e+00, 1e+00, 1e+00, 1e+00, 1e+00, 1e+00, 1e+00, 1e+00, 1e+00, 1e+00, 1e+00, 1e+00, 1e+00, 1e+00, 1e+00, 1e+00, 1e+00, 1e+00, 1e+00, 1e+00, 1e+00, 1e+00, 1e+00, 1e+00, 1e+00, 0e+00, 0e+00, 0e+00, 0e+00, 0e+00, 0e+00, 0e+00, 0e+00, 0e+00, 0e+00, 0e+00, 0e+00, 0e+00, 0e+00, 0e+00, 0e+00, 0e+00]
