last-generated=2019-05-24
statistics-simulation=
{
  "linear": " ",
  "nonlinear": " ",
  "number of continuous time states": "6",
  "numerical Jacobians": "0"
}
temperatureSensor_before.T=[3.131499938964844e+02, 3.131499938964844e+02]
temperatureSensor_after.T=[2.931499938964844e+02, 3.226401977539062e+02, 3.2314013671875e+02, 3.237752380371094e+02, 3.24470947265625e+02, 3.251934204101562e+02, 3.259277954101562e+02, 3.266673889160156e+02, 3.274092712402344e+02, 3.281522216796875e+02, 3.288955993652344e+02, 3.296391906738281e+02, 3.303828430175781e+02, 3.311265563964844e+02, 3.318703002929688e+02, 3.32614013671875e+02, 3.333577575683594e+02, 3.341015014648438e+02, 3.348452453613281e+02, 3.355889892578125e+02, 3.363327331542969e+02, 3.370764770507812e+02, 3.378202209472656e+02, 3.3856396484375e+02, 3.393077087402344e+02, 3.400514526367188e+02, 3.261876525878906e+02, 3.18915283203125e+02, 3.156993713378906e+02, 3.142773132324219e+02, 3.136484985351562e+02, 3.133704223632812e+02, 3.132474670410156e+02, 3.13193115234375e+02, 3.131690673828125e+02, 3.131584167480469e+02, 3.131537170410156e+02, 3.131516418457031e+02, 3.131507263183594e+02, 3.131503295898438e+02, 3.13150146484375e+02, 3.131500549316406e+02, 3.131500244140625e+02, 3.131500244140625e+02, 3.131499938964844e+02, 3.131499938964844e+02, 3.131499938964844e+02, 3.131499938964844e+02, 3.131499938964844e+02, 3.131499938964844e+02, 3.131499938964844e+02, 3.371703491210938e+02, 3.497005310058594e+02, 3.552413635253906e+02, 3.576915283203125e+02, 3.587749938964844e+02, 3.592540893554688e+02, 3.594659118652344e+02, 3.595596008300781e+02, 3.596010437011719e+02, 3.59619384765625e+02, 3.596274719238281e+02, 3.596310424804688e+02, 3.596326293945312e+02, 3.596333312988281e+02, 3.596336364746094e+02, 3.596337890625e+02, 3.596338500976562e+02, 3.596338806152344e+02, 3.596338806152344e+02, 3.596338806152344e+02, 3.596339111328125e+02, 3.596339111328125e+02, 3.596338806152344e+02, 3.596339111328125e+02, 3.596339111328125e+02, 3.356135559082031e+02, 3.230834045410156e+02, 3.175425109863281e+02, 3.150923461914062e+02, 3.140089111328125e+02, 3.135298156738281e+02, 3.133179321289062e+02, 3.132242736816406e+02, 3.131828308105469e+02, 3.131645202636719e+02, 3.131564331054688e+02, 3.1315283203125e+02, 3.131512451171875e+02, 3.131505432128906e+02, 3.131502380371094e+02, 3.131501159667969e+02, 3.131500549316406e+02, 3.131500244140625e+02, 3.131500244140625e+02, 3.131499938964844e+02, 3.131499938964844e+02, 3.131499938964844e+02, 3.131499938964844e+02, 3.131499938964844e+02, 3.131499938964844e+02]
time=[0e+00, 7.2e+04]
cHP_PT1_1.Energy[3]=[0e+00, 1.784445625e+06, 3.70568975e+06, 5.765174e+06, 7.962898e+06, 1.0298862e+07, 1.2773066e+07, 1.5385511e+07, 1.8136194e+07, 2.1025118e+07, 2.4052284e+07, 2.7217688e+07, 3.0521332e+07, 3.3963216e+07, 3.754334000000001e+07, 4.1261704e+07, 4.5118308e+07, 4.9113152e+07, 5.3246236e+07, 5.751756e+07, 6.1927124e+07, 6.6474928e+07, 7.1160976e+07, 7.5985256e+07, 8.0947784e+07, 8.6048544e+07, 8.6048544e+07, 8.6048544e+07, 8.6048544e+07, 8.6048544e+07, 8.6048544e+07, 8.6048544e+07, 8.6048544e+07, 8.6048544e+07, 8.6048544e+07, 8.6048544e+07, 8.6048544e+07, 8.6048544e+07, 8.6048544e+07, 8.6048544e+07, 8.6048544e+07, 8.6048544e+07, 8.6048544e+07, 8.6048544e+07, 8.6048544e+07, 8.6048544e+07, 8.6048544e+07, 8.6048544e+07, 8.6048544e+07, 8.6048544e+07, 8.6048544e+07, 9.3806352e+07, 1.02446304e+08, 1.11086304e+08, 1.19726304e+08, 1.28366304e+08, 1.370063040000001e+08, 1.45646304e+08, 1.54286304e+08, 1.62926304e+08, 1.71566304e+08, 1.80206304e+08, 1.88846304e+08, 1.97486304e+08, 2.06126304e+08, 2.14766304e+08, 2.23406304e+08, 2.32046304e+08, 2.40686304e+08, 2.493263039999999e+08, 2.57966304e+08, 2.66606304e+08, 2.75246304e+08, 2.83886304e+08, 2.92526304e+08, 3.01166304e+08, 3.01166304e+08, 3.01166304e+08, 3.01166304e+08, 3.01166304e+08, 3.01166304e+08, 3.01166304e+08, 3.01166304e+08, 3.01166304e+08, 3.01166304e+08, 3.01166304e+08, 3.01166304e+08, 3.01166304e+08, 3.01166304e+08, 3.01166304e+08, 3.01166304e+08, 3.01166304e+08, 3.01166304e+08, 3.01166304e+08, 3.01166304e+08, 3.01166304e+08, 3.01166304e+08, 3.01166304e+08, 3.01166304e+08, 3.01166304e+08, 3.01166304e+08]
cHP_PT1_1.Energy[2]=[0e+00, 1.133284875e+06, 2.31443775e+06, 3.566879e+06, 4.9009665e+06, 6.3212785e+06, 7.8298415e+06, 9.427551000000002e+06, 1.1114803e+07, 1.2891772e+07, 1.4758536e+07, 1.6715127e+07, 1.8761564e+07, 2.0897852e+07, 2.312399200000001e+07, 2.5439988e+07, 2.7845838e+07, 3.0341546e+07, 3.2927108e+07, 3.5602528e+07, 3.83678e+07, 4.1222932e+07, 4.416792e+07, 4.720276e+07, 5.032746e+07, 5.3542016e+07, 5.5770136e+07, 5.6755404e+07, 5.7191084e+07, 5.738374e+07, 5.7468932e+07, 5.7506604e+07, 5.752326e+07, 5.7530628e+07, 5.7533884e+07, 5.7535324e+07, 5.753596e+07, 5.7536244e+07, 5.7536368e+07, 5.7536424e+07, 5.7536448e+07, 5.7536456e+07, 5.7536464e+07, 5.7536464e+07, 5.7536464e+07, 5.7536464e+07, 5.7536464e+07, 5.7536468e+07, 5.7536468e+07, 5.7536468e+07, 5.7536468e+07, 5.9313472e+07, 6.3231884e+07, 6.8097224e+07, 7.338128e+07, 7.8850496e+07, 8.440159200000006e+07, 8.9988896e+07, 9.55922e+07, 1.01202592e+08, 1.06816104e+08, 1.12431008e+08, 1.18046528e+08, 1.23662312e+08, 1.29278216e+08, 1.34894176e+08, 1.40510144e+08, 1.46126144e+08, 1.51742144e+08, 1.573581439999999e+08, 1.62974144e+08, 1.68590144e+08, 1.74206144e+08, 1.79822144e+08, 1.85438144e+08, 1.91054144e+08, 1.94893136e+08, 1.9659072e+08, 1.97341376e+08, 1.97673328e+08, 1.97820112e+08, 1.97885008e+08, 1.97913712e+08, 1.979264e+08, 1.97932016e+08, 1.97934496e+08, 1.979356e+08, 1.9793608e+08, 1.97936288e+08, 1.97936384e+08, 1.97936432e+08, 1.97936448e+08, 1.97936464e+08, 1.97936464e+08, 1.97936464e+08, 1.97936464e+08, 1.97936464e+08, 1.97936464e+08, 1.97936464e+08, 1.97936464e+08, 1.97936464e+08]
cHP_PT1_1.Energy[1]=[0e+00, 4.4611140625e+05, 9.264224375e+05, 1.4412935e+06, 1.9907245e+06, 2.5747155e+06, 3.1932665e+06, 3.846377750000001e+06, 4.5340485e+06, 5.2562795e+06, 6.013071e+06, 6.804422e+06, 7.630333e+06, 8.490804e+06, 9.385835000000002e+06, 1.0315426e+07, 1.1279577e+07, 1.2278288e+07, 1.3311559e+07, 1.437939e+07, 1.5481781e+07, 1.6618732e+07, 1.7790244e+07, 1.8996314e+07, 2.0236946e+07, 2.1512136e+07, 2.1644104e+07, 2.1644112e+07, 2.1644112e+07, 2.1644112e+07, 2.1644112e+07, 2.1644112e+07, 2.1644112e+07, 2.1644112e+07, 2.1644112e+07, 2.1644112e+07, 2.1644112e+07, 2.1644112e+07, 2.1644112e+07, 2.1644112e+07, 2.1644112e+07, 2.1644112e+07, 2.1644112e+07, 2.1644112e+07, 2.1644112e+07, 2.1644112e+07, 2.1644112e+07, 2.1644112e+07, 2.1644112e+07, 2.1644112e+07, 2.1644112e+07, 2.3583564e+07, 2.5743552e+07, 2.7903552e+07, 3.0063552e+07, 3.2223552e+07, 3.438355200000002e+07, 3.6543552e+07, 3.8703552e+07, 4.0863552e+07, 4.3023552e+07, 4.5183552e+07, 4.7343552e+07, 4.9503552e+07, 5.1663552e+07, 5.3823552e+07, 5.5983552e+07, 5.8143552e+07, 6.0303552e+07, 6.246355199999998e+07, 6.4623552e+07, 6.6783552e+07, 6.8943552e+07, 7.1103552e+07, 7.3263552e+07, 7.5423552e+07, 7.5644096e+07, 7.5644112e+07, 7.5644112e+07, 7.5644112e+07, 7.5644112e+07, 7.5644112e+07, 7.5644112e+07, 7.5644112e+07, 7.5644112e+07, 7.5644112e+07, 7.5644112e+07, 7.5644112e+07, 7.5644112e+07, 7.5644112e+07, 7.5644112e+07, 7.5644112e+07, 7.5644112e+07, 7.5644112e+07, 7.5644112e+07, 7.5644112e+07, 7.5644112e+07, 7.5644112e+07, 7.5644112e+07, 7.5644112e+07, 7.5644112e+07]
cHP_PT1_1.Capacity[2]=[1.56e+03, 1.599489013671875e+03, 1.686564575195312e+03, 1.79468359375e+03, 1.912107177734375e+03, 2.033646240234375e+03, 2.157004150390625e+03, 2.281166015625e+03, 2.40568359375e+03, 2.530358642578125e+03, 2.655103515625e+03, 2.77987939453125e+03, 2.90466845703125e+03, 3.029463134765625e+03, 3.1542607421875e+03, 3.27906005859375e+03, 3.40385986328125e+03, 3.528659912109375e+03, 3.653459716796875e+03, 3.778259765625e+03, 3.9030595703125e+03, 4.027859375e+03, 4.1526591796875e+03, 4.27745947265625e+03, 4.40225927734375e+03, 4.52705908203125e+03, 2.00184619140625e+03, 8.85207763671875e+02, 3.91435180664061e+02, 1.730910034179688e+02, 7.654011535644531e+01, 3.384572219848633e+01, 1.49664363861084e+01, 6.618095874786377e+00, 2.926502227783203e+00, 1.294093489646912e+00, 5.722457766532898e-01, 2.530459761619568e-01, 1.118964701890945e-01, 4.948040843009949e-02, 2.188014425337315e-02, 9.676099754869938e-03, 4.279139917343855e-03, 1.89241929911077e-03, 8.36916035041213e-04, 3.702401008922607e-04, 1.64272976689972e-04, 7.279813871718943e-05, 3.230429865652695e-05, 1.432513363397447e-05, 6.355780442390824e-06, 4.35087353515625e+03, 6.27481591796875e+03, 7.12556494140625e+03, 7.50176513671875e+03, 7.66812060546875e+03, 7.741681640625e+03, 7.7742060546875e+03, 7.78859130859375e+03, 7.7949541015625e+03, 7.79776806640625e+03, 7.79901123046875e+03, 7.79955810546875e+03, 7.79980224609375e+03, 7.79991162109375e+03, 7.79996044921875e+03, 7.799982421875e+03, 7.7999921875e+03, 7.79999560546875e+03, 7.79999658203125e+03, 7.79999755859375e+03, 7.799998046875e+03, 7.799998046875e+03, 7.79999755859375e+03, 7.799998046875e+03, 7.7999990234375e+03, 3.4491259765625e+03, 1.525188720703125e+03, 6.744320678710938e+02, 2.982310485839844e+02, 1.318765258789062e+02, 5.831524658203081e+01, 2.578675842285156e+01, 1.140279674530029e+01, 5.042269229888916e+00, 2.229680061340332e+00, 9.859604835510254e-01, 4.359898567199707e-01, 1.927939057350159e-01, 8.525310456752777e-02, 3.769876062870026e-02, 1.667035184800625e-02, 7.372372783720493e-03, 3.260387107729912e-03, 1.441872562281787e-03, 6.376552046276629e-04, 2.82418739516288e-04, 1.252841320820153e-04, 5.551495269173756e-05, 2.464990757289343e-05, 1.091244939743774e-05]
cHP_PT1_1.Capacity[1]=[6e+02, 6.430989379882812e+02, 6.910986938476562e+02, 7.390986938476562e+02, 7.870986938476562e+02, 8.350986938476562e+02, 8.830986938476562e+02, 9.310986938476564e+02, 9.790986938476562e+02, 1.0270986328125e+03, 1.0750986328125e+03, 1.1230986328125e+03, 1.1710986328125e+03, 1.2190986328125e+03, 1.2670986328125e+03, 1.3150986328125e+03, 1.3630986328125e+03, 1.4110986328125e+03, 1.4590986328125e+03, 1.5070986328125e+03, 1.5550986328125e+03, 1.6030986328125e+03, 1.6510986328125e+03, 1.6990986328125e+03, 1.7470986328125e+03, 1.7950986328125e+03, 1.002185270190239e-01, 5.718225565942703e-06, 1.052731768424982e-08, -4.39351388603626e-10, 2.217423814010466e-11, -8.577275174836974e-13, 3.048957435266772e-14, -8.996111410265717e-16, -2.064049462352805e-15, 4.514117567395168e-16, -1.04389200687457e-16, 2.018457510302704e-17, -4.385016362451302e-18, 9.281335602193322e-19, -1.818674708429062e-19, -2.454551451259361e-19, -2.254338103169354e-20, 2.508717467279578e-20, 1.863804648674189e-20, 6.708831556005138e-20, -2.145711678841382e-20, 1.516081022052911e-20, -7.428776603193762e-21, 3.754461728762737e-21, -3.668880847106177e-21, 2.999831298828125e+03, 3e+03, 3e+03, 3e+03, 3e+03, 3e+03, 3e+03, 3e+03, 3e+03, 3e+03, 3e+03, 3e+03, 3e+03, 3e+03, 3e+03, 3e+03, 3e+03, 3e+03, 3e+03, 3e+03, 3e+03, 3e+03, 3e+03, 3e+03, 3e+03, 1.674869209527969e-01, 9.54327879298944e-06, 7.123964085309353e-09, -4.419241084185899e-10, 2.703029466921691e-11, -1.344423379047338e-12, 6.767947747371439e-14, -2.480970302177923e-15, 9.293072426545807e-17, -2.358213575841061e-16, 4.53721172217871e-17, -1.023139865102962e-17, 1.857736606796865e-18, -4.186534529565568e-19, 7.507476376129647e-20, -2.813728524372429e-20, 2.989076273949466e-20, 1.583066011122227e-20, 6.974327290507537e-21, 2.586879734376017e-21, -1.004498166743063e-20, 3.571097435827325e-21, -1.168801358776026e-21, 1.645379191730336e-22, 1.688141258809578e-22]
cHP_PT1_1.Capacity[3]=[2.4e+03, 2.572395751953125e+03, 2.764394775390625e+03, 2.956394775390625e+03, 3.148394775390625e+03, 3.340394775390625e+03, 3.532394775390625e+03, 3.724394775390625e+03, 3.916394775390625e+03, 4.10839453125e+03, 4.30039453125e+03, 4.49239453125e+03, 4.68439453125e+03, 4.87639453125e+03, 5.068394531250001e+03, 5.26039453125e+03, 5.45239453125e+03, 5.64439453125e+03, 5.83639453125e+03, 6.02839453125e+03, 6.22039453125e+03, 6.41239453125e+03, 6.60439453125e+03, 6.79639453125e+03, 6.98839453125e+03, 7.18039453125e+03, 0e+00, 0e+00, 0e+00, 0e+00, 0e+00, 0e+00, 0e+00, 0e+00, 0e+00, 0e+00, 0e+00, 0e+00, 0e+00, 0e+00, 0e+00, 0e+00, 0e+00, 0e+00, 0e+00, 0e+00, 0e+00, 0e+00, 0e+00, 0e+00, 0e+00, 1.19993251953125e+04, 1.2e+04, 1.2e+04, 1.2e+04, 1.2e+04, 1.2e+04, 1.2e+04, 1.2e+04, 1.2e+04, 1.2e+04, 1.2e+04, 1.2e+04, 1.2e+04, 1.2e+04, 1.2e+04, 1.2e+04, 1.2e+04, 1.2e+04, 1.2e+04, 1.2e+04, 1.2e+04, 1.2e+04, 1.2e+04, 1.2e+04, 1.2e+04, 0e+00, 0e+00, 0e+00, 0e+00, 0e+00, 0e+00, 0e+00, 0e+00, 0e+00, 0e+00, 0e+00, 0e+00, 0e+00, 0e+00, 0e+00, 0e+00, 0e+00, 0e+00, 0e+00, 0e+00, 0e+00, 0e+00, 0e+00, 0e+00, 0e+00]
