last-generated=2021-05-11
statistics-simulation=
{
  "linear": " ",
  "nonlinear": " ",
  "numerical Jacobians": "0"
}
time=[0e+00, 1e+00]
mod.TWat=[2e+01, 2.027799988414338e+01, 2.055599976828719e+01, 2.083399965243077e+01, 2.111199953657438e+01, 2.138999936893612e+01, 2.166799930486157e+01, 2.194599913722287e+01, 2.22240009804956e+01, 2.250200070929347e+01, 2.278000064521953e+01, 2.305800058114502e+01, 2.333600051706908e+01, 2.361400045299315e+01, 2.389200018179387e+01, 2.416999991059571e+01, 2.444800005364257e+01, 2.472599978244385e+01, 2.500399951124513e+01, 2.528199965429426e+01, 2.555999938309327e+01, 2.583799952614638e+01, 2.611599925494254e+01, 2.639399898374268e+01, 2.667200103413817e+01, 2.695000076293945e+01, 2.722800090598631e+01, 2.750600022053178e+01, 2.778400036358773e+01, 2.806200050663573e+01, 2.833999982119143e+01, 2.861799996423829e+01, 2.889600010728514e+01, 2.917399942184085e+01, 2.94519995648877e+01, 2.972999970794024e+01, 3.000799902249026e+01, 3.028599916553712e+01, 3.056399930858852e+01, 3.084199945164447e+01, 3.112000067352949e+01, 3.139800081658202e+01, 3.167600095962888e+01, 3.195400027417776e+01, 3.223199850988735e+01, 3.25099986529524e+01, 3.278799796748537e+01, 3.306600192522949e+01, 3.334400206827635e+01, 3.362200138281386e+01, 3.390000152587891e+01, 3.417800166892181e+01, 3.445600181196472e+01, 3.473400195500762e+01, 3.501200044109292e+01, 3.529000058413583e+01, 3.556800072717675e+01, 3.584600087022163e+01, 3.612400101326454e+01, 3.640200115630744e+01, 3.667999964239274e+01, 3.695799978543564e+01, 3.723599992847855e+01, 3.751400007152145e+01, 3.779200021456436e+01, 3.807000035760726e+01, 3.834799884369256e+01, 3.862599898673546e+01, 3.890399912977837e+01, 3.918199927282325e+01, 3.945999941586417e+01, 3.973799955890708e+01, 4.001599804499238e+01, 4.029399818803528e+01, 4.057199833107819e+01, 4.084999847412109e+01, 4.112799861718219e+01, 4.140599876024329e+01, 4.168399890330438e+01, 4.196200120399144e+01, 4.224000134705254e+01, 4.251800149011166e+01, 4.279600163316108e+01, 4.307400177620399e+01, 4.33520019192469e+01, 4.363000040533219e+01, 4.390800054837509e+01, 4.4186000691418e+01, 4.44640008344609e+01, 4.474200097750381e+01, 4.502000112054672e+01, 4.529799960663201e+01, 4.557599974967491e+01, 4.585399989271782e+01, 4.61320000357627e+01, 4.641000017880363e+01, 4.668800032184654e+01, 4.696599880793183e+01, 4.724399895097473e+01, 4.752199909401764e+01, 4.779999923706055e+01]
mod.TRoo=[2e+01, 2e+01]
mod.mWat_flow=[0e+00, 9.400000190921067e-04, 1.8800000381842e-03, 2.820000115483942e-03, 3.760000076368349e-03, 4.699999862164258e-03, 5.640000230968001e-03, 6.579999783933111e-03, 7.520000152736592e-03, 8.459999821185853e-03, 9.399999724329124e-03, 1.033999962747101e-02, 1.128000046193491e-02, 1.222000036507873e-02, 1.315999956786657e-02, 1.409999970197642e-02, 1.504000030547235e-02, 1.597999950826158e-02, 1.691999964237171e-02, 1.785999931454673e-02, 1.879999944865686e-02, 1.974000098347703e-02, 2.067999925494201e-02, 2.161999938905214e-02, 2.256000092387231e-02, 2.34999991953373e-02, 2.444000073015747e-02, 2.537999946355756e-02, 2.631999913573369e-02, 2.726000067055275e-02, 2.819999940395284e-02, 2.913999907613008e-02, 3.008000061094803e-02, 3.101999934434813e-02, 3.195999901652315e-02, 3.290000241397736e-02, 3.383999928474341e-02, 3.477999895691843e-02, 3.571999862909345e-02, 3.666000202655877e-02, 3.759999889731372e-02, 3.853999856948873e-02, 3.948000196695406e-02, 4.0419998837709e-02, 4.135999850988403e-02, 4.230000190734935e-02, 4.323999877810428e-02, 4.417999845027931e-02, 4.512000184774462e-02, 4.605999871849957e-02, 4.699999839067459e-02, 4.794000178812655e-02, 4.888000146028822e-02, 4.982000113244989e-02, 5.075999892714517e-02, 5.169999859930684e-02, 5.263999827146627e-02, 5.358000166892046e-02, 5.452000134108212e-02, 5.546000101324379e-02, 5.639999880793908e-02, 5.733999848010074e-02, 5.827999815227129e-02, 5.922000154971437e-02, 6.016000122187604e-02, 6.11000008940377e-02, 6.203999868873299e-02, 6.298000208618496e-02, 6.391999803305631e-02, 6.486000143051496e-02, 6.580000482791583e-02, 6.67400007748316e-02, 6.767999856952689e-02, 6.861999451646932e-02, 6.955999791385022e-02, 7.050000131130219e-02, 7.143999725817356e-02, 7.238000065562551e-02, 7.332000405307748e-02, 7.42599943972721e-02, 7.519999779464413e-02, 7.614000119208941e-02, 7.707999713896746e-02, 7.802000053641941e-02, 7.896000393387138e-02, 7.989999427807488e-02, 8.083999767543804e-02, 8.178000107289e-02, 8.271999701976136e-02, 8.366000041721333e-02, 8.46000038146653e-02, 8.553999415887768e-02, 8.647999755623195e-02, 8.742000095368391e-02, 8.835999690056195e-02, 8.930000029800723e-02, 9.024000369545919e-02, 9.117999403968047e-02, 9.211999743702586e-02, 9.306000083447781e-02, 9.399999678134918e-02]
mod.mAir_flow=[0e+00, 7.919999947845953e-04, 1.583999989569191e-03, 2.375999984353737e-03, 3.167999979138381e-03, 3.959999826401553e-03, 4.751999968707728e-03, 5.543999815970648e-03, 6.335999958276707e-03, 7.127999510497769e-03, 7.919999652803326e-03, 8.71200026077003e-03, 9.503999937415061e-03, 1.029600054538239e-02, 1.108799963194161e-02, 1.187999964982285e-02, 1.267199991655341e-02, 1.346399993443493e-02, 1.42559990209972e-02, 1.504800021904702e-02, 1.583999930560735e-02, 1.663200050365604e-02, 1.742400052154006e-02, 1.821600053942019e-02, 1.900799987483262e-02, 1.979999989271164e-02, 2.059200109076034e-02, 2.138399992846968e-02, 2.217599926388322e-02, 2.296800046193192e-02, 2.375999929965125e-02, 2.455200049769773e-02, 2.534399983311016e-02, 2.613599867082283e-02, 2.692799986887153e-02, 2.772000106692023e-02, 2.851199804199441e-02, 2.930399924004311e-02, 3.009600043809181e-02, 3.088800163614051e-02, 3.167999861121469e-02, 3.247199980926339e-02, 3.326400100731209e-02, 3.405599984503142e-02, 3.484800104308012e-02, 3.564000224112882e-02, 3.643200107883261e-02, 3.722399855160877e-02, 3.801599974965525e-02, 3.880799858737458e-02, 3.959999978542328e-02, 4.039200098346073e-02, 4.118400218149817e-02, 4.197600337953562e-02, 4.27679998569447e-02, 4.355999732973181e-02, 4.435199852776363e-02, 4.51439997258067e-02, 4.593600092384414e-02, 4.672800212188159e-02, 4.751999859933063e-02, 4.831199979736808e-02, 4.910400099539664e-02, 4.989600219344297e-02, 5.068799966621676e-02, 5.148000086422756e-02, 5.227199734167661e-02, 5.306399853971406e-02, 5.38559997377515e-02, 5.464800093579457e-02, 5.544000213382638e-02, 5.623200333186383e-02, 5.702399608402258e-02, 5.781599728206003e-02, 5.860799848009747e-02, 5.939999967813492e-02, 6.019200087617237e-02, 6.098400207420981e-02, 6.177600327224726e-02, 6.256799974965634e-02, 6.335999722244345e-02, 6.415200214576557e-02, 6.494399961851834e-02, 6.573600454184608e-02, 6.652800201459322e-02, 6.731999476675198e-02, 6.811199969007972e-02, 6.890399716282687e-02, 6.96960020861546e-02, 7.048799955890175e-02, 7.12800044822295e-02, 7.207199723438826e-02, 7.286400215765383e-02, 7.365599963046314e-02, 7.444799710322479e-02, 7.524000202653802e-02, 7.603199949928517e-02, 7.682399970202453e-02, 7.761599717477166e-02, 7.840800209809941e-02, 7.919999957084656e-02]
mod.y=[0e+00, 3.582293242091717e-06, 2.926257040397096e-05, 1.006138991935552e-04, 2.424330479697996e-04, 4.803027048703706e-04, 8.401409154704488e-04, 1.347737951828249e-03, 2.028286133566263e-03, 2.90589791778412e-03, 4.003124599880454e-03, 5.340464967611828e-03, 6.935874471484986e-03, 8.804275694512394e-03, 1.095706862845258e-02, 1.340164929638308e-02, 1.614092767202202e-02, 1.917284857077709e-02, 2.248994574601246e-02, 2.607888258849519e-02, 2.991999940986583e-02, 3.403500377147434e-02, 3.846457655665624e-02, 4.32118455097398e-02, 4.827895297624867e-02, 5.366706848144531e-02, 5.937644284546121e-02, 6.54063531255292e-02, 7.175524455595975e-02, 7.842061495506142e-02, 8.539909022715914e-02, 9.268653961184373e-02, 1.002779360565456e-01, 1.081674739026548e-01, 1.163486585154068e-01, 1.248141951159891e-01, 1.335560850853285e-01, 1.425657228877543e-01, 1.518337920516879e-01, 1.613503981748683e-01, 1.711049915270872e-01, 1.810866183445669e-01, 1.912836418785445e-01, 2.016840055141219e-01, 2.122752244949472e-01, 2.230443189977742e-01, 2.339778748783514e-01, 2.450622184477504e-01, 2.562832059467158e-01, 2.676263939013601e-01, 2.790771424770355e-01, 2.906217089622321e-01, 3.022516890585716e-01, 3.139604964349011e-01, 3.257421001712286e-01, 3.375912763180348e-01, 3.495033056887909e-01, 3.614741649659659e-01, 3.735005460757822e-01, 3.855797966026439e-01, 3.977099665402122e-01, 4.098899786002304e-01, 4.221192837959785e-01, 4.343982099574789e-01, 4.467277107624588e-01, 4.591096041538626e-01, 4.715463192339645e-01, 4.840413719098591e-01, 4.965987711549605e-01, 5.092233449620343e-01, 5.219208154009024e-01, 5.346976197828498e-01, 5.475609529503339e-01, 5.605190744442656e-01, 5.735807293843732e-01, 5.867557525634766e-01, 6.000546344544774e-01, 6.134888191608252e-01, 6.270705256722152e-01, 6.408128442075779e-01, 6.547300052756507e-01, 6.68836769059495e-01, 6.831489904708077e-01, 6.976834184472952e-01, 7.12457815214483e-01, 7.274906870345745e-01, 7.428018826099715e-01, 7.584121152235204e-01, 7.743429618514147e-01, 7.90617251144225e-01, 8.072588846037275e-01, 8.242928530775903e-01, 8.417455259838114e-01, 8.596441616413047e-01, 8.780174299887168e-01, 8.968953719069467e-01, 9.163092202530623e-01, 9.362916367973767e-01, 9.568768938361151e-01, 9.781006369707996e-01, 1e+00]
