last-generated=2024-01-08
statistics-simulation=
{
  "linear": " ",
  "nonlinear": " ",
  "numerical Jacobians": "0"
}
time=[0e+00, 1e+00]
sen.I=[2.75e+01, 2.75e+01, 2.75e+01, 2.75e+01, 2.75e+01, 2.75e+01, 2.75e+01, 2.75e+01, 2.75e+01, 2.75e+01, 2.75e+01, 2.75e+01, 2.75e+01, 2.75e+01, 2.75e+01, 2.75e+01, 2.75e+01, 2.75e+01, 2.75e+01, 2.75e+01, 2.75e+01, 2.75e+01, 2.75e+01, 2.75e+01, 2.75e+01, 2.75e+01, 2.75e+01, 2.75e+01, 2.75e+01, 2.75e+01, 2.75e+01, 2.566666646798378e+01, 2.383333265781623e+01, 2.200000240404997e+01, 2.016666668653378e+01, 1.833333287636623e+01, 1.650000262259997e+01, 1.466666785875809e+01, 1.283333214124191e+01, 1.099999737740003e+01, 9.166668077308087e+00, 7.333332836629066e+00, 5.499997595950036e+00, 3.666668057438657e+00, 1.833332935969911e+00, -1.806197763700692e-06, -1.515150236363731e+00, -3.030303182023544e+00, -4.545456127684645e+00, -6.060604557850836e+00, -7.575757503509521e+00, -9.090910449146675e+00, -1.060606387162099e+01, -1.212121634042098e+01, -1.363636073203976e+01, -1.515151320084999e+01, -1.666666566963922e+01, -1.818181909212428e+01, -1.969697251459859e+01, -2.12121259370729e+01, -2.272726842135328e+01, -2.42424218438276e+01, -2.575757526630191e+01, -2.727272868877622e+01, -2.878788020391554e+01, -3.030303362637621e+01, -3.181817801800522e+01, -3.333332953314682e+01, -3.484848295561203e+01, -3.636363637809254e+01, -3.787878980056519e+01, -3.939394322300767e+01, -4.090908761462986e+01, -4.242424103711326e+01, -4.393939064491759e+01, -4.545454406738281e+01, -4.696969748986622e+01, -4.848485091234963e+01, -5.000000433483303e+01, -5.15151487264143e+01, -5.30303021488977e+01, -5.303030395507812e+01, -5.303030395507812e+01, -5.303030395507812e+01, -5.303030395507812e+01, -5.303030395507812e+01, -5.303030395507812e+01, -5.303030395507812e+01, -5.303030395507812e+01, -5.303030395507812e+01, -5.303030395507812e+01, -5.303030395507812e+01, -5.303030395507812e+01, -5.303030395507812e+01, -5.303030395507812e+01, -5.303030395507812e+01, -5.303030395507812e+01, -5.303030395507812e+01, -5.303030395507812e+01, -5.303030395507812e+01, -5.303030395507812e+01]
sen.P=[3.3e+03, 3.3e+03, 3.3e+03, 3.3e+03, 3.3e+03, 3.3e+03, 3.3e+03, 3.3e+03, 3.3e+03, 3.3e+03, 3.3e+03, 3.3e+03, 3.3e+03, 3.3e+03, 3.3e+03, 3.3e+03, 3.3e+03, 3.3e+03, 3.3e+03, 3.3e+03, 3.3e+03, 3.3e+03, 3.3e+03, 3.3e+03, 3.3e+03, 3.3e+03, 3.3e+03, 3.3e+03, 3.3e+03, 3.3e+03, 3.3e+03, 3.080000052451981e+03, 2.859999842644057e+03, 2.640000288485896e+03, 2.420000078677971e+03, 2.199999868870048e+03, 1.980000314711887e+03, 1.760000104903962e+03, 1.539999895096038e+03, 1.319999685288113e+03, 1.100000131129952e+03, 8.799999213220289e+02, 6.599997115141042e+02, 4.400001573559435e+02, 2.199999475480188e+02, -2.167437231175875e-04, -1.818180245489425e+02, -3.63636374213441e+02, -5.454547238780042e+02, -7.27272531683384e+02, -9.090908813476562e+02, -1.090909231009636e+03, -1.272727641706771e+03, -1.454545930333595e+03, -1.63636325732793e+03, -1.818181545955481e+03, -1.999999956650597e+03, -2.181818245279147e+03, -2.36363677804514e+03, -2.545455066671381e+03, -2.72727227159846e+03, -2.909090560224701e+03, -3.090909092990985e+03, -3.272727381617808e+03, -3.454545670245795e+03, -3.636363958873201e+03, -3.818181407934793e+03, -3.999999696564235e+03, -4.181818229330228e+03, -4.363636273818299e+03, -4.545454806585037e+03, -4.727273339347828e+03, -4.909090300133409e+03, -5.090908832901439e+03, -5.272726877390548e+03, -5.45454541015625e+03, -5.636363942921952e+03, -5.818181987411061e+03, -6.000000520179091e+03, -6.181817969240683e+03, -6.363636013730374e+03, -6.36363623046875e+03, -6.36363623046875e+03, -6.36363623046875e+03, -6.36363623046875e+03, -6.36363623046875e+03, -6.36363623046875e+03, -6.36363623046875e+03, -6.36363623046875e+03, -6.36363623046875e+03, -6.36363623046875e+03, -6.36363623046875e+03, -6.36363623046875e+03, -6.36363623046875e+03, -6.36363623046875e+03, -6.36363623046875e+03, -6.36363623046875e+03, -6.36363623046875e+03, -6.36363623046875e+03, -6.36363623046875e+03, -6.36363623046875e+03]
