last-generated=2024-07-23
statistics-initialization=
{
  "nonlinear": "0, 17, 1",
  "numerical Jacobians": "0"
}
statistics-simulation=
{
  "linear": "13",
  "nonlinear": "17, 0, 1",
  "number of continuous time states": "3",
  "numerical Jacobians": "0"
}
time=[0e+00, 6.048e+05]
indoorSwimming.TPool=[2.953302612304688e+02, 3.011499938964844e+02, 3.011499938964844e+02, 3.011499938964844e+02, 3.011499938964844e+02, 3.011474914550781e+02, 3.011474914550781e+02, 3.011474914550781e+02, 3.011474914550781e+02, 3.011512097167969e+02, 3.011525268554688e+02, 3.011525268554688e+02, 3.011525268554688e+02, 3.011502478027344e+02, 3.011499938964844e+02, 3.011474914550781e+02, 3.011474914550781e+02, 3.011474914550781e+02, 3.011474914550781e+02, 3.011499938964844e+02, 3.011525268554688e+02, 3.011525268554688e+02, 3.011525268554688e+02, 3.011525268554688e+02, 3.011499938964844e+02, 3.011474914550781e+02, 3.011474914550781e+02, 3.011474914550781e+02, 3.011474914550781e+02, 3.011499938964844e+02, 3.011525268554688e+02, 3.011525268554688e+02, 3.011525268554688e+02, 3.011525268554688e+02, 3.011499938964844e+02, 3.011474914550781e+02, 3.011474914550781e+02, 3.011474914550781e+02, 3.011474914550781e+02, 3.011499938964844e+02, 3.011525268554688e+02, 3.011525268554688e+02, 3.011525268554688e+02, 3.011525268554688e+02, 3.011499938964844e+02, 3.011474914550781e+02, 3.011474914550781e+02, 3.011474914550781e+02, 3.011474914550781e+02, 3.011499938964844e+02, 3.011525268554688e+02, 3.011525268554688e+02, 3.011525268554688e+02, 3.011525268554688e+02, 3.011499938964844e+02, 3.011474914550781e+02, 3.011474914550781e+02, 3.011474914550781e+02, 3.011474914550781e+02, 3.011486926269531e+02, 3.011525268554688e+02, 3.011525268554688e+02, 3.011525268554688e+02, 3.011525268554688e+02, 3.011499938964844e+02, 3.011479919433594e+02, 3.011474914550781e+02, 3.011474914550781e+02, 3.011474914550781e+02, 3.011474914550781e+02, 3.011525268554688e+02, 3.011525268554688e+02, 3.011525268554688e+02, 3.011525268554688e+02, 3.011499938964844e+02, 3.011499938964844e+02, 3.011474914550781e+02, 3.011474914550781e+02, 3.011474914550781e+02, 3.011474914550781e+02, 3.011525268554688e+02, 3.011525268554688e+02, 3.011525268554688e+02, 3.011525268554688e+02, 3.011499938964844e+02, 3.011499938964844e+02, 3.011474914550781e+02, 3.011474914550781e+02, 3.011474914550781e+02, 3.011474914550781e+02, 3.011520202636719e+02, 3.011525268554688e+02, 3.011525268554688e+02, 3.011525268554688e+02, 3.011501208496094e+02, 3.011499938964844e+02, 3.011474914550781e+02, 3.011474914550781e+02, 3.011474914550781e+02, 3.011474914550781e+02, 3.011499938964844e+02]
prescribedHeatFlow.Q_flow=[5.81974560546875e+03, 3.672327734375e+04, 3.672327734375e+04, 3.672327734375e+04, 3.672327734375e+04, 6.5178453125e+04, 8.036227187500001e+04, 9.554609062500001e+04, 1.107299015625e+05, 1.1477186625e+05, 9.959969375000001e+04, 8.440429593750001e+04, 6.920889031250001e+04, 3.672473484375e+04, 3.672327734375e+04, 6.337085859375e+04, 7.8554674375e+04, 9.373849093750004e+04, 1.089223075e+05, 1.158358125e+05, 1.0140866875e+05, 8.62132709375e+04, 7.10178665625e+04, 5.582246640625e+04, 3.672327734375e+04, 6.156326171875e+04, 7.674707656250001e+04, 9.193089093749999e+04, 1.071147075000001e+05, 1.158358125e+05, 1.03217646875e+05, 8.80222459375e+04, 7.28268478125e+04, 5.76314434375e+04, 3.672327734375e+04, 5.975566484375e+04, 7.493948218750001e+04, 9.012329375e+04, 1.053071125e+05, 1.158358125e+05, 1.050266265625e+05, 8.983122093750007e+04, 7.4635823125e+04, 5.944042140625e+04, 3.672327734375e+04, 5.794806796875e+04, 7.31318821875e+04, 8.831569875e+04, 1.034995153125e+05, 1.158358125e+05, 1.068356015625e+05, 9.1640198125e+04, 7.6444798125e+04, 6.124939640625e+04, 3.672327734375e+04, 5.614046953125e+04, 7.132428750000015e+04, 8.650809874999986e+04, 1.016919171875e+05, 1.15812599375e+05, 1.086445765625e+05, 9.344917875000001e+04, 7.825377312500001e+04, 6.305837140625e+04, 3.672327734375e+04, 5.117247109375e+04, 6.951669e+04, 8.47005046875e+04, 9.988432312500014e+04, 1.150681343749998e+05, 1.104535515625e+05, 9.525815375e+04, 8.0062748125e+04, 6.4867348125e+04, 3.672327734375e+04, 3.672327734375e+04, 6.770909e+04, 8.289290656249999e+04, 9.8076723125e+04, 1.132605396875e+05, 1.122625265625e+05, 9.706712874999986e+04, 8.187172312500015e+04, 6.66763253125e+04, 3.672327734375e+04, 3.672327734375e+04, 6.590149062500001e+04, 8.1085309375e+04, 9.6269128125e+04, 1.114529396875e+05, 1.1406256875e+05, 9.887610374999999e+04, 8.368070406249999e+04, 6.84853003125e+04, 3.672400609375e+04, 3.672327734375e+04, 6.4093896875e+04, 7.9277714375e+04, 9.446153093750001e+04, 1.096453453125e+05, 1.158358125e+05]
indoorSwimming.PPool=[2.023932421875e+04, 3.988591003417969e+02, 3.988591003417969e+02, 3.988591003417969e+02, 3.988591003417969e+02, 2.023932421875e+04, 2.023932421875e+04, 2.023932421875e+04, 2.023932421875e+04, 2.023932421875e+04, 2.023932421875e+04, 2.023932421875e+04, 2.023932421875e+04, 3.988652917480469e+02, 3.988591003417969e+02, 2.023932421875e+04, 2.023932421875e+04, 2.023932421875e+04, 2.023932421875e+04, 2.023932421875e+04, 2.023932421875e+04, 2.023932421875e+04, 2.023932421875e+04, 2.023932421875e+04, 3.988591003417969e+02, 2.023932421875e+04, 2.023932421875e+04, 2.023932421875e+04, 2.023932421875e+04, 2.023932421875e+04, 2.023932421875e+04, 2.023932421875e+04, 2.023932421875e+04, 2.023932421875e+04, 3.988591003417969e+02, 2.023932421875e+04, 2.023932421875e+04, 2.023932421875e+04, 2.023932421875e+04, 2.023932421875e+04, 2.023932421875e+04, 2.023932421875e+04, 2.023932421875e+04, 2.023932421875e+04, 3.988591003417969e+02, 2.023932421875e+04, 2.023932421875e+04, 2.023932421875e+04, 2.023932421875e+04, 2.023932421875e+04, 2.023932421875e+04, 2.023932421875e+04, 2.023932421875e+04, 2.023932421875e+04, 3.988591003417969e+02, 2.023932421875e+04, 2.023932421875e+04, 2.023932421875e+04, 2.023932421875e+04, 2.023932421875e+04, 2.023932421875e+04, 2.023932421875e+04, 2.023932421875e+04, 2.023932421875e+04, 3.988591003417969e+02, 1.627123119506836e+04, 2.023932421875e+04, 2.023932421875e+04, 2.023932421875e+04, 2.023932421875e+04, 2.023932421875e+04, 2.023932421875e+04, 2.023932421875e+04, 2.023932421875e+04, 3.988591003417969e+02, 3.988591003417969e+02, 2.023932421875e+04, 2.023932421875e+04, 2.023932421875e+04, 2.023932421875e+04, 2.023932421875e+04, 2.023932421875e+04, 2.023932421875e+04, 2.023932421875e+04, 3.988591003417969e+02, 3.988591003417969e+02, 2.023932421875e+04, 2.023932421875e+04, 2.023932421875e+04, 2.023932421875e+04, 2.023932421875e+04, 2.023932421875e+04, 2.023932421875e+04, 2.023932421875e+04, 3.988621960449219e+02, 3.988591003417969e+02, 2.023932421875e+04, 2.023932421875e+04, 2.023932421875e+04, 2.023932421875e+04, 2.023932421875e+04]
indoorSwimming.QEva=[5.1318876953125e+03, 2.1516798828125e+04, 2.1516798828125e+04, 2.1516798828125e+04, 2.1516798828125e+04, 4.91627046875e+04, 6.391151640625e+04, 7.866032968750002e+04, 9.340913906250001e+04, 9.732605687499999e+04, 8.258541875e+04, 6.78254715625e+04, 5.3065524375e+04, 2.1517616328125e+04, 2.1516798828125e+04, 4.740689453125e+04, 6.215570578125e+04, 7.690451718750004e+04, 9.1653326875e+04, 9.8362515625e+04, 8.434255624999999e+04, 6.958260906250001e+04, 5.482266125e+04, 4.006271171875e+04, 2.1516798828125e+04, 4.565108203125e+04, 6.03998953125e+04, 7.514870468749999e+04, 8.989752062500008e+04, 9.8362515625e+04, 8.6099690625e+04, 7.13397465625e+04, 5.6579795625e+04, 4.181984828125e+04, 2.1516798828125e+04, 4.389527265625e+04, 5.8644083125e+04, 7.3392895e+04, 8.814170937500001e+04, 9.8362515625e+04, 8.78568234375e+04, 7.309688031250007e+04, 5.833693296875e+04, 4.357698578125e+04, 2.1516798828125e+04, 4.213946328125e+04, 5.688827375e+04, 7.163708749999999e+04, 8.638589687500001e+04, 9.8362515625e+04, 8.96139609375e+04, 7.485401375e+04, 6.009407046875e+04, 4.533412328125e+04, 2.1516798828125e+04, 4.038365234375e+04, 5.513246171875014e+04, 6.988127499999986e+04, 8.463008437500001e+04, 9.83432228125e+04, 9.13710984375e+04, 7.661115125e+04, 6.18512065625e+04, 4.709125828125e+04, 2.1516798828125e+04, 3.5556794140625e+04, 5.337665109375e+04, 6.812546249999999e+04, 8.287427218750014e+04, 9.762308906249986e+04, 9.312823593749999e+04, 7.836828875000001e+04, 6.36083415625e+04, 4.8848394375e+04, 2.1516798828125e+04, 2.1516798828125e+04, 5.1620840625e+04, 6.63696521875e+04, 8.11184659375e+04, 9.58672765625e+04, 9.488537343750001e+04, 8.012542624999986e+04, 6.536547906250014e+04, 5.0605531875e+04, 2.1516798828125e+04, 2.1516798828125e+04, 4.98650284375e+04, 6.461384140625e+04, 7.936265468750001e+04, 9.41114640625e+04, 9.663508437500001e+04, 8.188256375e+04, 6.71226165625e+04, 5.2362669375e+04, 2.1517207578125e+04, 2.1516798828125e+04, 4.81092190625e+04, 6.285802953125e+04, 7.760684218750001e+04, 9.23556515625e+04, 9.8362515625e+04]
