last-generated=2021-05-11
statistics-simulation=
{
  "linear": " ",
  "nonlinear": "1",
  "numerical Jacobians": "0"
}
time=[0e+00, 1.2e+02]
senWetBul.T=[2.980599365234375e+02, 2.980890197754561e+02, 2.980873413087272e+02, 2.980856323240853e+02, 2.980839538576886e+02, 2.980822448730469e+02, 2.98080505370827e+02, 2.980787963861367e+02, 2.980770568852992e+02, 2.980752868655254e+02, 2.980735473632812e+02, 2.98071777343459e+02, 2.980699768060585e+02, 2.980681762701133e+02, 2.980663757312577e+02, 2.980645751953125e+02, 2.980627441417892e+02, 2.980609130853554e+02, 2.98059051514254e+02, 2.980571899402421e+02, 2.980553283691406e+02, 2.980534667980392e+02, 2.980515747064007e+02, 2.980496826177696e+02, 2.980477600085044e+02, 2.980458374023438e+02, 2.98043914796086e+02, 2.980419616724442e+02, 2.980400085423996e+02, 2.980380554186607e+02, 2.980360717773438e+02, 2.980340881360268e+02, 2.980321044947098e+02, 2.980300903295089e+02, 2.980280761706138e+02, 2.980260620117188e+02, 2.980240173352456e+02, 2.980219726587723e+02, 2.980198974584152e+02, 2.980178222643638e+02, 2.980157470703125e+02, 2.980136718763582e+02, 2.980122680664062e+02, 2.980122680664062e+02, 2.980122680664062e+02, 2.980122680664062e+02, 2.980122680664062e+02, 2.980122680664062e+02, 2.980122680664062e+02, 2.980122680664062e+02, 2.980122680664062e+02, 2.980122680664062e+02, 2.980122680664062e+02, 2.980122680664062e+02, 2.980122680664062e+02, 2.980122680664062e+02, 2.980122680664062e+02, 2.980122680664062e+02, 2.980122680664062e+02, 2.980122680664062e+02, 2.980122680664062e+02, 2.980122680664062e+02, 2.980122680664062e+02, 2.980122680664062e+02, 2.980122680664062e+02, 2.980122680664062e+02, 2.980122680664062e+02, 2.980122680664062e+02, 2.980122680664062e+02, 2.980122680664062e+02, 2.980122680664062e+02, 2.980122680664062e+02, 2.980122680664062e+02, 2.980122680664062e+02, 2.980122680664062e+02, 2.980122680664062e+02, 2.980122680664062e+02, 2.980122680664062e+02, 2.980122680664062e+02, 2.980122680664062e+02, 2.980122680664062e+02, 2.980122680664062e+02, 2.980122680664062e+02, 2.980122680664062e+02, 2.980122680664062e+02, 2.980122680664062e+02, 2.980122680664062e+02, 2.980122680664062e+02, 2.980122680664062e+02, 2.980122680664062e+02, 2.980122680664062e+02, 2.980122680664062e+02, 2.980122680664062e+02, 2.980122680664062e+02, 2.980122680664062e+02, 2.980122680664062e+02, 2.980122680664062e+02, 2.980122680664062e+02, 2.980122680664062e+02, 2.980122680664062e+02, 2.980122680664062e+02]
sou.T_in=[3.031499938964844e+02, 3.033900146388987e+02, 3.036300048637374e+02, 3.038699951362626e+02, 3.041099853134365e+02, 3.043500061035156e+02, 3.045899963760409e+02, 3.048299866485659e+02, 3.050700072479185e+02, 3.053099975204435e+02, 3.055499877929688e+02, 3.057900085830722e+02, 3.060299988555972e+02, 3.062699889373716e+02, 3.06510009918225e+02, 3.0675e+02, 3.06989990081775e+02, 3.072300110626288e+02, 3.074700011444025e+02, 3.077099916076781e+02, 3.079500122070312e+02, 3.081900022888062e+02, 3.084299927520819e+02, 3.086700133514337e+02, 3.089100038147094e+02, 3.091499938964844e+02, 3.093900144958375e+02, 3.096300045776125e+02, 3.098699954223875e+02, 3.101099855041625e+02, 3.103500061035156e+02, 3.105899961852906e+02, 3.108299862672596e+02, 3.110700076294188e+02, 3.113099977111938e+02, 3.115499877929688e+02, 3.117900083923219e+02, 3.120299984740968e+02, 3.122699893188719e+02, 3.12510009918225e+02, 3.1275e+02, 3.12989990081775e+02, 3.131499938964844e+02, 3.131499938964844e+02, 3.131499938964844e+02, 3.131499938964844e+02, 3.131499938964844e+02, 3.131499938964844e+02, 3.131499938964844e+02, 3.131499938964844e+02, 3.131499938964844e+02, 3.131499938964844e+02, 3.131499938964844e+02, 3.131499938964844e+02, 3.131499938964844e+02, 3.131499938964844e+02, 3.131499938964844e+02, 3.131499938964844e+02, 3.131499938964844e+02, 3.131499938964844e+02, 3.131499938964844e+02, 3.131499938964844e+02, 3.131499938964844e+02, 3.131499938964844e+02, 3.131499938964844e+02, 3.131499938964844e+02, 3.131499938964844e+02, 3.131499938964844e+02, 3.131499938964844e+02, 3.131499938964844e+02, 3.131499938964844e+02, 3.131499938964844e+02, 3.131499938964844e+02, 3.131499938964844e+02, 3.131499938964844e+02, 3.131499938964844e+02, 3.131499938964844e+02, 3.131499938964844e+02, 3.131499938964844e+02, 3.131499938964844e+02, 3.131499938964844e+02, 3.131499938964844e+02, 3.131499938964844e+02, 3.131499938964844e+02, 3.131499938964844e+02, 3.131499938964844e+02, 3.131499938964844e+02, 3.131499938964844e+02, 3.131499938964844e+02, 3.131499938964844e+02, 3.131499938964844e+02, 3.131499938964844e+02, 3.131499938964844e+02, 3.131499938964844e+02, 3.131499938964844e+02, 3.131499938964844e+02, 3.131499938964844e+02, 3.131499938964844e+02, 3.131499938964844e+02, 3.131499938964844e+02, 3.131499938964844e+02]
sou.Xi_in[1]=[1.750000007450581e-02, 1.739919931097056e-02, 1.729840041007972e-02, 1.719759962651753e-02, 1.709680074565362e-02, 1.699599996209145e-02, 1.689519917852927e-02, 1.679440025761231e-02, 1.669359955415918e-02, 1.659280063323929e-02, 1.649199984967709e-02, 1.639119906611488e-02, 1.629040014519795e-02, 1.618959944174482e-02, 1.608880044071315e-02, 1.598799973726273e-02, 1.588720089645153e-02, 1.578640003278346e-02, 1.568559932933059e-02, 1.558480032830175e-02, 1.548399962484837e-02, 1.538319985271755e-02, 1.528239992036762e-02, 1.518160014823732e-02, 1.508080021588739e-02, 1.498000044375658e-02, 1.487919974030319e-02, 1.477839996817238e-02, 1.467759987560384e-02, 1.457680010347303e-02, 1.447600033134222e-02, 1.437519962788883e-02, 1.427439985575802e-02, 1.417359976318948e-02, 1.407279999105867e-02, 1.397200021892786e-02, 1.387120044679409e-02, 1.377039974334366e-02, 1.366959965078104e-02, 1.356879987864431e-02, 1.34680001065135e-02, 1.336720033437973e-02, 1.329999975860119e-02, 1.329999975860119e-02, 1.329999975860119e-02, 1.329999975860119e-02, 1.329999975860119e-02, 1.329999975860119e-02, 1.329999975860119e-02, 1.329999975860119e-02, 1.329999975860119e-02, 1.329999975860119e-02, 1.329999975860119e-02, 1.329999975860119e-02, 1.329999975860119e-02, 1.329999975860119e-02, 1.329999975860119e-02, 1.329999975860119e-02, 1.329999975860119e-02, 1.329999975860119e-02, 1.329999975860119e-02, 1.329999975860119e-02, 1.329999975860119e-02, 1.329999975860119e-02, 1.329999975860119e-02, 1.329999975860119e-02, 1.329999975860119e-02, 1.329999975860119e-02, 1.329999975860119e-02, 1.329999975860119e-02, 1.329999975860119e-02, 1.329999975860119e-02, 1.329999975860119e-02, 1.329999975860119e-02, 1.329999975860119e-02, 1.329999975860119e-02, 1.329999975860119e-02, 1.329999975860119e-02, 1.329999975860119e-02, 1.329999975860119e-02, 1.329999975860119e-02, 1.329999975860119e-02, 1.329999975860119e-02, 1.329999975860119e-02, 1.329999975860119e-02, 1.329999975860119e-02, 1.329999975860119e-02, 1.329999975860119e-02, 1.329999975860119e-02, 1.329999975860119e-02, 1.329999975860119e-02, 1.329999975860119e-02, 1.329999975860119e-02, 1.329999975860119e-02, 1.329999975860119e-02, 1.329999975860119e-02, 1.329999975860119e-02, 1.329999975860119e-02, 1.329999975860119e-02, 1.329999975860119e-02, 1.329999975860119e-02]
