last-generated=2020-03-30
statistics-simulation=
{
  "linear": " ",
  "nonlinear": "0, 1, 0, 1",
  "numerical Jacobians": "0"
}
lightsAreaSpecific.uRel=[0e+00, 0e+00, 0e+00, 0e+00, 0e+00, 0e+00, 0e+00, 0e+00, 0e+00, 0e+00, 0e+00, 0e+00, 0e+00, 0e+00, 0e+00, 0e+00, 0e+00, 0e+00, 0e+00, 0e+00, 0e+00, 0e+00, 0e+00, 0e+00, 0e+00, 0e+00, 0e+00, 0e+00, 0e+00, 0e+00, 0e+00, 0e+00, 0e+00, 0e+00, 1e+00, 1e+00, 1e+00, 1e+00, 1e+00, 1e+00, 1e+00, 1e+00, 1e+00, 1e+00, 1e+00, 1e+00, 1e+00, 1e+00, 1e+00, 1e+00, 1e+00, 1e+00, 1e+00, 1e+00, 1e+00, 1e+00, 1e+00, 1e+00, 1e+00, 1e+00, 1e+00, 1e+00, 1e+00, 1e+00, 1e+00, 1e+00, 1e+00, 1e+00, 1e+00, 1e+00, 1e+00, 1e+00, 1e+00, 1e+00, 1e+00, 1e+00, 0e+00, 0e+00, 0e+00, 0e+00, 0e+00, 0e+00, 0e+00, 0e+00, 0e+00, 0e+00, 0e+00, 0e+00, 0e+00, 0e+00, 0e+00, 0e+00, 0e+00, 0e+00, 0e+00, 0e+00, 0e+00, 0e+00, 0e+00, 0e+00, 0e+00]
lightsFromMaxValue.uRel=[0e+00, 0e+00, 0e+00, 0e+00, 0e+00, 0e+00, 0e+00, 0e+00, 0e+00, 0e+00, 0e+00, 0e+00, 0e+00, 0e+00, 0e+00, 0e+00, 0e+00, 0e+00, 0e+00, 0e+00, 0e+00, 0e+00, 0e+00, 0e+00, 0e+00, 0e+00, 0e+00, 0e+00, 0e+00, 0e+00, 0e+00, 0e+00, 0e+00, 0e+00, 1e+00, 1e+00, 1e+00, 1e+00, 1e+00, 1e+00, 1e+00, 1e+00, 1e+00, 1e+00, 1e+00, 1e+00, 1e+00, 1e+00, 1e+00, 1e+00, 1e+00, 1e+00, 1e+00, 1e+00, 1e+00, 1e+00, 1e+00, 1e+00, 1e+00, 1e+00, 1e+00, 1e+00, 1e+00, 1e+00, 1e+00, 1e+00, 1e+00, 1e+00, 1e+00, 1e+00, 1e+00, 1e+00, 1e+00, 1e+00, 1e+00, 1e+00, 0e+00, 0e+00, 0e+00, 0e+00, 0e+00, 0e+00, 0e+00, 0e+00, 0e+00, 0e+00, 0e+00, 0e+00, 0e+00, 0e+00, 0e+00, 0e+00, 0e+00, 0e+00, 0e+00, 0e+00, 0e+00, 0e+00, 0e+00, 0e+00, 0e+00]
time=[0e+00, 8.64e+04]
lightsFromMaxValue.radHeat.Q_flow=[0e+00, 0e+00, 0e+00, 0e+00, 0e+00, 0e+00, 0e+00, 0e+00, 0e+00, 0e+00, 0e+00, 0e+00, 0e+00, 0e+00, 0e+00, 0e+00, 0e+00, 0e+00, 0e+00, 0e+00, 0e+00, 0e+00, 0e+00, 0e+00, 0e+00, 0e+00, 0e+00, 0e+00, 0e+00, 0e+00, 0e+00, 0e+00, 0e+00, 0e+00, -4e+01, -4e+01, -4e+01, -4e+01, -4e+01, -4e+01, -4e+01, -4e+01, -4e+01, -4e+01, -4e+01, -4e+01, -4e+01, -4e+01, -4e+01, -4e+01, -4e+01, -4e+01, -4e+01, -4e+01, -4e+01, -4e+01, -4e+01, -4e+01, -4e+01, -4e+01, -4e+01, -4e+01, -4e+01, -4e+01, -4e+01, -4e+01, -4e+01, -4e+01, -4e+01, -4e+01, -4e+01, -4e+01, -4e+01, -4e+01, -4e+01, -4e+01, 0e+00, 0e+00, 0e+00, 0e+00, 0e+00, 0e+00, 0e+00, 0e+00, 0e+00, 0e+00, 0e+00, 0e+00, 0e+00, 0e+00, 0e+00, 0e+00, 0e+00, 0e+00, 0e+00, 0e+00, 0e+00, 0e+00, 0e+00, 0e+00, -0e+00]
lightsAreaSpecific.radHeat.Q_flow=[0e+00, 0e+00, 0e+00, 0e+00, 0e+00, 0e+00, 0e+00, 0e+00, 0e+00, 0e+00, 0e+00, 0e+00, 0e+00, 0e+00, 0e+00, 0e+00, 0e+00, 0e+00, 0e+00, 0e+00, 0e+00, 0e+00, 0e+00, 0e+00, 0e+00, 0e+00, 0e+00, 0e+00, 0e+00, 0e+00, 0e+00, 0e+00, 0e+00, 0e+00, -1e+02, -1e+02, -1e+02, -1e+02, -1e+02, -1e+02, -1e+02, -1e+02, -1e+02, -1e+02, -1e+02, -1e+02, -1e+02, -1e+02, -1e+02, -1e+02, -1e+02, -1e+02, -1e+02, -1e+02, -1e+02, -1e+02, -1e+02, -1e+02, -1e+02, -1e+02, -1e+02, -1e+02, -1e+02, -1e+02, -1e+02, -1e+02, -1e+02, -1e+02, -1e+02, -1e+02, -1e+02, -1e+02, -1e+02, -1e+02, -1e+02, -1e+02, 0e+00, 0e+00, 0e+00, 0e+00, 0e+00, 0e+00, 0e+00, 0e+00, 0e+00, 0e+00, 0e+00, 0e+00, 0e+00, 0e+00, 0e+00, 0e+00, 0e+00, 0e+00, 0e+00, 0e+00, 0e+00, 0e+00, 0e+00, 0e+00, -0e+00]
lightsFromMaxValue.convHeat.Q_flow=[0e+00, 0e+00, 0e+00, 0e+00, 0e+00, 0e+00, 0e+00, 0e+00, 0e+00, 0e+00, 0e+00, 0e+00, 0e+00, 0e+00, 0e+00, 0e+00, 0e+00, 0e+00, 0e+00, 0e+00, 0e+00, 0e+00, 0e+00, 0e+00, 0e+00, 0e+00, 0e+00, 0e+00, 0e+00, 0e+00, 0e+00, 0e+00, 0e+00, 0e+00, -6e+01, -6e+01, -6e+01, -6e+01, -6e+01, -6e+01, -6e+01, -6e+01, -6e+01, -6e+01, -6e+01, -6e+01, -6e+01, -6e+01, -6e+01, -6e+01, -6e+01, -6e+01, -6e+01, -6e+01, -6e+01, -6e+01, -6e+01, -6e+01, -6e+01, -6e+01, -6e+01, -6e+01, -6e+01, -6e+01, -6e+01, -6e+01, -6e+01, -6e+01, -6e+01, -6e+01, -6e+01, -6e+01, -6e+01, -6e+01, -6e+01, -6e+01, 0e+00, 0e+00, 0e+00, 0e+00, 0e+00, 0e+00, 0e+00, 0e+00, 0e+00, 0e+00, 0e+00, 0e+00, 0e+00, 0e+00, 0e+00, 0e+00, 0e+00, 0e+00, 0e+00, 0e+00, 0e+00, 0e+00, 0e+00, 0e+00, -0e+00]
lightsAreaSpecific.convHeat.Q_flow=[0e+00, 0e+00, 0e+00, 0e+00, 0e+00, 0e+00, 0e+00, 0e+00, 0e+00, 0e+00, 0e+00, 0e+00, 0e+00, 0e+00, 0e+00, 0e+00, 0e+00, 0e+00, 0e+00, 0e+00, 0e+00, 0e+00, 0e+00, 0e+00, 0e+00, 0e+00, 0e+00, 0e+00, 0e+00, 0e+00, 0e+00, 0e+00, 0e+00, 0e+00, -1e+02, -1e+02, -1e+02, -1e+02, -1e+02, -1e+02, -1e+02, -1e+02, -1e+02, -1e+02, -1e+02, -1e+02, -1e+02, -1e+02, -1e+02, -1e+02, -1e+02, -1e+02, -1e+02, -1e+02, -1e+02, -1e+02, -1e+02, -1e+02, -1e+02, -1e+02, -1e+02, -1e+02, -1e+02, -1e+02, -1e+02, -1e+02, -1e+02, -1e+02, -1e+02, -1e+02, -1e+02, -1e+02, -1e+02, -1e+02, -1e+02, -1e+02, 0e+00, 0e+00, 0e+00, 0e+00, 0e+00, 0e+00, 0e+00, 0e+00, 0e+00, 0e+00, 0e+00, 0e+00, 0e+00, 0e+00, 0e+00, 0e+00, 0e+00, 0e+00, 0e+00, 0e+00, 0e+00, 0e+00, 0e+00, 0e+00, -0e+00]
