last-generated=2026-06-02
statistics-initialization=
{
  "nonlinear": "2, 0, 1, 0, 1, 0, 1, 0, 1, 0",
  "numerical Jacobians": "0"
}
statistics-simulation=
{
  "linear": "0, 0, 0, 0, 0, 0, 8, 0, 0, 0, 0, 0, 0, 0, 0, 0, 0, 0, 0, 0, 8, 0, 0, 0, 0, 0, 0,   0, 0, 0",
  "nonlinear": "1, 1, 1, 1, 1, 1, 1, 0, 0, 1, 1, 1, 1, 1, 1, 1",
  "number of continuous time states": "100",
  "numerical Jacobians": "0"
}
time=[0e+00, 8.64e+04]
heatPumpPower=[1.604791015625e+03, 3.89419140625e+03, 3.946773193359375e+03, 3.9804970703125e+03, 4.002434814453125e+03, 4.016788818359375e+03, 4.026181640625e+03, 4.01823095703125e+03, 4.036254638671875e+03, 6.274368896484375e+02, 8.74517578125e+02, 3.961824951171875e+03, 3.98583251953125e+03, 3.99069677734375e+03, 4.0388916015625e+03, 4.04502197265625e+03, 8.530570678710938e+02, 8.77050598144529e+02, 3.880297607421875e+03, 3.941376220703125e+03, 3.980160400390625e+03, 4.0229033203125e+03, 4.019453125e+03, 4.024360595703125e+03, 6.314674072265625e+02, 8.725527954101562e+02, 3.91424658203125e+03, 3.97902001953125e+03, 3.9891494140625e+03, 4.004283935546875e+03, 4.044176513671875e+03, 4.04459814453125e+03, 8.7451806640625e+02, 2.5135419921875e+03, 3.938131103515625e+03, 3.967672119140625e+03, 4.019841064453125e+03, 4.028062255859375e+03, 4.022453369140625e+03, 6.354717407226562e+02, 6.755631713867188e+02, 3.894611328125e+03, 3.972985595703125e+03, 3.99634228515625e+03, 4.001008056640625e+03, 4.043476318359375e+03, 4.044154296875e+03, 8.7451806640625e+02, 6.358816528320312e+02, 3.938427734375e+03, 3.9616943359375e+03, 4.0172197265625e+03, 4.026310546875e+03, 4.020748291015625e+03, 1.076949462890625e+03, 6.156729125976561e+02, 3.830430419921878e+03, 3.967605224609375e+03, 3.992756103515625e+03, 3.998048583984375e+03, 4.042944091796875e+03, 4.0438154296875e+03, 8.745181884765625e+02, 6.396865844726562e+02, 3.930849853515625e+03, 3.95617333984375e+03, 4.014943115234375e+03, 4.024779296875e+03, 4.0191796875e+03, 4.0591962890625e+03, 6.179825439453126e+02, 3.550335205078125e+03, 3.962701171875e+03, 3.989468994140625e+03, 3.9952939453125e+03, 4.042784423828125e+03, 4.04356640625e+03, 8.745185546875e+02, 6.43536865234375e+02, 3.92292919921875e+03, 3.951074951171875e+03, 4.013240966796875e+03, 4.023444091796875e+03, 4.017741455078125e+03, 4.059775390625e+03, 6.203003540039062e+02, 1.494654541015625e+03, 3.95849072265625e+03, 3.986470703125e+03, 3.992732666015625e+03, 4.0426064453125e+03, 4.043395751953125e+03, 8.745188598632812e+02, 6.530121459960938e+02, 3.9148681640625e+03, 3.946423095703125e+03, 4.011632080078125e+03, 4.022311279296875e+03, 4.0164453125e+03, 4.064693359375e+03, 6.226316528320312e+02]
heatStorage.layer[1].T=[2.981499938964844e+02, 3.015801696777344e+02, 3.029198303222656e+02, 3.035652160644531e+02, 3.039479064941406e+02, 3.041920166015625e+02, 3.0435107421875e+02, 3.044554443359375e+02, 3.045205383300781e+02, 3.037957153320312e+02, 3.033279418945312e+02, 3.037232666015625e+02, 3.040493469238281e+02, 3.042538452148438e+02, 3.043843994140625e+02, 3.044803771972656e+02, 3.044553527832031e+02, 3.035158996582031e+02, 3.034409790039062e+02, 3.038763427734375e+02, 3.04135986328125e+02, 3.043128662109375e+02, 3.044306640625e+02, 3.045049743652344e+02, 3.040357666015625e+02, 3.033970336914062e+02, 3.03614501953125e+02, 3.039844665527344e+02, 3.042124633789062e+02, 3.043577880859375e+02, 3.044617614746094e+02, 3.045320739746094e+02, 3.036450500488281e+02, 3.034810180664062e+02, 3.037958984375e+02, 3.040864868164062e+02, 3.042794494628906e+02, 3.044089660644531e+02, 3.044914245605469e+02, 3.042937927246094e+02, 3.034710998535156e+02, 3.035151062011719e+02, 3.039256286621094e+02, 3.041753845214844e+02, 3.043341369628906e+02, 3.044451293945312e+02, 3.045216674804688e+02, 3.037818603515625e+02, 3.03325927734375e+02, 3.037214050292969e+02, 3.040416870117188e+02, 3.042492370605469e+02, 3.043894348144531e+02, 3.044793395996094e+02, 3.045409851074219e+02, 3.035496215820312e+02, 3.034467468261719e+02, 3.038711853027344e+02, 3.041415710449219e+02, 3.043127136230469e+02, 3.044299011230469e+02, 3.045121765136719e+02, 3.039277954101562e+02, 3.033680725097656e+02, 3.03650390625e+02, 3.04e+02, 3.042210998535156e+02, 3.04371337890625e+02, 3.044681701660156e+02, 3.04533935546875e+02, 3.036332702636719e+02, 3.034765014648438e+02, 3.038192138671875e+02, 3.041097106933594e+02, 3.042926940917969e+02, 3.044154968261719e+02, 3.045032043457031e+02, 3.040812377929688e+02, 3.034123229980469e+02, 3.035827026367188e+02, 3.039611511230469e+02, 3.041949157714844e+02, 3.043545227050781e+02, 3.044579162597656e+02, 3.045258178710938e+02, 3.037207946777344e+02, 3.033878173828125e+02, 3.037696228027344e+02, 3.040798645019531e+02, 3.042740478515625e+02, 3.044017639160156e+02, 3.044947814941406e+02, 3.042384948730469e+02, 3.0345751953125e+02, 3.035214233398438e+02, 3.039253234863281e+02, 3.041705932617188e+02, 3.043390808105469e+02, 3.044485473632812e+02, 3.045184326171875e+02, 3.038104248046875e+02]
heatStorage.layer[5].T=[2.981499938964844e+02, 3.025652770996094e+02, 3.060051879882812e+02, 3.084287414550781e+02, 3.101716003417969e+02, 3.113787841796875e+02, 3.121913757324219e+02, 3.127245483398438e+02, 3.130539245605469e+02, 3.107483520507812e+02, 3.08262451171875e+02, 3.089134521484375e+02, 3.106055297851562e+02, 3.116529235839844e+02, 3.123263244628906e+02, 3.1286962890625e+02, 3.122539367675781e+02, 3.095935668945312e+02, 3.073747253417969e+02, 3.09679443359375e+02, 3.110127868652344e+02, 3.119765319824219e+02, 3.125949096679688e+02, 3.129668884277344e+02, 3.114119567871094e+02, 3.088426818847656e+02, 3.083518676757812e+02, 3.102687072753906e+02, 3.114410705566406e+02, 3.121813049316406e+02, 3.127666625976562e+02, 3.131361694335938e+02, 3.102492980957031e+02, 3.070985107421875e+02, 3.092577209472656e+02, 3.107509155273438e+02, 3.117961730957031e+02, 3.124775390625e+02, 3.128924560546875e+02, 3.119598083496094e+02, 3.093343505859375e+02, 3.078354187011719e+02, 3.099638977050781e+02, 3.112466735839844e+02, 3.120542907714844e+02, 3.126739807128906e+02, 3.130784912109375e+02, 3.107928466796875e+02, 3.082562255859375e+02, 3.088602905273438e+02, 3.105142822265625e+02, 3.116327819824219e+02, 3.123716430664062e+02, 3.128261108398438e+02, 3.125390930175781e+02, 3.097602844238281e+02, 3.073771667480469e+02, 3.096819458007812e+02, 3.110690612792969e+02, 3.119396667480469e+02, 3.125886840820312e+02, 3.130258178710938e+02, 3.112584228515625e+02, 3.086463623046875e+02, 3.0847998046875e+02, 3.1029443359375e+02, 3.114804077148438e+02, 3.122735595703125e+02, 3.127654113769531e+02, 3.131409301757812e+02, 3.101408386230469e+02, 3.070823974609375e+02, 3.094129333496094e+02, 3.109025268554688e+02, 3.118331909179688e+02, 3.125075073242188e+02, 3.129761962890625e+02, 3.11663330078125e+02, 3.089941101074219e+02, 3.081166076660156e+02, 3.100902099609375e+02, 3.113381042480469e+02, 3.121826782226562e+02, 3.127100219726562e+02, 3.13093017578125e+02, 3.104810791015625e+02, 3.078253479003906e+02, 3.0915625e+02, 3.107466430664062e+02, 3.117346496582031e+02, 3.124302978515625e+02, 3.129295043945312e+02, 3.120166320800781e+02, 3.093026428222656e+02, 3.077734680175781e+02, 3.099022216796875e+02, 3.112061462402344e+02, 3.120992736816406e+02, 3.126600952148438e+02, 3.130459289550781e+02, 3.107842102050781e+02]
coldStorage.layer[5].T=[2.981499938964844e+02, 2.910079040527344e+02, 2.886893615722656e+02, 2.876834106445312e+02, 2.871113891601562e+02, 2.867504577636719e+02, 2.865155334472656e+02, 2.864528503417969e+02, 2.868399047851562e+02, 2.865516662597656e+02, 2.865648193359375e+02, 2.868099975585938e+02, 2.865324401855469e+02, 2.864834594726562e+02, 2.868309631347656e+02, 2.865546875e+02, 2.863794860839844e+02, 2.869255676269531e+02, 2.865651550292969e+02, 2.864210510253906e+02, 2.86862548828125e+02, 2.865705871582031e+02, 2.863871154785156e+02, 2.869165649414062e+02, 2.865942993164062e+02, 2.864259033203125e+02, 2.868748168945312e+02, 2.865698852539062e+02, 2.863854064941406e+02, 2.869226379394531e+02, 2.865933837890625e+02, 2.86400634765625e+02, 2.868836669921875e+02, 2.866065368652344e+02, 2.863985290527344e+02, 2.869088439941406e+02, 2.866046447753906e+02, 2.864063415527344e+02, 2.868714904785156e+02, 2.866343994140625e+02, 2.864067077636719e+02, 2.869087829589844e+02, 2.866053771972656e+02, 2.864052734375e+02, 2.868771667480469e+02, 2.86630126953125e+02, 2.864212341308594e+02, 2.868314514160156e+02, 2.866479187011719e+02, 2.86418701171875e+02, 2.86865234375e+02, 2.866391906738281e+02, 2.864255676269531e+02, 2.868220825195312e+02, 2.86671875e+02, 2.864291076660156e+02, 2.868642578125e+02, 2.866410827636719e+02, 2.864250793457031e+02, 2.868279724121094e+02, 2.866671752929688e+02, 2.864415283203125e+02, 2.867747802734375e+02, 2.866907348632812e+02, 2.864394836425781e+02, 2.868160705566406e+02, 2.866756591796875e+02, 2.864454345703125e+02, 2.867663879394531e+02, 2.867106018066406e+02, 2.864520568847656e+02, 2.868145141601562e+02, 2.866783142089844e+02, 2.864453125e+02, 2.867728271484375e+02, 2.867059326171875e+02, 2.864623107910156e+02, 2.867114868164062e+02, 2.8673486328125e+02, 2.864607849121094e+02, 2.867614135742188e+02, 2.86713623046875e+02, 2.864657287597656e+02, 2.867044677734375e+02, 2.867506713867188e+02, 2.864753723144531e+02, 2.86759765625e+02, 2.867166137695312e+02, 2.864657897949219e+02, 2.867120971679688e+02, 2.867455749511719e+02, 2.864833374023438e+02, 2.866417236328125e+02, 2.867791137695312e+02, 2.864827880859375e+02, 2.867007751464844e+02, 2.867528381347656e+02, 2.864864807128906e+02, 2.866357116699219e+02, 2.867901000976562e+02, 2.864991149902344e+02]
coldStorage.layer[1].T=[2.981499938964844e+02, 2.939334106445312e+02, 2.903736877441406e+02, 2.872650451660156e+02, 2.848001403808594e+02, 2.830244750976562e+02, 2.818096923828125e+02, 2.814670715332031e+02, 2.83293701171875e+02, 2.818370971679688e+02, 2.816649169921875e+02, 2.832316284179688e+02, 2.818063354492188e+02, 2.815274963378906e+02, 2.833213806152344e+02, 2.81924072265625e+02, 2.812043151855469e+02, 2.831759338378906e+02, 2.818926696777344e+02, 2.813666381835938e+02, 2.832541809082031e+02, 2.819975280761719e+02, 2.811253356933594e+02, 2.831056213378906e+02, 2.820562133789062e+02, 2.812961730957031e+02, 2.832199401855469e+02, 2.81987060546875e+02, 2.811658325195312e+02, 2.83141845703125e+02, 2.821100769042969e+02, 2.811737976074219e+02, 2.82918701171875e+02, 2.820694580078125e+02, 2.811229858398438e+02, 2.830629272460938e+02, 2.821607971191406e+02, 2.811997680664062e+02, 2.828659057617188e+02, 2.822656555175781e+02, 2.811224060058594e+02, 2.830324096679688e+02, 2.821571044921875e+02, 2.811884765625e+02, 2.828955078125e+02, 2.822850341796875e+02, 2.8127783203125e+02, 2.826763916015625e+02, 2.82266845703125e+02, 2.81218017578125e+02, 2.828345336914062e+02, 2.823250732421875e+02, 2.812965698242188e+02, 2.826357421875e+02, 2.824736938476562e+02, 2.812379150390625e+02, 2.827940063476562e+02, 2.823266296386719e+02, 2.812877502441406e+02, 2.826615600585938e+02, 2.824597473144531e+02, 2.813796081542969e+02, 2.824392700195312e+02, 2.824723205566406e+02, 2.813151550292969e+02, 2.826069946289062e+02, 2.824967651367188e+02, 2.813958435058594e+02, 2.824063415527344e+02, 2.826636657714844e+02, 2.813558349609375e+02, 2.825590515136719e+02, 2.825019836425781e+02, 2.813885192871094e+02, 2.824310302734375e+02, 2.826408081054688e+02, 2.814829711914062e+02, 2.822046813964844e+02, 2.8268310546875e+02, 2.814134826660156e+02, 2.823825988769531e+02, 2.826744384765625e+02, 2.814966430664062e+02, 2.821800231933594e+02, 2.828512573242188e+02, 2.814751892089844e+02, 2.823292236328125e+02, 2.826819152832031e+02, 2.814899291992188e+02, 2.822056884765625e+02, 2.828269348144531e+02, 2.815870971679688e+02, 2.819752197265625e+02, 2.8289697265625e+02, 2.815134582519531e+02, 2.821607971191406e+02, 2.828587036132812e+02, 2.815992431640625e+02, 2.819561767578125e+02, 2.830408630371094e+02, 2.8159619140625e+02]
