last-generated=2022-05-19
statistics-simulation=
{
  "linear": " ",
  "nonlinear": " ",
  "number of continuous time states": "1",
  "numerical Jacobians": "0"
}
time=[-1e+00, 1e+00]
y=[3.226286172866821e-02, 7.858306324665024e-02, 1.766820819340705e-01, 3.700275724160381e-01, 7.274674752885875e-01, 1.351497814685465e+00, 2.386336507394648e+00, 4.024603440845589e+00, 6.511387367982671e+00, 1.014460319099709e+01, 1.527072226337863e+01, 2.227561208634054e+01, 3.15707043114016e+01, 4.357486238974464e+01, 5.869349835530861e+01, 7.729606194737673e+01, 9.969397096108089e+01, 1.261197736298288e+02, 1.567099683731862e+02, 1.914925778554354e+02, 2.303789707038945e+02, 2.731623165713701e+02, 3.19521856346847e+02, 3.690312743911432e+02, 4.211728619985667e+02, 4.753555603027344e+02, 5.309339299333215e+02, 5.876615225804486e+02, 6.400395449965117e+02, 6.882886647855395e+02, 7.352947524307506e+02, 7.802473649895322e+02, 8.227651049457626e+02, 8.625311347244723e+02, 8.992968012627938e+02, 9.3288295341937e+02, 9.631787126240818e+02, 9.90139514147387e+02, 1.013782952994846e+03, 1.034183836750339e+03, 1.051468630237435e+03, 1.065809086560088e+03, 1.077415891664616e+03, 1.08653222679313e+03, 1.093427489419595e+03, 1.098391968066931e+03, 1.101730834713846e+03, 1.103760375870438e+03, 1.104803955045601e+03, 1.105188598628338e+03, 1.105243530273438e+03, 1.105298461918537e+03, 1.105683349641926e+03, 1.106728393661139e+03, 1.108766113529869e+03, 1.112132690133192e+03, 1.117171753760838e+03, 1.124237914801702e+03, 1.133701906276877e+03, 1.145956538151567e+03, 1.161424435964179e+03, 1.180565797183805e+03, 1.203889533361806e+03, 1.231964736557826e+03, 1.265435056460043e+03, 1.305036107630826e+03, 1.351615374750785e+03, 1.406156605841737e+03, 1.469809033676498e+03, 1.543922992960772e+03, 1.630091891699816e+03, 1.730205271945022e+03, 1.846510879416293e+03, 1.981693421587949e+03, 2.138969086498533e+03, 2.3222021484375e+03, 2.536049540131598e+03, 2.78613667737084e+03, 3.079280724497501e+03, 3.423757640920609e+03, 3.829638643725834e+03, 4.309213745013362e+03, 4.877498985240834e+03, 5.552883328876573e+03, 6.357930355378584e+03, 7.320356107243088e+03, 8.474258968440683e+03, 9.861653585229578e+03, 1.153433292329457e+04, 1.355621613018909e+04, 1.600621424487879e+04, 1.898181369505791e+04, 2.260340768305692e+04, 2.701967431874942e+04, 3.241420848007762e+04, 3.901346589996076e+04, 4.709655910140356e+04, 5.700721227087879e+04, 6.916791316744957e+04, 8.409718769469258e+04, 1.024303828125e+05]
y_comp=[3.226286172866821e-02, 7.858307814781143e-02, 1.766821117363928e-01, 3.700276022183605e-01, 7.274674752885875e-01, 1.351497814685465e+00, 2.386336507394648e+00, 4.024603440845589e+00, 6.511387367982671e+00, 1.014460319099709e+01, 1.527072226337863e+01, 2.227561208632689e+01, 3.15707043114016e+01, 4.357486238973555e+01, 5.869349835530861e+01, 7.729606194737673e+01, 9.969397096109454e+01, 1.261197736299288e+02, 1.567099836319207e+02, 1.914925778554354e+02, 2.303789707038945e+02, 2.731623165713701e+02, 3.19521856346847e+02, 3.690312743911432e+02, 4.211728925159993e+02, 4.753555603027344e+02, 5.309339299333215e+02, 5.876615225804486e+02, 6.400395449965117e+02, 6.882886647855395e+02, 7.352947524307506e+02, 7.802474260246157e+02, 8.227651659807005e+02, 8.625311347245269e+02, 8.992968012627938e+02, 9.328829534195519e+02, 9.631787126240999e+02, 9.90139514147387e+02, 1.013782952994846e+03, 1.034183836750339e+03, 1.051468630237435e+03, 1.06580908655987e+03, 1.077415891664616e+03, 1.08653222679313e+03, 1.093427489419595e+03, 1.098391968066931e+03, 1.101730834713846e+03, 1.103760375870438e+03, 1.104803955045601e+03, 1.105188598628338e+03, 1.105243530273438e+03, 1.105298461918537e+03, 1.105683349641926e+03, 1.106728393661139e+03, 1.108766113529869e+03, 1.112132812203459e+03, 1.117171875831069e+03, 1.124238036871996e+03, 1.133701906276986e+03, 1.145956660221879e+03, 1.161424435964179e+03, 1.180565919254082e+03, 1.203889655431955e+03, 1.231964736557826e+03, 1.265435178530356e+03, 1.305036229701138e+03, 1.351615496820879e+03, 1.406156605841846e+03, 1.469809155746811e+03, 1.543923115031085e+03, 1.630092013770129e+03, 1.730205271945422e+03, 1.846510879416366e+03, 1.981693421588204e+03, 2.138969330638503e+03, 2.3222021484375e+03, 2.536049540132762e+03, 2.786136921511465e+03, 3.079280968638126e+03, 3.423757640920609e+03, 3.829638887866459e+03, 4.309213745013944e+03, 4.877499473520338e+03, 5.552883817157823e+03, 6.357930843658961e+03, 7.320356595522883e+03, 8.474258968447668e+03, 9.861653585231907e+03, 1.153433389985474e+04, 1.35562171067446e+04, 1.600621522144129e+04, 1.898181564817942e+04, 2.260340768306972e+04, 2.701967627187442e+04, 3.241420848007762e+04, 3.901346589998404e+04, 4.709656300763726e+04, 5.700721617712879e+04, 6.916791316744957e+04, 8.409718769469258e+04, 1.02430390625e+05]
