last-generated=2022-11-28
statistics-simulation=
{
  "linear": " ",
  "nonlinear": " ",
  "number of continuous time states": "6",
  "numerical Jacobians": "0"
}
time=[0e+00, 1e+00]
limPID.u_s=[1e+00, 1e+00, 1e+00, 1e+00, 1e+00, 1e+00, 1e+00, 1e+00, 1e+00, 1e+00, 1e+00, 1e+00, 1e+00, 0e+00, 0e+00, 0e+00, 0e+00, 0e+00, 0e+00, 0e+00, 0e+00, 0e+00, 0e+00, 0e+00, 0e+00, 0e+00, 1e+00, 1e+00, 1e+00, 1e+00, 1e+00, 1e+00, 1e+00, 1e+00, 1e+00, 1e+00, 1e+00, 1e+00, 0e+00, 0e+00, 0e+00, 0e+00, 0e+00, 0e+00, 0e+00, 0e+00, 0e+00, 0e+00, 0e+00, 0e+00, 0e+00, 1e+00, 1e+00, 1e+00, 1e+00, 1e+00, 1e+00, 1e+00, 1e+00, 1e+00, 1e+00, 1e+00, 1e+00, 0e+00, 0e+00, 0e+00, 0e+00, 0e+00, 0e+00, 0e+00, 0e+00, 0e+00, 0e+00, 0e+00, 0e+00, 0e+00, 1e+00, 1e+00, 1e+00, 1e+00, 1e+00, 1e+00, 1e+00, 1e+00, 1e+00, 1e+00, 1e+00, 1e+00, 0e+00, 0e+00, 0e+00, 0e+00, 0e+00, 0e+00, 0e+00, 0e+00, 0e+00, 0e+00, 0e+00, 0e+00, 0e+00]
limPID.u_m=[5e-01, 5e-01]
limPID.y=[-1e+00, -1e+00, -1e+00, -1e+00, -1e+00, -1e+00, -1e+00, -1e+00, -1e+00, -1e+00, -1e+00, -9.39962913405494e-01, -7.765463773263924e-01, -1e+00, -1e+00, -1e+00, -1e+00, -1e+00, -1e+00, -1e+00, -9.589818904866662e-01, -8.995739452895635e-01, -8.46305006760756e-01, -7.985933017327835e-01, -7.559050107593784e-01, -7.177559733390808e-01, 3.262912135514898e-01, 3.666497945022046e-01, 4.03623457467665e-01, 4.375507504546854e-01, 4.687330065404484e-01, 4.974242382639381e-01, 5.238567770801613e-01, 5.48246650714417e-01, 5.70790938669825e-01, 5.916633724787957e-01, 6.110217898464588e-01, 6.290147221206892e-01, -3.592373401749486e-01, -3.53581391524671e-01, -3.489332820533432e-01, -3.451993155865077e-01, -3.423002032313563e-01, -3.401592089083438e-01, -3.387036917026625e-01, -3.378649646078328e-01, -3.375821412220182e-01, -3.378016651272694e-01, -3.384759734111371e-01, -3.39563428171149e-01, -3.410221040248871e-01, 6.671727972215378e-01, 6.750774531272783e-01, 6.827144836652583e-01, 6.901016674911438e-01, 6.972606693779974e-01, 7.042122466856073e-01, 7.109782743390032e-01, 7.175707925529491e-01, 7.240099477500784e-01, 7.303097099121735e-01, 7.364855320987608e-01, 7.425438733026996e-01, -2.565055509135826e-01, -2.606408059800582e-01, -2.648509842239963e-01, -2.691333478893649e-01, -2.734707223079436e-01, -2.778720228003774e-01, -2.823372792001773e-01, -2.868534976802627e-01, -2.914184132334266e-01, -2.960248159197328e-01, -3.006687671508328e-01, -3.053478553866757e-01, -3.100571036338806e-01, 6.951951434511734e-01, 7.004281381995858e-01, 7.056409865416849e-01, 7.108350284855228e-01, 7.160113392247829e-01, 7.211726891621437e-01, 7.263197935613394e-01, 7.314514603267357e-01, 7.365713849680876e-01, 7.416808483494391e-01, 7.467781828510266e-01, 7.518665766304606e-01, -2.480555498268188e-01, -2.529878090880628e-01, -2.579249857438692e-01, -2.628677357689064e-01, -2.678152538196392e-01, -2.727672124239394e-01, -2.77723999013845e-01, -2.826850473431357e-01, -2.876489567030845e-01, -2.926166511464449e-01, -2.975881302873986e-01, -3.025613677747522e-01, -3.075374066829681e-01]
limPIDRev.y=[1e+00, 1e+00, 1e+00, 1e+00, 1e+00, 1e+00, 1e+00, 1e+00, 1e+00, 1e+00, 1e+00, 9.39962913405494e-01, 7.765463773263924e-01, 1e+00, 1e+00, 1e+00, 1e+00, 1e+00, 1e+00, 1e+00, 9.589818904866662e-01, 8.995739452895635e-01, 8.46305006760756e-01, 7.985933017327835e-01, 7.559050107593784e-01, 7.177559733390808e-01, -3.262912135514898e-01, -3.666497945022046e-01, -4.03623457467665e-01, -4.375507504546854e-01, -4.687330065404484e-01, -4.974242382639381e-01, -5.238567770801613e-01, -5.48246650714417e-01, -5.70790938669825e-01, -5.916633724787957e-01, -6.110217898464588e-01, -6.290147221206892e-01, 3.592373401749486e-01, 3.53581391524671e-01, 3.489332820533432e-01, 3.451993155865077e-01, 3.423002032313563e-01, 3.401592089083438e-01, 3.387036917026625e-01, 3.378649646078328e-01, 3.375821412220182e-01, 3.378016651272694e-01, 3.384759734111371e-01, 3.39563428171149e-01, 3.410221040248871e-01, -6.671727972215378e-01, -6.750774531272783e-01, -6.827144836652583e-01, -6.901016674911438e-01, -6.972606693779974e-01, -7.042122466856073e-01, -7.109782743390032e-01, -7.175707925529491e-01, -7.240099477500784e-01, -7.303097099121735e-01, -7.364855320987608e-01, -7.425438733026996e-01, 2.565055509135826e-01, 2.606408059800582e-01, 2.648509842239963e-01, 2.691333478893649e-01, 2.734707223079436e-01, 2.778720228003774e-01, 2.823372792001773e-01, 2.868534976802627e-01, 2.914184132334266e-01, 2.960248159197328e-01, 3.006687671508328e-01, 3.053478553866757e-01, 3.100571036338806e-01, -6.951951434511734e-01, -7.004281381995858e-01, -7.056409865416849e-01, -7.108350284855228e-01, -7.160113392247829e-01, -7.211726891621437e-01, -7.263197935613394e-01, -7.314514603267357e-01, -7.365713849680876e-01, -7.416808483494391e-01, -7.467781828510266e-01, -7.518665766304606e-01, 2.480555498268188e-01, 2.529878090880628e-01, 2.579249857438692e-01, 2.628677357689064e-01, 2.678152538196392e-01, 2.727672124239394e-01, 2.77723999013845e-01, 2.826850473431357e-01, 2.876489567030845e-01, 2.926166511464449e-01, 2.975881302873986e-01, 3.025613677747522e-01, 3.075374066829681e-01]
