last-generated=2026-06-02
statistics-initialization=
{
  "linear": "4, 0",
  "nonlinear": "4, 0, 3, 0, 3, 0, 0, 1, 0, 0, 0, 0, 1, 0",
  "numerical Jacobians": "0"
}
statistics-simulation=
{
  "linear": "0, 0, 0, 0, 0, 0, 0, 0, 0, 0, 0, 0, 0, 0, 0, 0, 0, 0, 0, 0, 0, 0, 0, 4, 0",
  "nonlinear": "0, 0, 0, 1, 0, 0, 0, 1, 2, 1, 1, 1, 1, 1, 1, 2, 1, 1, 1, 1, 1, 1, 2, 1, 1, 1, 1,   1, 1, 0, 1, 0, 1, 0, 1",
  "number of continuous time states": "266",
  "numerical Jacobians": "0"
}
time=[5.9616e+06, 6.5664e+06]
genericAHU.genericAHUBus.TSupMea=[3.031499938964844e+02, 2.931509399414062e+02, 2.931464233398438e+02, 2.931485961914062e+02, 2.931466918945313e+02, 2.931529846191406e+02, 2.931552062988281e+02, 2.931572265625e+02, 2.931464599609375e+02, 2.931511291503906e+02, 2.931468505859375e+02, 2.931443054199219e+02, 2.931441284179688e+02, 2.931420959472656e+02, 2.931483703613281e+02, 2.931449890136719e+02, 2.931443420410156e+02, 2.931452026367188e+02, 2.931515441894531e+02, 2.931516357421875e+02, 2.919926147460938e+02, 2.931753112792969e+02, 2.931626220703125e+02, 2.931115966796875e+02, 2.93145654296875e+02, 2.931556396484375e+02, 2.931451721191406e+02, 2.931446411132812e+02, 2.931384887695312e+02, 2.931429016113281e+02, 2.931484985351562e+02, 2.931454711914063e+02, 2.931491882324219e+02, 2.931722412109375e+02, 2.931681640625e+02, 2.931563720703125e+02, 2.930009460449219e+02, 2.929010070800781e+02, 2.931603210449219e+02, 2.930373168945313e+02, 2.93147705078125e+02, 2.931517211914062e+02, 2.93146826171875e+02, 2.931510681152344e+02, 2.931461303710938e+02, 2.931470031738281e+02, 2.931467163085937e+02, 2.931475524902344e+02, 2.931557739257813e+02, 2.931469787597656e+02, 2.931707763671875e+02, 2.931881713867188e+02, 2.931514953613281e+02, 2.937225524902344e+02, 2.931431213378906e+02, 2.931473693847656e+02, 2.931435241699219e+02, 2.931422302246094e+02, 2.931484924316406e+02, 2.931431335449219e+02, 2.931485290527344e+02, 2.931448791503906e+02, 2.931747497558594e+02, 2.932116333007813e+02, 2.932161315917969e+02, 2.931087341308594e+02, 2.934406433105469e+02, 2.931747131347656e+02, 2.925867370605469e+02, 2.931382995605469e+02, 2.931418151855469e+02, 2.931424865722656e+02, 2.93143408203125e+02, 2.931408874511719e+02, 2.931440063476563e+02, 2.931372985839844e+02, 2.931530212402344e+02, 2.931725830078125e+02, 2.940721435546875e+02, 2.931917358398438e+02, 2.931487121582031e+02, 2.938101318359375e+02, 2.93117138671875e+02, 2.931354553222656e+02, 2.931458984375e+02, 2.931476135253906e+02, 2.931461303710938e+02, 2.931463562011719e+02, 2.931466613769531e+02, 2.931483947753906e+02, 2.931505126953125e+02, 2.931466613769531e+02, 2.931486877441406e+02, 2.931439697265625e+02, 2.931493896484375e+02, 2.9315185546875e+02, 2.931468566894531e+02, 2.931528198242187e+02, 2.931471069335938e+02, 2.931541320800781e+02, 2.931555480957031e+02]
genericAHU.genericAHUBus.TOdaMea=[3.031499938964844e+02, 2.81651025390625e+02, 2.812721008300781e+02, 2.810447387695312e+02, 2.806353942871094e+02, 2.806245727539062e+02, 2.8138896484375e+02, 2.823677001953125e+02, 2.825363159179688e+02, 2.827453186035156e+02, 2.824911193847656e+02, 2.819651428222656e+02, 2.811151306152344e+02, 2.794293579101562e+02, 2.794889709472656e+02, 2.785244445800781e+02, 2.781871765136719e+02, 2.778995727539062e+02, 2.785819702148438e+02, 2.786312438964844e+02, 2.820505065917969e+02, 2.853292114257812e+02, 2.864217895507812e+02, 2.868355346679688e+02, 2.87213037109375e+02, 2.875488891601562e+02, 2.866647155761719e+02, 2.85530322265625e+02, 2.847202270507813e+02, 2.835629028320312e+02, 2.836711120605469e+02, 2.83335107421875e+02, 2.831687866210938e+02, 2.828631103515625e+02, 2.837184204101562e+02, 2.843091125488281e+02, 2.845592834472656e+02, 2.850676513671875e+02, 2.853401550292969e+02, 2.850943969726562e+02, 2.850019836425781e+02, 2.846758239746094e+02, 2.832384338378906e+02, 2.834480773925781e+02, 2.830691284179687e+02, 2.827716674804688e+02, 2.823108764648438e+02, 2.821388427734375e+02, 2.826403381347656e+02, 2.829924865722656e+02, 2.836463317871094e+02, 2.854063049316406e+02, 2.854196472167969e+02, 2.856457336425781e+02, 2.847413696289062e+02, 2.841886291503906e+02, 2.836948852539062e+02, 2.823235778808594e+02, 2.812730529785156e+02, 2.804439819335938e+02, 2.803667907714844e+02, 2.803451293945312e+02, 2.806056823730469e+02, 2.844160034179687e+02, 2.878858947753906e+02, 2.906085510253906e+02, 2.91112646484375e+02, 2.911348999023438e+02, 2.89287939453125e+02, 2.874098022460938e+02, 2.862945861816406e+02, 2.850127746582031e+02, 2.841727661132812e+02, 2.828424438476562e+02, 2.819891967773438e+02, 2.80355224609375e+02, 2.796068237304688e+02, 2.81635107421875e+02, 2.834853698730469e+02, 2.859810119628906e+02, 2.873733215332031e+02, 2.854790222167969e+02, 2.835642944335938e+02, 2.810159240722656e+02, 2.804072448730469e+02, 2.799130249023438e+02, 2.791451416015625e+02, 2.786036560058594e+02, 2.78099658203125e+02, 2.778919067382812e+02, 2.775111083984375e+02, 2.773408386230469e+02, 2.774520690917969e+02, 2.776192504882812e+02, 2.780265197753906e+02, 2.786343688964844e+02, 2.789421020507813e+02, 2.788550109863281e+02, 2.782231201171875e+02, 2.780322937011719e+02, 2.794450073242188e+02]
genericAHU.genericAHUBus.heaterBus.hydraulicBus.valveSet=[0e+00, 4.354621648788452e-01, 4.389257729053497e-01, 4.41725754737854e-01, 4.445399165153504e-01, 4.46239173412323e-01, 4.409749031066895e-01, 4.309804975986481e-01, 4.287144064903259e-01, 4.296587824821472e-01, 4.315266907215118e-01, 4.357831716537476e-01, 4.424865007400512e-01, 4.535456836223603e-01, 4.554093897342682e-01, 4.616265892982483e-01, 4.642306208610535e-01, 4.670860528945923e-01, 4.649947345256805e-01, 4.523701429367065e-01, 6.020029187202454e-01, 5.189468026161194e-01, 3.897331476211548e-01, 5.01443088054657e-01, 4.299856185913086e-01, 3.723293542861938e-01, 3.970117449760437e-01, 4.078939974308014e-01, 4.135339438915253e-01, 4.252686738967896e-01, 4.255667924880981e-01, 4.288061738014221e-01, 4.3255535364151e-01, 4.218876957893372e-01, 4.093284606933594e-01, 5.763770937919617e-01, 4.083235561847687e-01, 5.566218972206116e-01, 5.159700036048889e-01, 3.978922188282013e-01, 4.126206934452057e-01, 4.167355358600616e-01, 4.283910036087036e-01, 4.28033721446991e-01, 4.31583559513092e-01, 4.347301721572876e-01, 4.391751706600189e-01, 4.412655532360077e-01, 4.18004035949707e-01, 6.047475814819336e-01, 5.467841625213623e-01, 4.673474669456482e-01, 5.125596404075623e-01, 4.377264738082886e-01, 4.130137860774994e-01, 4.18815940618515e-01, 4.228049755096436e-01, 4.342856705188751e-01, 4.437439203262329e-01, 4.484606146812439e-01, 4.499881565570831e-01, 4.501538217067719e-01, 4.373423933982849e-01, 5.785955429077149e-01, 4.544704616069793e-01, 3.392351865768433e-01, 1.883980870246887e-01, 8.920640051364899e-02, 3.443479835987091e-01, 3.771585822105408e-01, 3.894482254981995e-01, 4.008883237838745e-01, 4.084135591983795e-01, 4.1844442486763e-01, 4.264007985591888e-01, 4.376232028007507e-01, 4.313625991344452e-01, 4.103626132011414e-01, 5.434673190116882e-01, 3.802893877029419e-01, 4.581360816955566e-01, 4.359533131122589e-01, 3.856427431106567e-01, 4.223774611949921e-01, 4.298646807670593e-01, 4.352713823318481e-01, 4.409919619560242e-01, 4.460352182388306e-01, 4.502354979515076e-01, 4.523015141487122e-01, 4.536108374595642e-01, 4.54311341047287e-01, 4.557911813259125e-01, 4.569118559360504e-01, 4.58389812707901e-01, 4.568007588386536e-01, 4.555885672569275e-01, 4.572232842445373e-01, 4.613771438598633e-01, 4.632198810577393e-01, 4.577624499797821e-01]
genericAHU.genericAHUBus.heaterBus.VFlowAirMea=[0e+00, 1.666666716337204e-01, 1.666666716337204e-01, 1.666666716337204e-01, 1.666666716337204e-01, 1.666666716337204e-01, 1.666666716337204e-01, 1.666666716337204e-01, 1.666666716337204e-01, 1.666666716337204e-01, 1.666666716337204e-01, 1.666666716337204e-01, 1.666666716337204e-01, 1.666666716337204e-01, 1.666666716337204e-01, 1.666666716337204e-01, 1.666666716337204e-01, 1.666666716337204e-01, 1.666666716337204e-01, 1.666666716337204e-01, 7.368991374969482e-01, 5.359351992607116e-01, 1.840522527694702e-01, 7.128674387931824e-01, 3.597675025463104e-01, 1.666666716337204e-01, 1.666666716337204e-01, 1.666666716337204e-01, 1.666666716337204e-01, 1.666666716337204e-01, 1.666666716337204e-01, 1.666666716337204e-01, 1.666666716337204e-01, 1.666666716337204e-01, 1.666666716337204e-01, 7.128630876541138e-01, 1.839789360761643e-01, 7.188689470291137e-01, 5.360563516616821e-01, 1.666666716337204e-01, 1.666666716337204e-01, 1.666666716337204e-01, 1.666666716337204e-01, 1.666666716337204e-01, 1.666666716337204e-01, 1.666666716337204e-01, 1.666666716337204e-01, 1.666666716337204e-01, 1.666666716337204e-01, 7.128610253334046e-01, 5.360564589500427e-01, 3.598538637161255e-01, 5.360096573829651e-01, 1.689206391572952e-01, 1.666666716337204e-01, 1.666666716337204e-01, 1.666666716337204e-01, 1.666666716337204e-01, 1.666666716337204e-01, 1.666666716337204e-01, 1.666666716337204e-01, 1.666666716337204e-01, 1.666666716337204e-01, 7.123736858367919e-01, 5.360493898391724e-01, 3.602325022220612e-01, 7.128633618354797e-01, 3.598478615283966e-01, 1.666666716337204e-01, 1.666666716337204e-01, 1.666666716337204e-01, 1.666666716337204e-01, 1.666666716337204e-01, 1.666666716337204e-01, 1.666666716337204e-01, 1.666666716337204e-01, 1.666666716337204e-01, 1.666666716337204e-01, 5.393661618232727e-01, 1.840483814477921e-01, 7.129406929016113e-01, 3.594027161598206e-01, 1.666666716337204e-01, 1.666666716337204e-01, 1.666666716337204e-01, 1.666666716337204e-01, 1.666666716337204e-01, 1.666666716337204e-01, 1.666666716337204e-01, 1.666666716337204e-01, 1.666666716337204e-01, 1.666666716337204e-01, 1.666666716337204e-01, 1.666666716337204e-01, 1.666666716337204e-01, 1.666666716337204e-01, 1.666666716337204e-01, 1.666666716337204e-01, 1.666666716337204e-01, 1.666666716337204e-01, 1.666666716337204e-01]
thermalZone.CO2Con=[4e+02, 4.199928039550781e+02, 4.345899658203125e+02, 4.420387390136719e+02, 4.458430480957031e+02, 4.477864379882812e+02, 4.487784118652344e+02, 4.492851745605469e+02, 4.495439025878906e+02, 4.496760437011719e+02, 4.497435302734375e+02, 4.497779541015625e+02, 4.497955444335938e+02, 4.498045288085938e+02, 4.498091064453125e+02, 4.498114318847656e+02, 4.498126342773438e+02, 4.498132568359375e+02, 4.498135681152344e+02, 5.226972412109375e+02, 8.995568237304688e+02, 8.999942260742188e+02, 9e+02, 9.000002197265625e+02, 8.999960693359375e+02, 8.29080322265625e+02, 6.434753540039062e+02, 5.486837524414062e+02, 5.002899108886719e+02, 4.755877624511719e+02, 4.629733581542969e+02, 4.565347106933594e+02, 4.532453308105469e+02, 4.897255737304687e+02, 7.791054565429688e+02, 9e+02, 8.999966674804688e+02, 9.000375122070312e+02, 9e+02, 8.5924677734375e+02, 6.845216064453125e+02, 5.696548217773437e+02, 5.110018859863281e+02, 4.810679138183594e+02, 4.657748352050781e+02, 4.57966064453125e+02, 4.539778991699219e+02, 4.519406616210937e+02, 6.717211303710938e+02, 8.999999145507812e+02, 9e+02, 9.000000610351562e+02, 8.999977905273438e+02, 8.958572631835938e+02, 7.341839233398438e+02, 5.949932250976562e+02, 5.239409912109375e+02, 4.876585205078125e+02, 4.691333618164062e+02, 4.596769409179688e+02, 4.548495788574219e+02, 4.523847290039063e+02, 5.682026123046875e+02, 8.999725952148438e+02, 8.999996459960937e+02, 9.00017578125e+02, 9e+02, 8.999997924804687e+02, 7.944049682617188e+02, 6.25727490234375e+02, 5.396285400390625e+02, 4.956669555664063e+02, 4.732236389160156e+02, 4.617679382324219e+02, 4.559175598144531e+02, 4.529299926757812e+02, 5.077571044921875e+02, 8.573929565429687e+02, 9.000771728515625e+02, 8.999997924804687e+02, 9.000035400390625e+02, 8.9994208984375e+02, 8.434379516601563e+02, 6.629853515625e+02, 5.5866123046875e+02, 5.053844604492188e+02, 4.781892761230469e+02, 4.643033935546875e+02, 4.572137512207031e+02, 4.535904907226562e+02, 4.517423095703125e+02, 4.507987060546875e+02, 4.503171447753906e+02, 4.5007109375e+02, 4.4994521484375e+02, 4.498809204101562e+02, 4.498481262207031e+02, 4.498313781738281e+02, 4.498228210449219e+02, 4.498184448242188e+02, 4.498162231445312e+02]
