last-generated=2021-05-06
statistics-initialization=
{
  "linear": "0, 0"
}
statistics-simulation=
{
  "linear": " ",
  "nonlinear": " ",
  "number of continuous time states": "6",
  "numerical Jacobians": "0"
}
time=[0e+00, 1.728e+05]
vol.T=[2.931499938964844e+02, 2.95150146484375e+02, 2.951503295898438e+02, 2.951504821777344e+02, 2.95150634765625e+02, 2.951507873535156e+02, 2.951509094238281e+02, 2.951510314941406e+02, 2.951511840820312e+02, 2.951513061523438e+02, 2.954037475585938e+02, 2.959230651855469e+02, 2.964556579589844e+02, 2.969931335449219e+02, 2.975270080566406e+02, 2.980488891601562e+02, 2.981504211425781e+02, 2.98150390625e+02, 2.981503601074219e+02, 2.981503295898438e+02, 2.981502990722656e+02, 2.981502685546875e+02, 2.981502380371094e+02, 2.981501770019531e+02, 2.981501159667969e+02, 2.981499938964844e+02, 2.9814990234375e+02, 2.981498413085938e+02, 2.981497802734375e+02, 2.981497192382812e+02, 2.981496887207031e+02, 2.981496887207031e+02, 2.98149658203125e+02, 2.981496276855469e+02, 2.981495971679688e+02, 2.981183776855469e+02, 2.97606689453125e+02, 2.970740661621094e+02, 2.965365905761719e+02, 2.960027160644531e+02, 2.954808349609375e+02, 2.95148681640625e+02, 2.951488037109375e+02, 2.9514892578125e+02, 2.951490783691406e+02, 2.951492004394531e+02, 2.951493530273438e+02, 2.951495056152344e+02, 2.95149658203125e+02, 2.951498107910156e+02, 2.951499938964844e+02, 2.95150146484375e+02, 2.951503295898438e+02, 2.951504821777344e+02, 2.95150634765625e+02, 2.951507873535156e+02, 2.951509094238281e+02, 2.951510314941406e+02, 2.951511840820312e+02, 2.951513061523438e+02, 2.954037475585938e+02, 2.959230651855469e+02, 2.964556579589844e+02, 2.969931335449219e+02, 2.975270080566406e+02, 2.980488891601562e+02, 2.981504211425781e+02, 2.98150390625e+02, 2.981503601074219e+02, 2.981503295898438e+02, 2.981502990722656e+02, 2.981502685546875e+02, 2.981502380371094e+02, 2.981501770019531e+02, 2.981501159667969e+02, 2.981499938964844e+02, 2.9814990234375e+02, 2.981498413085938e+02, 2.981497802734375e+02, 2.981497192382812e+02, 2.981496887207031e+02, 2.981496887207031e+02, 2.98149658203125e+02, 2.981496276855469e+02, 2.981495971679688e+02, 2.981183471679688e+02, 2.97606689453125e+02, 2.970740661621094e+02, 2.965365905761719e+02, 2.960027160644531e+02, 2.954808654785156e+02, 2.95148681640625e+02, 2.951488037109375e+02, 2.9514892578125e+02, 2.951490783691406e+02, 2.951492004394531e+02, 2.951493530273438e+02, 2.951495056152344e+02, 2.95149658203125e+02, 2.951498107910156e+02, 2.951499938964844e+02]
beaCooHea.heaToRoo.Q_flow=[2.832e+03, 7.378547973632812e+02, 7.09662841796875e+02, 6.631393432617188e+02, 5.990181884765625e+02, 5.18310791015625e+02, 4.222864685058594e+02, 3.124732666015624e+02, 1.905912780761719e+02, 5.856990051269531e+01, -0e+00, -0e+00, -0e+00, -0e+00, 0e+00, -0e+00, -1.224943618774414e+02, -2.545621185302737e+02, -3.764867553710938e+02, -4.863475341796875e+02, -5.82412841796875e+02, -6.631690063476562e+02, -7.273439331054688e+02, -7.739253540039062e+02, -8.021834106445312e+02, -8.116675415039062e+02, -8.022368774414062e+02, -7.740233764648438e+02, -7.27474182128906e+02, -6.633355712890625e+02, -5.826033935546875e+02, -4.865311584472656e+02, -3.766785888671875e+02, -2.547671051025391e+02, -1.227162094116205e+02, -2.362554596402333e-13, -0e+00, -0e+00, -0e+00, -0e+00, -0e+00, 5.783953475952148e+01, 1.899322662353516e+02, 3.118840637207031e+02, 4.217739562988281e+02, 5.17869873046875e+02, 5.986582641601562e+02, 6.62864990234375e+02, 7.094776611328125e+02, 7.377615356445312e+02, 7.472706298828125e+02, 7.37857421875e+02, 7.096630859375e+02, 6.631390380859375e+02, 5.990172119140625e+02, 5.183099365234367e+02, 4.222911682128898e+02, 3.124735717773447e+02, 1.905921325683594e+02, 5.857012176513672e+01, -0e+00, -0e+00, -0e+00, -0e+00, -0e+00, -0e+00, -1.224944076538086e+02, -2.545620422363281e+02, -3.764855041503916e+02, -4.863485412597647e+02, -5.824121093749992e+02, -6.63169921875e+02, -7.273505249023438e+02, -7.739304809570312e+02, -8.021849365234375e+02, -8.116730346679688e+02, -8.022411499023438e+02, -7.74023681640625e+02, -7.2747119140625e+02, -6.633189697265625e+02, -5.825973510742188e+02, -4.865396423339844e+02, -3.766769409179688e+02, -2.547723388671875e+02, -1.2272607421875e+02, -0e+00, -0e+00, -0e+00, -0e+00, -0e+00, -0e+00, 5.783953475952148e+01, 1.899322662353516e+02, 3.118826293945312e+02, 4.217740478515625e+02, 5.178701171875e+02, 5.986582641601562e+02, 6.628648681640625e+02, 7.094794921875e+02, 7.377656860351562e+02, 7.47270751953125e+02]
