last-generated=2024-07-29
statistics-simulation=
{
  "linear": "0",
  "nonlinear": " ",
  "number of continuous time states": "4",
  "numerical Jacobians": "0"
}
time=[0e+00, 1.2e+03]
boilerControlBus1.TSupMea=[2.931499938964844e+02, 2.952301330566406e+02, 2.971188354492188e+02, 2.988337097167969e+02, 3.003908386230469e+02, 3.018046875e+02, 3.031315612792969e+02, 3.044209899902344e+02, 3.056763305664062e+02, 3.069007263183594e+02, 3.080969848632812e+02, 3.092677001953125e+02, 3.104151306152344e+02, 3.1154150390625e+02, 3.126486511230469e+02, 3.137384033203125e+02, 3.148121032714844e+02, 3.158702087402344e+02, 3.169136962890625e+02, 3.179440002441406e+02, 3.1896240234375e+02, 3.199699401855469e+02, 3.209675903320312e+02, 3.219563293457031e+02, 3.229369201660156e+02, 3.239101867675781e+02, 3.248766784667969e+02, 3.258359680175781e+02, 3.267875671386719e+02, 3.277322082519531e+02, 3.286706237792969e+02, 3.296033630371094e+02, 3.305309753417969e+02, 3.314539489746094e+02, 3.323727416992188e+02, 3.332877502441406e+02, 3.341993408203125e+02, 3.35108154296875e+02, 3.360148315429688e+02, 3.369197998046875e+02, 3.378231506347656e+02, 3.387249755859375e+02, 3.396253967285156e+02, 3.405244750976562e+02, 3.414223022460938e+02, 3.423189697265625e+02, 3.432145385742188e+02, 3.441042785644531e+02, 3.449298400878906e+02, 3.45679931640625e+02, 3.463614807128906e+02, 3.46980712890625e+02, 3.475433654785156e+02, 3.480545654296875e+02, 3.482528686523438e+02, 3.481397705078125e+02, 3.481388244628906e+02, 3.481539611816406e+02, 3.481505432128906e+02, 3.483231811523438e+02, 3.487630920410156e+02, 3.491628112792969e+02, 3.495259704589844e+02, 3.498558959960938e+02, 3.501556701660156e+02, 3.504280090332031e+02, 3.506754760742188e+02, 3.509002685546875e+02, 3.511045227050781e+02, 3.512900695800781e+02, 3.514586486816406e+02, 3.5161181640625e+02, 3.517509460449219e+02, 3.518773193359375e+02, 3.519921264648438e+02, 3.52096435546875e+02, 3.52191162109375e+02, 3.522772521972656e+02, 3.523554382324219e+02, 3.524264526367188e+02, 3.524909973144531e+02, 3.525495910644531e+02, 3.525894775390625e+02, 3.523676147460938e+02, 3.520738525390625e+02, 3.517976684570312e+02, 3.514878845214844e+02, 3.511477966308594e+02, 3.507868041992188e+02, 3.504059448242188e+02, 3.500076293945312e+02, 3.4959521484375e+02, 3.491718139648438e+02, 3.487406311035156e+02, 3.483049621582031e+02, 3.478681335449219e+02, 3.474334106445312e+02, 3.470041809082031e+02, 3.465836486816406e+02, 3.461750183105469e+02, 3.457814636230469e+02]
boilerControlBus1.TRetMea=[2.931499938964844e+02, 2.931499938964844e+02, 2.931499938964844e+02, 2.931499938964844e+02, 2.931499938964844e+02, 2.931499938964844e+02, 2.940300903320312e+02, 2.949900817871094e+02, 2.959500732421875e+02, 2.969100646972656e+02, 2.978700866699219e+02, 2.98830078125e+02, 2.997900695800781e+02, 3.007500915527344e+02, 3.017100830078125e+02, 3.026700744628906e+02, 3.036300659179688e+02, 3.04590087890625e+02, 3.055500793457031e+02, 3.065100708007812e+02, 3.074700622558594e+02, 3.084300842285156e+02, 3.093900756835938e+02, 3.103500671386719e+02, 3.113100891113281e+02, 3.122700805664062e+02, 3.132300720214844e+02, 3.141900634765625e+02, 3.151500854492188e+02, 3.161100769042969e+02, 3.17070068359375e+02, 3.180300903320312e+02, 3.189900817871094e+02, 3.199500732421875e+02, 3.209100646972656e+02, 3.218700866699219e+02, 3.22830078125e+02, 3.237900695800781e+02, 3.247500915527344e+02, 3.257100830078125e+02, 3.266700744628906e+02, 3.276300659179688e+02, 3.28590087890625e+02, 3.295500793457031e+02, 3.305100708007812e+02, 3.314700622558594e+02, 3.324300842285156e+02, 3.331484985351562e+02, 3.331499938964844e+02, 3.331499938964844e+02, 3.331499938964844e+02, 3.331499938964844e+02, 3.331499938964844e+02, 3.331499938964844e+02, 3.331499938964844e+02, 3.331499938964844e+02, 3.331499938964844e+02, 3.331499938964844e+02, 3.331499938964844e+02, 3.331499938964844e+02, 3.331499938964844e+02, 3.331499938964844e+02, 3.331499938964844e+02, 3.331499938964844e+02, 3.331499938964844e+02, 3.331499938964844e+02, 3.331499938964844e+02, 3.331499938964844e+02, 3.331499938964844e+02, 3.331499938964844e+02, 3.331499938964844e+02, 3.331499938964844e+02, 3.331499938964844e+02, 3.331499938964844e+02, 3.331499938964844e+02, 3.331499938964844e+02, 3.331499938964844e+02, 3.331499938964844e+02, 3.331499938964844e+02, 3.331499938964844e+02, 3.331499938964844e+02, 3.331499938964844e+02, 3.331499938964844e+02, 3.331499938964844e+02, 3.331499938964844e+02, 3.331499938964844e+02, 3.331499938964844e+02, 3.331499938964844e+02, 3.331499938964844e+02, 3.331499938964844e+02, 3.331499938964844e+02, 3.331499938964844e+02, 3.331499938964844e+02, 3.331499938964844e+02, 3.331499938964844e+02, 3.331499938964844e+02, 3.331499938964844e+02, 3.331499938964844e+02, 3.331499938964844e+02, 3.331499938964844e+02, 3.331499938964844e+02]
boilerControlBus1.Efficiency=[9.883463978767395e-01, 9.873096346855164e-01, 9.862318634986877e-01, 9.85317587852478e-01, 9.844654202461243e-01, 9.836736917495728e-01, 9.820358157157898e-01, 9.803225994110107e-01, 9.786139726638794e-01, 9.769105911254883e-01, 9.752071499824524e-01, 9.735098481178284e-01, 9.718190431594849e-01, 9.70134973526001e-01, 9.68457818031311e-01, 9.66787576675415e-01, 9.647496938705444e-01, 9.623411297798157e-01, 9.599366784095764e-01, 9.575372934341431e-01, 9.551435708999634e-01, 9.527562856674194e-01, 9.503759741783142e-01, 9.480031132698059e-01, 9.456379413604736e-01, 9.432807564735413e-01, 9.408418536186218e-01, 9.374232292175293e-01, 9.340164661407471e-01, 9.306214451789856e-01, 9.272378087043762e-01, 9.238654971122742e-01, 9.205043911933899e-01, 9.171542525291443e-01, 9.138148427009583e-01, 9.104859828948975e-01, 9.071674942970276e-01, 9.041473865509033e-01, 9.012620449066162e-01, 8.983621001243591e-01, 8.954465985298157e-01, 8.925145864486694e-01, 8.895652890205383e-01, 8.865979313850403e-01, 8.83611798286438e-01, 8.806062936782837e-01, 8.775808215141296e-01, 8.752538561820984e-01, 8.750645518302917e-01, 8.748832941055298e-01, 8.74713659286499e-01, 8.745595216751099e-01, 8.744194507598877e-01, 8.742921948432922e-01, 8.742428421974182e-01, 8.74271035194397e-01, 8.742712140083313e-01, 8.742674589157104e-01, 8.742683529853821e-01, 8.74225378036499e-01, 8.741158246994019e-01, 8.740160465240479e-01, 8.739166259765625e-01, 8.73826265335083e-01, 8.737441897392273e-01, 8.736696243286133e-01, 8.736018538475037e-01, 8.735403418540955e-01, 8.734843730926514e-01, 8.73426616191864e-01, 8.733720779418945e-01, 8.733224868774414e-01, 8.73277485370636e-01, 8.732365965843201e-01, 8.73199462890625e-01, 8.731656670570374e-01, 8.731350302696228e-01, 8.731071949005127e-01, 8.730818629264832e-01, 8.730589151382446e-01, 8.730379939079285e-01, 8.730190396308899e-01, 8.730061650276184e-01, 8.73077929019928e-01, 8.731729984283447e-01, 8.73262345790863e-01, 8.733626008033752e-01, 8.734725713729858e-01, 8.735713958740234e-01, 8.736756443977356e-01, 8.737847208976746e-01, 8.738976716995239e-01, 8.740136027336121e-01, 8.741214275360107e-01, 8.74229907989502e-01, 8.743386268615723e-01, 8.744468092918396e-01, 8.745536804199219e-01, 8.746583461761475e-01, 8.747600317001343e-01, 8.74858021736145e-01]
boilerControlBus1.ThermalPower=[2.30492265625e+04, 2.3025046875e+04, 2.2999912109375e+04, 2.2978591796875e+04, 2.295871875e+04, 2.294025390625e+04, 2.2902056640625e+04, 2.2862103515625e+04, 2.2822255859375e+04, 2.278253125e+04, 2.2742806640625e+04, 2.270322265625e+04, 2.2663791015625e+04, 2.2624517578125e+04, 2.2585404296875e+04, 2.2546453125e+04, 2.2498927734375e+04, 2.2442755859375e+04, 2.238668359375e+04, 2.23307265625e+04, 2.227490234375e+04, 2.2219228515625e+04, 2.216371875e+04, 2.2108380859375e+04, 2.205322265625e+04, 2.199825e+04, 2.1941373046875e+04, 2.1861646484375e+04, 2.1782197265625e+04, 2.1703021484375e+04, 2.162411328125e+04, 2.1545466796875e+04, 2.146708203125e+04, 2.1388953125e+04, 2.131107421875e+04, 2.1233443359375e+04, 2.1156052734375e+04, 2.108562109375e+04, 2.101833203125e+04, 2.0950703125e+04, 2.0882708984375e+04, 2.081433203125e+04, 2.0745552734375e+04, 2.0676349609375e+04, 2.06067109375e+04, 2.0536619140625e+04, 2.04660625e+04, 2.0411794921875e+04, 2.0407380859375e+04, 2.040315234375e+04, 2.0399197265625e+04, 2.03956015625e+04, 2.03923359375e+04, 2.0389369140625e+04, 1.44476865234375e+04, 1.47175732421875e+04, 1.560321484375e+04, 1.536042578125e+04, 1.5300330078125e+04, 2.038780859375e+04, 2.0385255859375e+04, 2.0382927734375e+04, 2.0380609375e+04, 2.0378501953125e+04, 2.0376587890625e+04, 2.0374849609375e+04, 2.037326953125e+04, 2.0371833984375e+04, 2.0370529296875e+04, 2.0369181640625e+04, 2.036791015625e+04, 2.036675390625e+04, 2.0365703125e+04, 2.036475e+04, 2.03638828125e+04, 2.0363095703125e+04, 2.0362380859375e+04, 2.0361732421875e+04, 2.0361142578125e+04, 2.036060546875e+04, 2.0360119140625e+04, 2.0359677734375e+04, 1.917849023437505e+04, 1.63508291015625e+04, 1.63939296875e+04, 1.595353515625e+04, 1.52391103515625e+04, 1.4651041015625e+04, 1.40746591796875e+04, 1.34898701171875e+04, 1.2922412109375e+04, 1.23749541015625e+04, 1.18492890625e+04, 1.13501357421875e+04, 1.08815478515625e+04, 1.04468134765625e+04, 1.00492958984375e+04, 9.6921103515625e+03, 9.3779150390625e+03, 9.1090166015625e+03, 8.8875205078125e+03]
boilerControlBus1.fuelPower=[2.3321e+04, 2.3321e+04, 2.3321e+04, 2.3321e+04, 2.3321e+04, 2.3321e+04, 2.3321e+04, 2.3321e+04, 2.3321e+04, 2.3321e+04, 2.3321e+04, 2.3321e+04, 2.3321e+04, 2.3321e+04, 2.3321e+04, 2.3321e+04, 2.3321e+04, 2.3321e+04, 2.3321e+04, 2.3321e+04, 2.3321e+04, 2.3321e+04, 2.3321e+04, 2.3321e+04, 2.3321e+04, 2.3321e+04, 2.3321e+04, 2.3321e+04, 2.3321e+04, 2.3321e+04, 2.3321e+04, 2.3321e+04, 2.3321e+04, 2.3321e+04, 2.3321e+04, 2.3321e+04, 2.3321e+04, 2.3321e+04, 2.3321e+04, 2.3321e+04, 2.3321e+04, 2.3321e+04, 2.3321e+04, 2.3321e+04, 2.3321e+04, 2.3321e+04, 2.3321e+04, 2.3321e+04, 2.3321e+04, 2.3321e+04, 2.3321e+04, 2.3321e+04, 2.3321e+04, 2.3321e+04, 1.652594140625e+04, 1.6834109375e+04, 1.7847109375e+04, 1.756948046875e+04, 1.7500724609375e+04, 2.3321e+04, 2.3321e+04, 2.3321e+04, 2.3321e+04, 2.3321e+04, 2.3321e+04, 2.3321e+04, 2.3321e+04, 2.3321e+04, 2.3321e+04, 2.3321e+04, 2.3321e+04, 2.3321e+04, 2.3321e+04, 2.3321e+04, 2.3321e+04, 2.3321e+04, 2.3321e+04, 2.3321e+04, 2.3321e+04, 2.3321e+04, 2.3321e+04, 2.3321e+04, 2.196833398437505e+04, 1.872780078125e+04, 1.8775123046875e+04, 1.8268890625e+04, 1.7448779296875e+04, 1.6773328125e+04, 1.61116298828125e+04, 1.54403642578125e+04, 1.47890107421875e+04, 1.41606455078125e+04, 1.35573291015625e+04, 1.298462109375e+04, 1.2447009765625e+04, 1.19482470703125e+04, 1.14921748046875e+04, 1.10823505859375e+04, 1.07218037109375e+04, 1.041316015625e+04, 1.0158814453125e+04]
