last-generated=2022-05-23
statistics-simulation=
{
  "linear": "0, 0",
  "nonlinear": "1",
  "number of continuous time states": "29",
  "numerical Jacobians": "0"
}
time=[0e+00, 3.6e+03]
senTemIn.T=[3.231499938964844e+02, 3.231499938964844e+02, 3.231499938964844e+02, 3.431431579589844e+02, 3.427833251953125e+02, 3.231508178710938e+02, 3.232001342773438e+02, 3.258565063476562e+02, 3.431429748535156e+02, 3.427833251953125e+02, 3.231509704589844e+02, 3.232001342773438e+02, 3.258565063476562e+02, 3.431429748535156e+02, 3.427833251953125e+02, 3.231509704589844e+02, 3.232001342773438e+02, 3.258565063476562e+02, 3.431429748535156e+02, 3.427833251953125e+02, 3.231509704589844e+02, 3.232001342773438e+02, 3.258565063476562e+02, 3.431429748535156e+02, 3.427833251953125e+02, 3.231509704589844e+02, 3.231994934082031e+02, 3.258565673828124e+02, 3.431434631347656e+02, 3.427840270996094e+02, 3.231511840820312e+02, 3.231997680664062e+02, 3.258565673828125e+02, 3.431432495117188e+02, 3.427840270996094e+02, 3.231511840820312e+02, 3.231997375488281e+02, 3.258565368652344e+02, 3.431432495117188e+02, 3.427840270996094e+02, 3.2315087890625e+02, 3.231995849609375e+02, 3.258565368652344e+02, 3.431433410644531e+02, 3.427840576171875e+02, 3.231509094238281e+02, 3.231995849609375e+02, 3.258565979003906e+02, 3.431432495117188e+02, 3.427840270996094e+02, 3.2315087890625e+02, 3.231997375488281e+02, 3.258566284179688e+02, 3.431434020996094e+02, 3.427840270996094e+02, 3.231511840820319e+02, 3.231995849609375e+02, 3.258565979003906e+02, 3.431432495117188e+02, 3.427840270996094e+02, 3.231510009765625e+02, 3.231997985839844e+02, 3.25856689453125e+02, 3.431432495117188e+02, 3.427840270996094e+02, 3.231508483886719e+02, 3.231998291015625e+02, 3.258566284179688e+02, 3.431432495117188e+02, 3.427838439941406e+02, 3.231510009765625e+02, 3.2319970703125e+02, 3.258565673828125e+02, 3.431432495117188e+02, 3.427840270996094e+02, 3.231508483886719e+02, 3.2319970703125e+02, 3.25856689453125e+02, 3.431432495117188e+02, 3.427840270996094e+02, 3.23151123046875e+02, 3.231995849609375e+02, 3.25856689453125e+02, 3.431432495117188e+02, 3.427840270996094e+02, 3.231511535644531e+02, 3.2319970703125e+02, 3.25856689453125e+02, 3.431432189941406e+02, 3.427840270996094e+02, 3.231511535644531e+02, 3.231995544433594e+02, 3.25856689453125e+02, 3.431432495117188e+02, 3.427840270996094e+02, 3.23151123046875e+02, 3.2319970703125e+02, 3.25856689453125e+02, 3.431432495117188e+02, 3.427840270996094e+02, 3.231510620117188e+02]
senTemOut.T=[3.231499938964844e+02, 3.23078125e+02, 3.230263366699219e+02, 3.243440246582031e+02, 3.265996704101562e+02, 3.282265930175781e+02, 3.299019165039062e+02, 3.311763305664062e+02, 3.316387023925781e+02, 3.316739501953125e+02, 3.3175634765625e+02, 3.323572692871094e+02, 3.328843383789062e+02, 3.328268127441406e+02, 3.325004272460938e+02, 3.323312377929688e+02, 3.327571716308594e+02, 3.331625061035156e+02, 3.330202941894531e+02, 3.32635009765625e+02, 3.324248657226562e+02, 3.328223266601562e+02, 3.332078247070312e+02, 3.330518188476562e+02, 3.326569519042969e+02, 3.324401245117188e+02, 3.328329467773438e+02, 3.332152099609375e+02, 3.330569458007812e+02, 3.326605224609375e+02, 3.324425964355469e+02, 3.328346557617188e+02, 3.332164001464844e+02, 3.330578002929688e+02, 3.326611022949219e+02, 3.324430236816406e+02, 3.328349304199219e+02, 3.332166137695312e+02, 3.330579223632812e+02, 3.326611938476562e+02, 3.324430847167969e+02, 3.328349914550781e+02, 3.332166442871094e+02, 3.330579528808594e+02, 3.326611938476562e+02, 3.324430847167969e+02, 3.328349914550781e+02, 3.332166442871094e+02, 3.330579528808594e+02, 3.326611938476562e+02, 3.324430847167969e+02, 3.328349914550781e+02, 3.332166442871094e+02, 3.330579528808594e+02, 3.326611938476562e+02, 3.324430847167969e+02, 3.328349914550781e+02, 3.332166442871094e+02, 3.330579528808594e+02, 3.326611938476562e+02, 3.324430847167969e+02, 3.328349914550781e+02, 3.332166442871094e+02, 3.330579528808594e+02, 3.326611938476562e+02, 3.324430847167969e+02, 3.328349914550781e+02, 3.332166442871094e+02, 3.330579528808594e+02, 3.326612243652344e+02, 3.324430847167969e+02, 3.328349914550781e+02, 3.332166442871094e+02, 3.330579528808594e+02, 3.326611938476562e+02, 3.324430847167969e+02, 3.328349914550781e+02, 3.332166442871094e+02, 3.330579528808594e+02, 3.326611938476562e+02, 3.324430847167969e+02, 3.328349914550781e+02, 3.332166442871094e+02, 3.330579528808594e+02, 3.326611938476562e+02, 3.324430847167969e+02, 3.328349914550781e+02, 3.332166442871094e+02, 3.330579528808594e+02, 3.326611938476562e+02, 3.324430847167969e+02, 3.328349914550781e+02, 3.332166442871094e+02, 3.330579528808594e+02, 3.326611938476562e+02, 3.324430847167969e+02, 3.328349914550781e+02, 3.332166442871094e+02, 3.330579528808594e+02, 3.326611938476562e+02, 3.324430847167969e+02]
senTemIn1.T=[3.231499938964844e+02, 3.231499938964844e+02, 3.231499938964844e+02, 3.431431579589844e+02, 3.427833251953125e+02, 3.231508178710938e+02, 3.232001342773438e+02, 3.258565063476562e+02, 3.431429748535156e+02, 3.427833251953125e+02, 3.231509704589844e+02, 3.232001342773438e+02, 3.258565063476562e+02, 3.431429748535156e+02, 3.427833251953125e+02, 3.231509704589844e+02, 3.232001342773438e+02, 3.258565063476562e+02, 3.431429748535156e+02, 3.427833251953125e+02, 3.231509704589844e+02, 3.232001342773438e+02, 3.258565063476562e+02, 3.431429748535156e+02, 3.427833251953125e+02, 3.231509704589844e+02, 3.231994934082031e+02, 3.258565673828124e+02, 3.431434631347656e+02, 3.427840270996094e+02, 3.231511840820312e+02, 3.231997680664062e+02, 3.258565673828125e+02, 3.431432495117188e+02, 3.427840270996094e+02, 3.231511840820312e+02, 3.231997375488281e+02, 3.258565368652344e+02, 3.431432495117188e+02, 3.427840270996094e+02, 3.2315087890625e+02, 3.231995849609375e+02, 3.258565368652344e+02, 3.431433410644531e+02, 3.427840576171875e+02, 3.231509094238281e+02, 3.231995849609375e+02, 3.258565979003906e+02, 3.431432495117188e+02, 3.427840270996094e+02, 3.2315087890625e+02, 3.231997375488281e+02, 3.258566284179688e+02, 3.431434020996094e+02, 3.427840270996094e+02, 3.231511840820319e+02, 3.231995849609375e+02, 3.258565979003906e+02, 3.431432495117188e+02, 3.427840270996094e+02, 3.231510009765625e+02, 3.231997985839844e+02, 3.25856689453125e+02, 3.431432495117188e+02, 3.427840270996094e+02, 3.231508483886719e+02, 3.231998291015625e+02, 3.258566284179688e+02, 3.431432495117188e+02, 3.427838439941406e+02, 3.231510009765625e+02, 3.2319970703125e+02, 3.258565673828125e+02, 3.431432495117188e+02, 3.427840270996094e+02, 3.231508483886719e+02, 3.2319970703125e+02, 3.25856689453125e+02, 3.431432495117188e+02, 3.427840270996094e+02, 3.23151123046875e+02, 3.231995849609375e+02, 3.25856689453125e+02, 3.431432495117188e+02, 3.427840270996094e+02, 3.231511535644531e+02, 3.2319970703125e+02, 3.25856689453125e+02, 3.431432189941406e+02, 3.427840270996094e+02, 3.231511535644531e+02, 3.231995544433594e+02, 3.25856689453125e+02, 3.431432495117188e+02, 3.427840270996094e+02, 3.23151123046875e+02, 3.2319970703125e+02, 3.25856689453125e+02, 3.431432495117188e+02, 3.427840270996094e+02, 3.231510620117188e+02]
senTemOut1.T=[3.231499938964844e+02, 3.23078125e+02, 3.230263366699219e+02, 3.229902954101562e+02, 3.229652709960938e+02, 3.229478759765625e+02, 3.229357604980469e+02, 3.229273376464844e+02, 3.229214782714844e+02, 3.229173889160156e+02, 3.2291455078125e+02, 3.2291259765625e+02, 3.229112243652344e+02, 3.229102783203125e+02, 3.229096069335938e+02, 3.229091491699219e+02, 3.229088134765625e+02, 3.229085998535156e+02, 3.22908447265625e+02, 3.229083251953125e+02, 3.229082641601562e+02, 3.22908203125e+02, 3.229081726074219e+02, 3.229081420898438e+02, 3.229081115722656e+02, 3.251618347167969e+02, 3.277672729492188e+02, 3.295624694824219e+02, 3.303231811523438e+02, 3.306934814453125e+02, 3.313558959960938e+02, 3.321083374023438e+02, 3.325983276367188e+02, 3.32379638671875e+02, 3.321150817871094e+02, 3.323559265136719e+02, 3.328146667480469e+02, 3.330903930664062e+02, 3.327228393554688e+02, 3.323546447753906e+02, 3.325142211914062e+02, 3.329163513183594e+02, 3.33161376953125e+02, 3.327883605957031e+02, 3.324157104492188e+02, 3.325653991699219e+02, 3.329662780761719e+02, 3.331995849609375e+02, 3.327761840820312e+02, 3.323558044433594e+02, 3.325013427734375e+02, 3.328775024414062e+02, 3.330987854003906e+02, 3.326866455078125e+02, 3.322858581542969e+02, 3.324159545898438e+02, 3.327992248535156e+02, 3.330715942382812e+02, 3.326546020507812e+02, 3.322611389160156e+02, 3.324015808105469e+02, 3.327900390625e+02, 3.330439758300781e+02, 3.326513366699219e+02, 3.322596130371094e+02, 3.324113159179688e+02, 3.328046264648438e+02, 3.330582275390625e+02, 3.326737670898438e+02, 3.323080444335938e+02, 3.324376220703125e+02, 3.3281494140625e+02, 3.330932006835938e+02, 3.32717529296875e+02, 3.323288269042969e+02, 3.324518432617188e+02, 3.32824462890625e+02, 3.330671997070312e+02, 3.326709594726562e+02, 3.322722778320312e+02, 3.3240869140625e+02, 3.327947387695312e+02, 3.330467529296875e+02, 3.326566772460938e+02, 3.322621459960938e+02, 3.324014282226562e+02, 3.327893371582031e+02, 3.330428466796875e+02, 3.326542663574219e+02, 3.322605590820312e+02, 3.324002685546875e+02, 3.327586059570312e+02, 3.33021240234375e+02, 3.326389465332031e+02, 3.322606201171875e+02, 3.323851928710938e+02, 3.327911987304688e+02, 3.330398864746094e+02, 3.326478576660156e+02, 3.322559814453125e+02, 3.324201049804688e+02]
senTemIn2.T=[3.231499938964844e+02, 3.231499938964844e+02, 3.231499938964844e+02, 3.431431579589844e+02, 3.427833251953125e+02, 3.231508178710938e+02, 3.232001342773438e+02, 3.258565063476562e+02, 3.431429748535156e+02, 3.427833251953125e+02, 3.231509704589844e+02, 3.232001342773438e+02, 3.258565063476562e+02, 3.431429748535156e+02, 3.427833251953125e+02, 3.231509704589844e+02, 3.232001342773438e+02, 3.258565063476562e+02, 3.431429748535156e+02, 3.427833251953125e+02, 3.231509704589844e+02, 3.232001342773438e+02, 3.258565063476562e+02, 3.431429748535156e+02, 3.427833251953125e+02, 3.231509704589844e+02, 3.231994934082031e+02, 3.258565673828124e+02, 3.431434631347656e+02, 3.427840270996094e+02, 3.231511840820312e+02, 3.231997680664062e+02, 3.258565673828125e+02, 3.431432495117188e+02, 3.427840270996094e+02, 3.231511840820312e+02, 3.231997375488281e+02, 3.258565368652344e+02, 3.431432495117188e+02, 3.427840270996094e+02, 3.2315087890625e+02, 3.231995849609375e+02, 3.258565368652344e+02, 3.431433410644531e+02, 3.427840576171875e+02, 3.231509094238281e+02, 3.231995849609375e+02, 3.258565979003906e+02, 3.431432495117188e+02, 3.427840270996094e+02, 3.2315087890625e+02, 3.231997375488281e+02, 3.258566284179688e+02, 3.431434020996094e+02, 3.427840270996094e+02, 3.231511840820319e+02, 3.231995849609375e+02, 3.258565979003906e+02, 3.431432495117188e+02, 3.427840270996094e+02, 3.231510009765625e+02, 3.231997985839844e+02, 3.25856689453125e+02, 3.431432495117188e+02, 3.427840270996094e+02, 3.231508483886719e+02, 3.231998291015625e+02, 3.258566284179688e+02, 3.431432495117188e+02, 3.427838439941406e+02, 3.231510009765625e+02, 3.2319970703125e+02, 3.258565673828125e+02, 3.431432495117188e+02, 3.427840270996094e+02, 3.231508483886719e+02, 3.2319970703125e+02, 3.25856689453125e+02, 3.431432495117188e+02, 3.427840270996094e+02, 3.23151123046875e+02, 3.231995849609375e+02, 3.25856689453125e+02, 3.431432495117188e+02, 3.427840270996094e+02, 3.231511535644531e+02, 3.2319970703125e+02, 3.25856689453125e+02, 3.431432189941406e+02, 3.427840270996094e+02, 3.231511535644531e+02, 3.231995544433594e+02, 3.25856689453125e+02, 3.431432495117188e+02, 3.427840270996094e+02, 3.23151123046875e+02, 3.2319970703125e+02, 3.25856689453125e+02, 3.431432495117188e+02, 3.427840270996094e+02, 3.231510620117188e+02]
senTemOut2.T=[3.231499938964844e+02, 3.230794067382812e+02, 3.230285034179688e+02, 3.229931335449219e+02, 3.229685363769531e+02, 3.229514465332031e+02, 3.229395751953125e+02, 3.229313049316406e+02, 3.229255676269531e+02, 3.229216003417969e+02, 3.229188232421875e+02, 3.229169006347656e+02, 3.229155578613281e+02, 3.229146423339844e+02, 3.229140014648438e+02, 3.2291357421875e+02, 3.229132690429688e+02, 3.229130859375e+02, 3.229129333496094e+02, 3.22912841796875e+02, 3.229128112792969e+02, 3.229127807617188e+02, 3.229127502441406e+02, 3.229127502441406e+02, 3.229127502441406e+02, 3.251667175292969e+02, 3.277724304199219e+02, 3.2956787109375e+02, 3.303286743164062e+02, 3.306990356445312e+02, 3.313615417480469e+02, 3.321140747070312e+02, 3.326041259765625e+02, 3.323854370117188e+02, 3.321208801269531e+02, 3.323617553710938e+02, 3.32820556640625e+02, 3.330963439941406e+02, 3.327287902832031e+02, 3.32360595703125e+02, 3.325202026367188e+02, 3.329223937988281e+02, 3.3316748046875e+02, 3.327944030761719e+02, 3.324217529296875e+02, 3.325714721679688e+02, 3.32972412109375e+02, 3.332057495117188e+02, 3.327823486328125e+02, 3.323619384765625e+02, 3.325075378417969e+02, 3.328837585449219e+02, 3.331050415039062e+02, 3.326929016113281e+02, 3.322920837402344e+02, 3.324222106933594e+02, 3.328055725097656e+02, 3.330779418945312e+02, 3.326609497070312e+02, 3.322674865722656e+02, 3.324079284667969e+02, 3.327964477539062e+02, 3.330504455566406e+02, 3.326577758789062e+02, 3.322660522460938e+02, 3.324177551269531e+02, 3.328111572265625e+02, 3.330647888183594e+02, 3.326802978515625e+02, 3.323145751953125e+02, 3.324441528320312e+02, 3.32821533203125e+02, 3.33099853515625e+02, 3.327241821289062e+02, 3.3233544921875e+02, 3.324584655761719e+02, 3.328311767578125e+02, 3.330739440917969e+02, 3.326776733398438e+02, 3.322789611816406e+02, 3.324154052734375e+02, 3.32801513671875e+02, 3.330535583496094e+02, 3.326634826660156e+02, 3.322689514160156e+02, 3.324082336425781e+02, 3.327962036132812e+02, 3.330497436523438e+02, 3.326611633300781e+02, 3.322674255371094e+02, 3.324071655273438e+02, 3.327655639648438e+02, 3.330282287597656e+02, 3.326459350585938e+02, 3.32267578125e+02, 3.323921508789062e+02, 3.327982482910156e+02, 3.330469665527344e+02, 3.326549072265625e+02, 3.322630310058594e+02, 3.324271545410156e+02]
senTemIn3.T=[3.231499938964844e+02, 3.231499938964844e+02, 3.231499938964844e+02, 3.431431579589844e+02, 3.427833251953125e+02, 3.231508178710938e+02, 3.232001342773438e+02, 3.258565063476562e+02, 3.431429748535156e+02, 3.427833251953125e+02, 3.231509704589844e+02, 3.232001342773438e+02, 3.258565063476562e+02, 3.431429748535156e+02, 3.427833251953125e+02, 3.231509704589844e+02, 3.232001342773438e+02, 3.258565063476562e+02, 3.431429748535156e+02, 3.427833251953125e+02, 3.231509704589844e+02, 3.232001342773438e+02, 3.258565063476562e+02, 3.431429748535156e+02, 3.427833251953125e+02, 3.231509704589844e+02, 3.231994934082031e+02, 3.258565673828124e+02, 3.431434631347656e+02, 3.427840270996094e+02, 3.231511840820312e+02, 3.231997680664062e+02, 3.258565673828125e+02, 3.431432495117188e+02, 3.427840270996094e+02, 3.231511840820312e+02, 3.231997375488281e+02, 3.258565368652344e+02, 3.431432495117188e+02, 3.427840270996094e+02, 3.2315087890625e+02, 3.231995849609375e+02, 3.258565368652344e+02, 3.431433410644531e+02, 3.427840576171875e+02, 3.231509094238281e+02, 3.231995849609375e+02, 3.258565979003906e+02, 3.431432495117188e+02, 3.427840270996094e+02, 3.2315087890625e+02, 3.231997375488281e+02, 3.258566284179688e+02, 3.431434020996094e+02, 3.427840270996094e+02, 3.231511840820319e+02, 3.231995849609375e+02, 3.258565979003906e+02, 3.431432495117188e+02, 3.427840270996094e+02, 3.231510009765625e+02, 3.231997985839844e+02, 3.25856689453125e+02, 3.431432495117188e+02, 3.427840270996094e+02, 3.231508483886719e+02, 3.231998291015625e+02, 3.258566284179688e+02, 3.431432495117188e+02, 3.427838439941406e+02, 3.231510009765625e+02, 3.2319970703125e+02, 3.258565673828125e+02, 3.431432495117188e+02, 3.427840270996094e+02, 3.231508483886719e+02, 3.2319970703125e+02, 3.25856689453125e+02, 3.431432495117188e+02, 3.427840270996094e+02, 3.23151123046875e+02, 3.231995849609375e+02, 3.25856689453125e+02, 3.431432495117188e+02, 3.427840270996094e+02, 3.231511535644531e+02, 3.2319970703125e+02, 3.25856689453125e+02, 3.431432189941406e+02, 3.427840270996094e+02, 3.231511535644531e+02, 3.231995544433594e+02, 3.25856689453125e+02, 3.431432495117188e+02, 3.427840270996094e+02, 3.23151123046875e+02, 3.2319970703125e+02, 3.25856689453125e+02, 3.431432495117188e+02, 3.427840270996094e+02, 3.231510620117188e+02]
senTemOut3.T=[3.231499938964844e+02, 3.23078125e+02, 3.230263366699219e+02, 3.229902954101562e+02, 3.229652709960938e+02, 3.229478759765625e+02, 3.229357604980469e+02, 3.229273376464844e+02, 3.229214782714844e+02, 3.229173889160156e+02, 3.2291455078125e+02, 3.2291259765625e+02, 3.229112243652344e+02, 3.229102783203125e+02, 3.229096069335938e+02, 3.229091491699219e+02, 3.229088134765625e+02, 3.229085998535156e+02, 3.22908447265625e+02, 3.229083251953125e+02, 3.229082641601562e+02, 3.22908203125e+02, 3.229081726074219e+02, 3.229081420898438e+02, 3.229081115722656e+02, 3.251618347167969e+02, 3.277672729492188e+02, 3.295624694824219e+02, 3.303231811523438e+02, 3.306934814453125e+02, 3.313558959960938e+02, 3.321083374023438e+02, 3.325983276367188e+02, 3.32379638671875e+02, 3.321150817871094e+02, 3.323559265136719e+02, 3.328146667480469e+02, 3.330903930664062e+02, 3.327228393554688e+02, 3.323546447753906e+02, 3.325142211914062e+02, 3.329163513183594e+02, 3.33161376953125e+02, 3.327883605957031e+02, 3.324157104492188e+02, 3.325653991699219e+02, 3.329662780761719e+02, 3.331995849609375e+02, 3.327761840820312e+02, 3.323558044433594e+02, 3.325013427734375e+02, 3.328775024414062e+02, 3.330987854003906e+02, 3.326866455078125e+02, 3.322858581542969e+02, 3.324159545898438e+02, 3.327992248535156e+02, 3.330715942382812e+02, 3.326546020507812e+02, 3.322611389160156e+02, 3.324015808105469e+02, 3.327900390625e+02, 3.330439758300781e+02, 3.326513366699219e+02, 3.322596130371094e+02, 3.324113159179688e+02, 3.328046264648438e+02, 3.330582275390625e+02, 3.326737670898438e+02, 3.323080444335938e+02, 3.324376220703125e+02, 3.3281494140625e+02, 3.330932006835938e+02, 3.32717529296875e+02, 3.323288269042969e+02, 3.324518432617188e+02, 3.32824462890625e+02, 3.330671997070312e+02, 3.326709594726562e+02, 3.322722778320312e+02, 3.3240869140625e+02, 3.327947387695312e+02, 3.330467529296875e+02, 3.326566772460938e+02, 3.322621459960938e+02, 3.324014282226562e+02, 3.327893371582031e+02, 3.330428466796875e+02, 3.326542663574219e+02, 3.322605590820312e+02, 3.324002685546875e+02, 3.327586059570312e+02, 3.33021240234375e+02, 3.326389465332031e+02, 3.322606201171875e+02, 3.323851928710938e+02, 3.327911987304688e+02, 3.330398864746094e+02, 3.326478576660156e+02, 3.322559814453125e+02, 3.324201049804688e+02]
