last-generated=2021-05-09
statistics-simulation=
{
  "linear": " ",
  "nonlinear": " ",
  "number of continuous time states": "1",
  "numerical Jacobians": "0"
}
time=[0e+00, 6e+02]
mot.y=[5e-01, 4.000000059604645e-01, 3.00000011920929e-01, 2.000000029802322e-01, 1.000000014901161e-01, 1.110223024625157e-16, -1.992850329202156e-14, -1.992850329202156e-14, -1.992850329202156e-14, -1.992850329202156e-14, -1.992850329202156e-14, 1.000000014901161e-01, 2.000000029802322e-01, 3.00000011920929e-01, 4.000000059604647e-01, 5e-01, 6.000000238418579e-01, 6.999999880790713e-01, 8.00000011920929e-01, 8.999999761581421e-01, 1e+00, 1e+00, 8.999999761581421e-01, 8.999999761581421e-01, 8.00000011920929e-01, 8.00000011920929e-01, 6.99999988079071e-01, 6.99999988079071e-01, 6.000000238418579e-01, 6.000000238418579e-01, 5e-01, 5e-01, 5e-01, 5e-01, 5e-01, 5e-01, 5e-01, 5e-01, 5e-01, 5e-01, 5e-01, 5e-01, 4.000000059604645e-01, 4.000000059604645e-01, 3.00000011920929e-01, 3.00000011920929e-01, 2.000000029802322e-01, 2.000000029802322e-01, 1.000000014901161e-01, 1.000000014901161e-01, 6.628037008127308e-11, 6.628037008127308e-11, 6.628037008127308e-11, 6.628037008127308e-11, 6.628037008127308e-11, 6.628037008127308e-11, 6.628037008127308e-11, 6.628037008127308e-11, 6.628037008127308e-11, 6.628037008127308e-11, 6.628037008127308e-11, 1.000000014901161e-01, 2.000000029802322e-01, 2.5e-01, 2.5e-01, 2.5e-01, 2.5e-01, 2.5e-01, 2.5e-01, 2.5e-01, 2.5e-01, 2.833333313465118e-01, 3.833333253860474e-01, 4.49999988079071e-01, 5.166666507720947e-01, 6.166666746139526e-01, 6.499999761581421e-01, 7.5e-01, 8.500000238418579e-01, 8.833333253860474e-01, 9.833333492279053e-01, 1e+00, 1e+00, 1e+00, 1e+00, 1e+00, 1e+00, 1e+00, 1e+00, 1e+00, 1e+00, 1e+00, 1e+00, 1e+00, 9.142857193946838e-01, 8.142856955528259e-01, 7.142857313156128e-01, 6.142857074737549e-01, 5.142857432365417e-01, 4.142857193946838e-01, 3.142857253551483e-01]
mot.uppHys.y=[0e+00, 0e+00, 0e+00, 0e+00, 0e+00, 0e+00, 0e+00, 0e+00, 0e+00, 0e+00, 0e+00, 1e+00, 1e+00, 1e+00, 1e+00, 1e+00, 1e+00, 1e+00, 1e+00, 1e+00, 1e+00, 0e+00, 0e+00, 0e+00, 0e+00, 0e+00, 0e+00, 0e+00, 0e+00, 0e+00, 0e+00, 0e+00, 0e+00, 0e+00, 0e+00, 0e+00, 0e+00, 0e+00, 0e+00, 0e+00, 0e+00, 0e+00, 0e+00, 0e+00, 0e+00, 0e+00, 0e+00, 0e+00, 0e+00, 0e+00, 0e+00, 0e+00, 0e+00, 0e+00, 0e+00, 0e+00, 0e+00, 0e+00, 0e+00, 0e+00, 0e+00, 1e+00, 1e+00, 0e+00, 0e+00, 0e+00, 0e+00, 0e+00, 0e+00, 0e+00, 0e+00, 1e+00, 1e+00, 0e+00, 1e+00, 1e+00, 0e+00, 1e+00, 1e+00, 1e+00, 1e+00, 1e+00, 1e+00, 1e+00, 1e+00, 1e+00, 1e+00, 1e+00, 1e+00, 1e+00, 1e+00, 1e+00, 1e+00, 0e+00, 0e+00, 0e+00, 0e+00, 0e+00, 0e+00, 0e+00, 0e+00]
mot.delta=[5.000000074505806e-02, 5.000000074505806e-02]
ySet.y=[0e+00, 0e+00, 0e+00, 0e+00, 0e+00, 0e+00, 0e+00, 0e+00, 0e+00, 0e+00, 0e+00, 1e+00, 1e+00, 1e+00, 1e+00, 1e+00, 1e+00, 1e+00, 1e+00, 1e+00, 1e+00, 9.49999988079071e-01, 8.999999761581421e-01, 8.500000238418579e-01, 8.00000011920929e-01, 7.5e-01, 6.99999988079071e-01, 6.499999761581421e-01, 6.000000238418577e-01, 5.50000011920929e-01, 5e-01, 5e-01, 5e-01, 5e-01, 5e-01, 5e-01, 5e-01, 5e-01, 5e-01, 5e-01, 5e-01, 4.499999880790713e-01, 4.000000059604645e-01, 3.499999940395355e-01, 3.00000011920929e-01, 2.5e-01, 2.000000029802322e-01, 1.500000059604645e-01, 1.000000014901161e-01, 5.000000074505806e-02, 6.63118449040212e-11, 0e+00, 0e+00, 0e+00, 0e+00, 0e+00, 0e+00, 0e+00, 0e+00, 0e+00, 0e+00, 2.5e-01, 2.5e-01, 2.5e-01, 2.5e-01, 2.5e-01, 2.5e-01, 2.5e-01, 2.5e-01, 2.5e-01, 2.5e-01, 3.24999988079071e-01, 4.000000059604645e-01, 4.749999940395355e-01, 5.50000011920929e-01, 6.25e-01, 6.99999988079071e-01, 7.749999761581421e-01, 8.500000238418579e-01, 9.25000011920929e-01, 1e+00, 1.049999952316285e+00, 1.100000023841857e+00, 1.149999976158142e+00, 1.200000047683716e+00, 1.25e+00, 1.299999952316284e+00, 1.350000023841858e+00, 1.399999976158142e+00, 1.450000047683716e+00, 1.5e+00, 1.325000047683716e+00, 1.149999976158142e+00, 9.750000238418579e-01, 8.00000011920929e-01, 6.25e-01, 4.49999988079071e-01, 2.750000059604645e-01, 1.000000014901161e-01, -7.500000298023224e-02, -2.5e-01]
mot.lowHys.u=[-5e-01, -4.000000059604645e-01, -3.00000011920929e-01, -2.000000029802322e-01, -1.000000014901161e-01, -1.110223024625157e-16, 1.992850329202156e-14, 1.992850329202156e-14, 1.992850329202156e-14, 1.992850329202156e-14, 1.992850329202156e-14, 8.999999761581421e-01, 8.00000011920929e-01, 6.99999988079071e-01, 6.000000238418577e-01, 5e-01, 4.000000059604645e-01, 3.000000119209287e-01, 2.000000029802322e-01, 1.000000014901161e-01, 2.042810365310288e-14, -5.000000074505806e-02, 2.220446049250313e-16, -5.000000074505806e-02, 1.110223024625157e-16, -5.000000074505806e-02, 2.220446049250313e-16, -5.000000074505806e-02, 1.885898784792344e-14, -5.000000074505806e-02, 2.020605904817785e-14, -6.651923456502118e-11, -6.651923456502118e-11, -6.651923456502118e-11, -6.651923456502118e-11, -6.651923456502118e-11, -6.651923456502118e-11, -6.651923456502118e-11, -6.651923456502118e-11, -6.651923456502118e-11, -6.651923456502118e-11, -5.000000074505782e-02, 3.33066907387547e-16, -5.000000074505806e-02, 2.797762022055394e-14, -5.000000074505806e-02, 2.220446049250313e-16, -5.000000074505806e-02, 5.273559366969494e-16, -5.000000074505806e-02, 3.147482274812319e-14, -6.628037008127308e-11, -6.628037008127308e-11, -6.628037008127308e-11, -6.628037008127308e-11, -6.628037008127308e-11, -6.628037008127308e-11, -6.628037008127308e-11, -6.628037008127308e-11, -6.628037008127308e-11, -6.628037008127308e-11, 1.500000059604645e-01, 5.000000074505806e-02, -3.33066907387547e-16, -3.33066907387547e-16, -3.33066907387547e-16, -3.33066907387547e-16, -3.33066907387547e-16, -3.33066907387547e-16, -3.33066907387547e-16, -3.33066907387547e-16, 4.16666679084301e-02, 1.666666753590107e-02, 2.500000037252903e-02, 3.333333507180214e-02, 8.333333767950535e-03, 5.000000074505806e-02, 2.500000037252903e-02, 1.352251643993441e-13, 4.16666679084301e-02, 1.666666753590107e-02, 5.000000074505853e-02, 1.000000014901156e-01, 1.500000059604645e-01, 2.000000029802322e-01, 2.5e-01, 3.00000011920929e-01, 3.499999940395355e-01, 4.000000059604645e-01, 4.49999988079071e-01, 5e-01, 3.24999988079071e-01, 1.500000059604645e-01, -2.500000037252903e-02, -1.142857149243355e-01, -1.892857104539871e-01, -2.642857134342194e-01, -3.392857015132904e-01, -4.142857193946838e-01, -4.892857074737549e-01, -5.642856955528259e-01]
mot.lowHys.y=[0e+00, 0e+00, 0e+00, 0e+00, 0e+00, 0e+00, 1e+00, 1e+00, 1e+00, 1e+00, 1e+00, 1e+00, 1e+00, 1e+00, 1e+00, 1e+00, 1e+00, 1e+00, 1e+00, 1e+00, 1e+00, 1e+00, 0e+00, 1e+00, 0e+00, 1e+00, 0e+00, 1e+00, 2.368481809227722e-14, 1e+00, 0e+00, 1e+00, 1e+00, 1e+00, 1e+00, 1e+00, 1e+00, 1e+00, 1e+00, 1e+00, 1e+00, 1e+00, 0e+00, 1e+00, 0e+00, 1e+00, 0e+00, 1e+00, 0e+00, 1e+00, 0e+00, 1e+00, 1e+00, 1e+00, 1e+00, 1e+00, 1e+00, 1e+00, 1e+00, 1e+00, 1e+00, 1e+00, 1e+00, 1e+00, 1e+00, 1e+00, 1e+00, 1e+00, 1e+00, 1e+00, 1e+00, 1e+00, 1e+00, 1e+00, 1e+00, 1e+00, 1e+00, 1e+00, 1e+00, 1e+00, 1e+00, 1e+00, 1e+00, 1e+00, 1e+00, 1e+00, 1e+00, 1e+00, 1e+00, 1e+00, 1e+00, 1e+00, 1e+00, 1e+00, 0e+00, 0e+00, 0e+00, 0e+00, 0e+00, 0e+00, 0e+00]
mot.uppHys.u=[-5e-01, -4.000000059604645e-01, -3.00000011920929e-01, -2.000000029802322e-01, -1.000000014901161e-01, -1.110223024625157e-16, 1.992850329202156e-14, 1.992850329202156e-14, 1.992850329202156e-14, 1.992850329202156e-14, 1.992850329202156e-14, 8.999999761581421e-01, 8.00000011920929e-01, 6.99999988079071e-01, 6.000000238418577e-01, 5e-01, 4.000000059604645e-01, 3.000000119209287e-01, 2.000000029802322e-01, 1.000000014901161e-01, 2.042810365310288e-14, -5.000000074505806e-02, 2.220446049250313e-16, -5.000000074505806e-02, 1.110223024625157e-16, -5.000000074505806e-02, 2.220446049250313e-16, -5.000000074505806e-02, 1.885898784792344e-14, -5.000000074505806e-02, 2.020605904817785e-14, -6.651923456502118e-11, -6.651923456502118e-11, -6.651923456502118e-11, -6.651923456502118e-11, -6.651923456502118e-11, -6.651923456502118e-11, -6.651923456502118e-11, -6.651923456502118e-11, -6.651923456502118e-11, -6.651923456502118e-11, -5.000000074505782e-02, 3.33066907387547e-16, -5.000000074505806e-02, 2.797762022055394e-14, -5.000000074505806e-02, 2.220446049250313e-16, -5.000000074505806e-02, 5.273559366969494e-16, -5.000000074505806e-02, 3.147482274812319e-14, -6.628037008127308e-11, -6.628037008127308e-11, -6.628037008127308e-11, -6.628037008127308e-11, -6.628037008127308e-11, -6.628037008127308e-11, -6.628037008127308e-11, -6.628037008127308e-11, -6.628037008127308e-11, -6.628037008127308e-11, 1.500000059604645e-01, 5.000000074505806e-02, -3.33066907387547e-16, -3.33066907387547e-16, -3.33066907387547e-16, -3.33066907387547e-16, -3.33066907387547e-16, -3.33066907387547e-16, -3.33066907387547e-16, -3.33066907387547e-16, 4.16666679084301e-02, 1.666666753590107e-02, 2.500000037252903e-02, 3.333333507180214e-02, 8.333333767950535e-03, 5.000000074505806e-02, 2.500000037252903e-02, 1.352251643993441e-13, 4.16666679084301e-02, 1.666666753590107e-02, 5.000000074505853e-02, 1.000000014901156e-01, 1.500000059604645e-01, 2.000000029802322e-01, 2.5e-01, 3.00000011920929e-01, 3.499999940395355e-01, 4.000000059604645e-01, 4.49999988079071e-01, 5e-01, 3.24999988079071e-01, 1.500000059604645e-01, -2.500000037252903e-02, -1.142857149243355e-01, -1.892857104539871e-01, -2.642857134342194e-01, -3.392857015132904e-01, -4.142857193946838e-01, -4.892857074737549e-01, -5.642856955528259e-01]
