last-generated=2024-07-24
statistics-initialization=
{
  "nonlinear": "4, 0",
  "numerical Jacobians": "0"
}
statistics-simulation=
{
  "linear": "0, 0, 0, 0, 0, 0, 0, 0, 0, 0, 0, 0, 0, 0, 0, 0, 0, 0",
  "nonlinear": "3",
  "number of continuous time states": "79",
  "numerical Jacobians": "0"
}
time=[0e+00, 8e+02]
hydraulicBus.TFwrdInMea=[3.031499938964844e+02, 3.0314892578125e+02, 3.031463623046875e+02, 3.031428833007812e+02, 3.031388854980469e+02, 3.031345825195312e+02, 3.03130126953125e+02, 3.031255493164062e+02, 3.031209106445312e+02, 3.031162414550781e+02, 3.031115417480469e+02, 3.031068420410156e+02, 3.031021423339844e+02, 3.030974426269531e+02, 3.030927124023438e+02, 3.030880126953125e+02, 3.030833129882812e+02, 3.0307861328125e+02, 3.030739135742188e+02, 3.030692138671875e+02, 3.030645141601562e+02, 3.03059814453125e+02, 3.030551452636719e+02, 3.030505676269531e+02, 3.033491516113281e+02, 3.062710571289062e+02, 3.110252685546875e+02, 3.152459411621094e+02, 3.182738647460938e+02, 3.202276916503906e+02, 3.214228210449219e+02, 3.221349487304688e+02, 3.225542907714844e+02, 3.228005065917969e+02, 3.229450073242188e+02, 3.230298156738281e+02, 3.230796813964844e+02, 3.231091003417969e+02, 3.231263427734375e+02, 3.231362915039062e+02, 3.231420288085938e+02, 3.231453552246094e+02, 3.231472473144531e+02, 3.231483154296875e+02, 3.231489562988281e+02, 3.231494140625e+02, 3.23149658203125e+02, 3.231498107910156e+02, 3.231498718261719e+02, 3.231499328613281e+02, 3.231499633789062e+02, 3.231499938964844e+02, 3.231499633789062e+02, 3.231499938964844e+02, 3.231500244140625e+02, 3.231501159667969e+02, 3.231500854492188e+02, 3.231500244140625e+02, 3.231500244140625e+02, 3.231500244140625e+02, 3.231499938964844e+02, 3.231499938964844e+02, 3.231499938964844e+02, 3.231499938964844e+02, 3.231499938964844e+02, 3.231499938964844e+02, 3.231499633789062e+02, 3.231499938964844e+02, 3.231499938964844e+02, 3.231499938964844e+02, 3.231499938964844e+02, 3.231499938964844e+02, 3.231499938964844e+02, 3.231499938964844e+02, 3.231499633789062e+02, 3.231499938964844e+02, 3.231499938964844e+02, 3.231499938964844e+02, 3.231499938964844e+02, 3.231499938964844e+02, 3.231499938964844e+02, 3.231499938964844e+02, 3.231499938964844e+02, 3.231499938964844e+02, 3.231499938964844e+02, 3.231499938964844e+02, 3.231499938964844e+02, 3.231499938964844e+02, 3.231499938964844e+02, 3.231499938964844e+02, 3.231499938964844e+02, 3.231499938964844e+02, 3.231499938964844e+02, 3.231499938964844e+02, 3.231499938964844e+02, 3.231499938964844e+02, 3.231499938964844e+02, 3.231499938964844e+02, 3.231499938964844e+02, 3.231499938964844e+02, 3.231499938964844e+02]
hydraulicBus.TFwrdOutMea=[3.031499938964844e+02, 3.031505126953125e+02, 3.031539611816406e+02, 3.031604309082031e+02, 3.031688537597656e+02, 3.031784057617188e+02, 3.031885986328125e+02, 3.031991577148438e+02, 3.032099304199219e+02, 3.032207946777344e+02, 3.03231689453125e+02, 3.032425842285156e+02, 3.032534790039062e+02, 3.032643432617188e+02, 3.032751770019531e+02, 3.032859802246094e+02, 3.032967529296875e+02, 3.033075256347656e+02, 3.033182373046875e+02, 3.033289184570312e+02, 3.03339599609375e+02, 3.033502807617188e+02, 3.033609008789062e+02, 3.033715209960938e+02, 3.033821105957031e+02, 3.033926086425781e+02, 3.034029541015625e+02, 3.034131774902344e+02, 3.034232482910156e+02, 3.034331665039062e+02, 3.034429626464844e+02, 3.034526062011719e+02, 3.034620666503906e+02, 3.034713439941406e+02, 3.034803771972656e+02, 3.034891662597656e+02, 3.034977416992188e+02, 3.035061340332031e+02, 3.035145263671875e+02, 3.035230712890625e+02, 3.035321350097656e+02, 3.03542236328125e+02, 3.035540771484375e+02, 3.035686645507812e+02, 3.035873413085938e+02, 3.036117553710938e+02, 3.036439819335938e+02, 3.03686767578125e+02, 3.037433776855469e+02, 3.038176879882812e+02, 3.039137573242188e+02, 3.040357666015625e+02, 3.041879272460938e+02, 3.043744201660156e+02, 3.045990905761719e+02, 3.048650207519531e+02, 3.051744384765625e+02, 3.055284118652344e+02, 3.059268188476562e+02, 3.063692321777344e+02, 3.068553771972656e+02, 3.073845520019531e+02, 3.079552612304688e+02, 3.085648193359375e+02, 3.092095642089844e+02, 3.098847045898438e+02, 3.105844421386719e+02, 3.113023376464844e+02, 3.120314636230469e+02, 3.127647094726562e+02, 3.134951782226562e+02, 3.14216796875e+02, 3.149250183105469e+02, 3.156162109375e+02, 3.162870483398438e+02, 3.169342956542969e+02, 3.175548095703125e+02, 3.181456909179688e+02, 3.187041931152344e+02, 3.192280883789062e+02, 3.197154541015625e+02, 3.201650695800781e+02, 3.205762634277344e+02, 3.209490356445312e+02, 3.212841796875e+02, 3.215830383300781e+02, 3.218473815917969e+02, 3.220785522460938e+02, 3.222777099609375e+02, 3.224467163085938e+02, 3.225880432128906e+02, 3.227047424316406e+02, 3.228001403808594e+02, 3.2287744140625e+02, 3.229396362304688e+02, 3.229893798828125e+02, 3.230290222167969e+02, 3.230604858398438e+02, 3.230853576660156e+02, 3.231050109863281e+02, 3.231204833984375e+02]
hydraulicBus.TRtrnInMea=[3.031499938964844e+02, 3.031505126953125e+02, 3.031539611816406e+02, 3.031604309082031e+02, 3.031688537597656e+02, 3.031784057617188e+02, 3.031885986328125e+02, 3.031991577148438e+02, 3.032099304199219e+02, 3.032207946777344e+02, 3.03231689453125e+02, 3.032425842285156e+02, 3.032534790039062e+02, 3.032643432617188e+02, 3.032751770019531e+02, 3.032859802246094e+02, 3.032967529296875e+02, 3.033075256347656e+02, 3.033182373046875e+02, 3.033289184570312e+02, 3.03339599609375e+02, 3.033502807617188e+02, 3.033609008789062e+02, 3.033715209960938e+02, 3.033821105957031e+02, 3.033926086425781e+02, 3.034029541015625e+02, 3.034131774902344e+02, 3.034232482910156e+02, 3.034331665039062e+02, 3.034429626464844e+02, 3.034526062011719e+02, 3.034620666503906e+02, 3.034713439941406e+02, 3.034803771972656e+02, 3.034891662597656e+02, 3.034977416992188e+02, 3.035061340332031e+02, 3.035145263671875e+02, 3.035230712890625e+02, 3.035321350097656e+02, 3.03542236328125e+02, 3.035540771484375e+02, 3.035686645507812e+02, 3.035873413085938e+02, 3.036117553710938e+02, 3.036439819335938e+02, 3.03686767578125e+02, 3.037433776855469e+02, 3.038176879882812e+02, 3.039137573242188e+02, 3.040357666015625e+02, 3.041879272460938e+02, 3.043744201660156e+02, 3.045990905761719e+02, 3.048650207519531e+02, 3.051744384765625e+02, 3.055284118652344e+02, 3.059268188476562e+02, 3.063692321777344e+02, 3.068553771972656e+02, 3.073845520019531e+02, 3.079552612304688e+02, 3.085648193359375e+02, 3.092095642089844e+02, 3.098847045898438e+02, 3.105844421386719e+02, 3.113023376464844e+02, 3.120314636230469e+02, 3.127647094726562e+02, 3.134951782226562e+02, 3.14216796875e+02, 3.149250183105469e+02, 3.156162109375e+02, 3.162870483398438e+02, 3.169342956542969e+02, 3.175548095703125e+02, 3.181456909179688e+02, 3.187041931152344e+02, 3.192280883789062e+02, 3.197154541015625e+02, 3.201650695800781e+02, 3.205762634277344e+02, 3.209490356445312e+02, 3.212841796875e+02, 3.215830383300781e+02, 3.218473815917969e+02, 3.220785522460938e+02, 3.222777099609375e+02, 3.224467163085938e+02, 3.225880432128906e+02, 3.227047424316406e+02, 3.228001403808594e+02, 3.2287744140625e+02, 3.229396362304688e+02, 3.229893798828125e+02, 3.230290222167969e+02, 3.230604858398438e+02, 3.230853576660156e+02, 3.231050109863281e+02, 3.231204833984375e+02]
hydraulicBus.TRtrnOutMea=[3.031499938964844e+02, 3.0314892578125e+02, 3.031463623046875e+02, 3.031428833007812e+02, 3.031388854980469e+02, 3.031345825195312e+02, 3.03130126953125e+02, 3.031255493164062e+02, 3.031209106445312e+02, 3.031162414550781e+02, 3.031115417480469e+02, 3.031068420410156e+02, 3.031021423339844e+02, 3.030974426269531e+02, 3.030927124023438e+02, 3.030880126953125e+02, 3.030833129882812e+02, 3.0307861328125e+02, 3.030739135742188e+02, 3.030692138671875e+02, 3.030645141601562e+02, 3.03059814453125e+02, 3.030551452636719e+02, 3.03050537109375e+02, 3.030555114746094e+02, 3.030682983398438e+02, 3.030845947265625e+02, 3.030979309082031e+02, 3.031068115234375e+02, 3.031119689941406e+02, 3.031145324707031e+02, 3.031155090332031e+02, 3.031155700683594e+02, 3.031151733398438e+02, 3.031145629882812e+02, 3.031139831542969e+02, 3.031135559082031e+02, 3.031134338378906e+02, 3.031138305664062e+02, 3.031148986816406e+02, 3.031168823242188e+02, 3.031199951171875e+02, 3.031245422363281e+02, 3.031307373046875e+02, 3.031388549804688e+02, 3.03149169921875e+02, 3.03161865234375e+02, 3.031773376464844e+02, 3.031960144042969e+02, 3.032183837890625e+02, 3.032451477050781e+02, 3.032771606445312e+02, 3.033158264160156e+02, 3.033631286621094e+02, 3.034216918945312e+02, 3.034949340820312e+02, 3.035870361328125e+02, 3.037028503417969e+02, 3.038478393554688e+02, 3.04028076171875e+02, 3.042505187988281e+02, 3.045224914550781e+02, 3.048511047363281e+02, 3.052428283691406e+02, 3.057027282714844e+02, 3.062337036132812e+02, 3.068360595703125e+02, 3.075071411132812e+02, 3.082411804199219e+02, 3.090295104980469e+02, 3.098611145019531e+02, 3.107239685058594e+02, 3.116065979003906e+02, 3.124979858398438e+02, 3.133873596191406e+02, 3.142643127441406e+02, 3.151193237304688e+02, 3.159438171386719e+02, 3.167303771972656e+02, 3.174729919433594e+02, 3.181670227050781e+02, 3.188092346191406e+02, 3.193978271484375e+02, 3.199322204589844e+02, 3.204131774902344e+02, 3.208424987792969e+02, 3.212225952148438e+02, 3.215553894042969e+02, 3.218428955078125e+02, 3.220878295898438e+02, 3.222937316894531e+02, 3.224647521972656e+02, 3.22605224609375e+02, 3.227196044921875e+02, 3.2281201171875e+02, 3.228861694335938e+02, 3.229454345703125e+02, 3.229925842285156e+02, 3.230299377441406e+02, 3.230594787597656e+02, 3.23082763671875e+02]
hydraulicBus.VFlowInMea=[1.635542866170474e-17, 2.476334588774609e-11, 3.139507750993253e-11, 3.228628822626867e-11, 3.239971485546889e-11, 3.241396040465361e-11, 3.241589982549975e-11, 3.241614615623334e-11, 3.24160837061882e-11, 3.241601084780221e-11, 3.241605942005954e-11, 3.24160767672943e-11, 3.24160767672943e-11, 3.241610452286992e-11, 3.241610105342296e-11, 3.241605595061259e-11, 3.241602819503697e-11, 3.241604901171868e-11, 3.24160698284004e-11, 3.241609411452906e-11, 3.241611840065772e-11, 3.24160767672943e-11, 3.241603166448392e-11, 9.833668990211208e-09, 4.92126559947792e-07, 1.106949298446125e-06, 1.303260432905518e-06, 1.518945396128402e-06, 1.747172404975573e-06, 1.994864078369573e-06, 2.283004960190738e-06, 2.64668551608338e-06, 3.126554474874865e-06, 3.67128836842312e-06, 4.260552941559581e-06, 4.893129698757548e-06, 5.567908374359831e-06, 6.283791208261391e-06, 7.039562206045957e-06, 7.833722520445008e-06, 8.66431128088152e-06, 9.528712325845845e-06, 1.042344138113549e-05, 1.134392914536875e-05, 1.228432938660262e-05, 1.329386213910766e-05, 1.447965678380569e-05, 1.578621777298395e-05, 1.71387964655878e-05, 1.847266685217619e-05, 1.979083572223317e-05, 2.117018811986782e-05, 2.261224290123209e-05, 2.410279921605252e-05, 2.562779809522908e-05, 2.717333154578229e-05, 2.872564982681071e-05, 3.028003084182273e-05, 3.201723302481695e-05, 3.399953493499197e-05, 3.62086902896408e-05, 3.86264109693002e-05, 4.123448889004067e-05, 4.401491605676711e-05, 4.694995004683733e-05, 5.002217221772298e-05, 5.321453500073403e-05, 5.651037281495519e-05, 5.989335113554262e-05, 6.334698264254257e-05, 6.696272612316534e-05, 7.098189962562174e-05, 7.538685895269737e-05, 8.014690683921799e-05, 8.523056021658704e-05, 9.060563024831936e-05, 9.623934602132067e-05, 1.020983763737604e-04, 1.081489972420968e-04, 1.143571644206531e-04, 1.206886299769394e-04, 1.271091459784657e-04, 1.336018904112279e-04, 1.404989307047799e-04, 1.478687336202711e-04, 1.556165225338191e-04, 1.624381402507424e-04, 1.674119994277135e-04, 1.71008738107048e-04, 1.73600172274746e-04, 1.754635304678231e-04, 1.768002839526162e-04, 1.777580182533711e-04, 1.784443156793714e-04, 1.789360394468531e-04, 1.792880211723968e-04, 1.79539347300306e-04, 1.797192526282743e-04, 1.798481534933671e-04, 1.799411984393373e-04, 1.800082827685401e-04]
hydraulicBus.VFlowOutMea=[6.606204756670545e-18, 1.291528926230967e-03, 1.454217475838959e-03, 1.474717282690108e-03, 1.477302750572562e-03, 1.477628014981747e-03, 1.477673184126616e-03, 1.477677375078201e-03, 1.477676094509661e-03, 1.47767539601773e-03, 1.47767539601773e-03, 1.477675628848374e-03, 1.477675745263696e-03, 1.477675861679018e-03, 1.477675861679018e-03, 1.477675861679018e-03, 1.477675745263696e-03, 1.477675628848374e-03, 1.477675628848374e-03, 1.477675628848374e-03, 1.477675628848374e-03, 1.477675628848374e-03, 1.477675628848374e-03, 1.477675978094339e-03, 1.477690879255533e-03, 1.477709738537669e-03, 1.477715675719082e-03, 1.477722311392426e-03, 1.477729179896414e-03, 1.477736630477011e-03, 1.477745361626148e-03, 1.4777563046664e-03, 1.477770740166306e-03, 1.477787154726684e-03, 1.477804849855602e-03, 1.477823709137738e-03, 1.477843848988414e-03, 1.477865152992308e-03, 1.477887504734099e-03, 1.477911020629108e-03, 1.477935584262013e-03, 1.477961079217494e-03, 1.477987389080226e-03, 1.47801439743489e-03, 1.478041987866163e-03, 1.478071557357907e-03, 1.478106249123812e-03, 1.478144433349371e-03, 1.478184014558792e-03, 1.47822278086096e-03, 1.478261081501842e-03, 1.47830112837255e-03, 1.478342921473086e-03, 1.478386111557484e-03, 1.478430116549134e-03, 1.478474587202072e-03, 1.478519174270332e-03, 1.478563761338592e-03, 1.478613470681012e-03, 1.478670281358063e-03, 1.478733611293137e-03, 1.478802878409624e-03, 1.478877384215593e-03, 1.478956663049757e-03, 1.479040132835507e-03, 1.479127211496234e-03, 1.479217316955328e-03, 1.479309983551502e-03, 1.479404629208148e-03, 1.479500671848655e-03, 1.479600789025426e-03, 1.479711732827127e-03, 1.479832921177149e-03, 1.479963306337595e-03, 1.480101724155247e-03, 1.480247359722853e-03, 1.480399048887193e-03, 1.480555860325694e-03, 1.480716862715781e-03, 1.480880891904235e-03, 1.481047132983804e-03, 1.481214771047235e-03, 1.481383456848562e-03, 1.481561921536922e-03, 1.481751911342144e-03, 1.48195109795779e-03, 1.482125953771174e-03, 1.482253195717931e-03, 1.482345163822174e-03, 1.482411404140294e-03, 1.482458901591599e-03, 1.482493127696216e-03, 1.4825175749138e-03, 1.482535037212074e-03, 1.482547610066831e-03, 1.482556574046612e-03, 1.482562976889312e-03, 1.482567633502185e-03, 1.482570893131196e-03, 1.482573221437633e-03, 1.48257496766746e-03]
