last-generated=2021-05-11
statistics-simulation=
{
  "linear": " ",
  "nonlinear": " ",
  "number of continuous time states": "1",
  "numerical Jacobians": "0"
}
time=[0e+00, 1e+00]
x=[1.000000047497451e-03, 1.84248669090403e-02, 2.162765342814001e-02, 2.249049960039225e-02, 2.338776931928331e-02, 2.432083517702497e-02, 2.529112821727195e-02, 2.630013038143942e-02, 2.734938655628755e-02, 2.844050486984409e-02, 2.957515215091823e-02, 3.075506917881118e-02, 3.198205713345058e-02, 3.325799914892132e-02, 3.458484254195121e-02, 3.596462225827493e-02, 3.739944897966545e-02, 3.889151635488852e-02, 4.044311380913574e-02, 4.205661306422135e-02, 4.37344829129506e-02, 4.547929508372335e-02, 4.729371167509421e-02, 4.918051803617647e-02, 5.114260051113643e-02, 5.318295955657959e-02, 5.530472306919811e-02, 5.751112608081099e-02, 5.980556430453289e-02, 6.219154055087225e-02, 6.467269805651453e-02, 6.725285139782448e-02, 6.993594217058209e-02, 7.2726059714165e-02, 7.562750472533822e-02, 7.864470963994812e-02, 8.178226938939516e-02, 8.504502317237304e-02, 8.843793885625237e-02, 9.196621696259674e-02, 9.563524798949892e-02, 9.94506641289508e-02, 1.034183033916979e-01, 1.075442254370998e-01, 1.118347580771793e-01, 1.162964681594168e-01, 1.209361588373303e-01, 1.257609730886375e-01, 1.307782734900828e-01, 1.359957257038462e-01, 1.414213627576828e-01, 1.47063439632027e-01, 1.529306138868997e-01, 1.590318560477714e-01, 1.6537648546749e-01, 1.719742784484491e-01, 1.788352711275003e-01, 1.859700135972066e-01, 1.933893837129957e-01, 2.011047510809984e-01, 2.09127898456851e-01, 2.174711553228184e-01, 2.261472898424871e-01, 2.351695641211543e-01, 2.445517766775699e-01, 2.543083071410256e-01, 2.644540099250704e-01, 2.750045478313056e-01, 2.859759847091468e-01, 2.973851589392498e-01, 3.092495049776254e-01, 3.215871724289445e-01, 3.344170078335993e-01, 3.477587441424644e-01, 3.616327807027916e-01, 3.760603070259094e-01, 3.910634366113833e-01, 4.066651172083726e-01, 4.228892503493484e-01, 4.3976055878979e-01, 4.573050226930392e-01, 4.755494550392215e-01, 4.945217807921757e-01, 5.142509678298643e-01, 5.347673251679678e-01, 5.561019857657007e-01, 5.782879864682456e-01, 6.013591177782205e-01, 6.253506658360387e-01, 6.502993472184142e-01, 6.762434281298877e-01, 7.032223221237162e-01, 7.31277775891011e-01, 7.604524877315449e-01, 7.907911613125079e-01, 8.223401693057203e-01, 8.551479106565431e-01, 8.892643056333623e-01, 9.247419742884214e-01, 9.61635077026167e-01, 1e+00]
y=[1.000000047497451e-03, 1.842327993545246e-02, 2.163034308776923e-02, 2.249347983264476e-02, 2.339090415108362e-02, 2.432432577397426e-02, 2.529563954393705e-02, 2.630519305093671e-02, 2.735480499104997e-02, 2.844606486558457e-02, 2.958075498752157e-02, 3.076069436716574e-02, 3.198774565175132e-02, 3.32637472719229e-02, 3.459073222590642e-02, 3.597060879967354e-02, 3.740564041219479e-02, 3.88978269966208e-02, 4.044965541875329e-02, 4.206328878449837e-02, 4.374141195283913e-02, 4.548636195961493e-02, 4.730105794758942e-02, 4.918801332021812e-02, 5.115052047855077e-02, 5.319132283329964e-02, 5.531333966588938e-02, 5.752021951384999e-02, 5.981514947641976e-02, 6.220142002080595e-02, 6.468288299974644e-02, 6.726337161755629e-02, 6.9946663556141e-02, 7.273693011096281e-02, 7.563855393629684e-02, 7.865587060972672e-02, 8.179351231530275e-02, 8.505639275831066e-02, 8.844941275040716e-02, 9.197776536273514e-02, 9.564695285150566e-02, 9.946251800270715e-02, 1.034302317714778e-01, 1.075563549821784e-01, 1.118470887881028e-01, 1.163088957280301e-01, 1.209488173735469e-01, 1.257738625930879e-01, 1.307913120062073e-01, 1.360089728358634e-01, 1.414348632097244e-01, 1.470771337992352e-01, 1.529445017697008e-01, 1.590460568550287e-01, 1.65390909791046e-01, 1.719888815859749e-01, 1.788502318932501e-01, 1.859852425840533e-01, 1.934047915142919e-01, 2.011205612138067e-01, 2.091440215127298e-01, 2.174874720940059e-01, 2.261640387474558e-01, 2.351867153578305e-01, 2.445691365307871e-01, 2.543261289308793e-01, 2.64472308549844e-01, 2.750231146781532e-01, 2.859950283926196e-01, 2.974047390651651e-01, 3.092694427314804e-01, 3.216075572187366e-01, 3.344380184691774e-01, 3.477802316160533e-01, 3.616546556068557e-01, 3.760828971862793e-01, 3.910866228186273e-01, 4.066887206491247e-01, 4.229136584535155e-01, 4.397856523439615e-01, 4.57330533480115e-01, 4.755758598966438e-01, 4.945490201153709e-01, 5.142786243865323e-01, 5.347959354005863e-01, 5.561316688759567e-01, 5.783182060227204e-01, 6.013902910068696e-01, 6.253829715540753e-01, 6.503324277966909e-01, 6.762774027816729e-01, 7.032576676749417e-01, 7.313140751186844e-01, 7.60489681028819e-01, 7.908298447273224e-01, 8.223801044184302e-01, 8.55188382212264e-01, 8.893054328374047e-01, 9.247833399113271e-01, 9.616768002772256e-01, 1.000041842460632e+00]
der(x)=[1.979791045188904e+00, 1.030775385431838e+00, 8.460787698579639e-02, 8.798334770723312e-02, 9.149348767935955e-02, 9.514366807732581e-02, 9.893947146790685e-02, 1.028867139217484e-01, 1.06991433358538e-01, 1.112599059335513e-01, 1.156986796098223e-01, 1.203145387604921e-01, 1.251145465440602e-01, 1.301060492323622e-01, 1.35296702070703e-01, 1.406944212421783e-01, 1.463075002715677e-01, 1.521445055135539e-01, 1.582143858681722e-01, 1.645264342931694e-01, 1.710903028646143e-01, 1.779160396374358e-01, 1.850140848477082e-01, 1.923953114461946e-01, 2.000710261295818e-01, 2.080529630184174e-01, 2.163533500403623e-01, 2.249848450537057e-01, 2.339607466319937e-01, 2.432947387558657e-01, 2.530010821117326e-01, 2.630946909780199e-01, 2.735909896456534e-01, 2.845060381945974e-01, 2.958565611140051e-01, 3.076599014299393e-01, 3.199341416830569e-01, 3.326980707815023e-01, 3.459712331712705e-01, 3.597739540999657e-01, 3.741272899038676e-01, 3.890532905863355e-01, 4.045748024916453e-01, 4.207154693167989e-01, 4.375001531081668e-01, 4.549544368598428e-01, 4.731050575911048e-01, 4.919798397209464e-01, 5.116076088946062e-01, 5.320184629138512e-01, 5.532435774803162e-01, 5.753155566160663e-01, 5.982680768885674e-01, 6.221363051405537e-01, 6.46956628110508e-01, 6.727673098853051e-01, 6.9960772341196e-01, 7.27518936566279e-01, 7.565436859089647e-01, 7.867264365833715e-01, 8.181131318108972e-01, 8.50752187035688e-01, 8.846934273367648e-01, 9.199887090353155e-01, 9.566921533188971e-01, 9.94859907797278e-01, 1.034550203454813e+00, 1.075824071538127e+00, 1.118744699768472e+00, 1.163377653525002e+00, 1.209791240110214e+00, 1.25805650822286e+00, 1.308247062744921e+00, 1.36044027230708e+00, 1.414715714333719e+00, 1.471156597137451e+00, 1.529849228936822e+00, 1.59088337417282e+00, 1.654352493204706e+00, 1.720353340308369e+00, 1.788987791882491e+00, 1.860360485912542e+00, 1.934580499632421e+00, 2.011761558784811e+00, 2.092021919193361e+00, 2.175483739919979e+00, 2.262276046531244e+00, 2.352530674137314e+00, 2.446386144675009e+00, 2.543985986580847e+00, 2.645479688397145e+00, 2.75102205772525e+00, 2.86077552310743e+00, 2.974907553727786e+00, 3.093593149542445e+00, 3.217013748099597e+00, 3.345358176815014e+00, 3.478822320292664e+00, 3.617611854615465e+00, 3.76193843212932e+00, 3.912023067474365e+00]
der(y)=[1.979791045188904e+00, 1.030775385431838e+00, 8.460787698579639e-02, 8.798334770723312e-02, 9.149348767935955e-02, 9.514366807732581e-02, 9.893947146790685e-02, 1.028867139217484e-01, 1.06991433358538e-01, 1.112599059335513e-01, 1.156986796098223e-01, 1.203145387604921e-01, 1.251145465440602e-01, 1.301060492323622e-01, 1.35296702070703e-01, 1.406944212421783e-01, 1.463075002715677e-01, 1.521445055135539e-01, 1.582143858681722e-01, 1.645264342931694e-01, 1.710903028646143e-01, 1.779160396374358e-01, 1.850140848477082e-01, 1.923953114461946e-01, 2.000710261295818e-01, 2.080529630184174e-01, 2.163533500403623e-01, 2.249848450537057e-01, 2.339607466319937e-01, 2.432947387558657e-01, 2.530010821117326e-01, 2.630946909780199e-01, 2.735909896456534e-01, 2.845060381945974e-01, 2.958565611140051e-01, 3.076599014299393e-01, 3.199341416830569e-01, 3.326980707815023e-01, 3.459712331712705e-01, 3.597739540999657e-01, 3.741272899038676e-01, 3.890532905863355e-01, 4.045748024916453e-01, 4.207154693167989e-01, 4.375001531081668e-01, 4.549544368598428e-01, 4.731050575911048e-01, 4.919798397209464e-01, 5.116076088946062e-01, 5.320184629138512e-01, 5.532435774803162e-01, 5.753155566160663e-01, 5.982680768885674e-01, 6.221363051405537e-01, 6.46956628110508e-01, 6.727673098853051e-01, 6.9960772341196e-01, 7.27518936566279e-01, 7.565436859089647e-01, 7.867264365833715e-01, 8.181131318108972e-01, 8.50752187035688e-01, 8.846934273367648e-01, 9.199887090353155e-01, 9.566921533188971e-01, 9.94859907797278e-01, 1.034550203454813e+00, 1.075824071538127e+00, 1.118744699768472e+00, 1.163377653525002e+00, 1.209791240110214e+00, 1.25805650822286e+00, 1.308247062744921e+00, 1.36044027230708e+00, 1.414715714333719e+00, 1.471156597137451e+00, 1.529849228936822e+00, 1.59088337417282e+00, 1.654352493204706e+00, 1.720353340308369e+00, 1.788987791882491e+00, 1.860360485912542e+00, 1.934580499632421e+00, 2.011761558784811e+00, 2.092021919193361e+00, 2.175483739919979e+00, 2.262276046531244e+00, 2.352530674137314e+00, 2.446386144675009e+00, 2.543985986580847e+00, 2.645479688397145e+00, 2.75102205772525e+00, 2.86077552310743e+00, 2.974907553727786e+00, 3.093593149542445e+00, 3.217013748099597e+00, 3.345358176815014e+00, 3.478822320292664e+00, 3.617611854615465e+00, 3.76193843212932e+00, 3.912023067474365e+00]
