last-generated=2021-05-11
statistics-initialization=
{
  "nonlinear": "1, 1, 1, 1",
  "numerical Jacobians": "0"
}
statistics-simulation=
{
  "linear": " ",
  "nonlinear": "0, 0, 0, 0, 0, 0, 0",
  "number of continuous time states": "20",
  "numerical Jacobians": "0"
}
time=[0e+00, 6e+02]
C.C=[0e+00, 8.297792635858059e-03, 8.297767490148544e-03, 8.297705091536045e-03, 8.29754862934351e-03, 8.297424763441086e-03, 8.29731673002243e-03, 8.297033607959747e-03, 8.29694326967001e-03, 8.29694326967001e-03, 8.29694326967001e-03, 8.29694326967001e-03, 8.29694326967001e-03, 8.29694326967001e-03, 8.29694326967001e-03, 8.29694326967001e-03, 8.29694326967001e-03, 8.29694326967001e-03, 8.29694326967001e-03, 8.29694326967001e-03, 8.29694326967001e-03, 8.29694326967001e-03, 8.29694326967001e-03, 8.29694326967001e-03, 8.29694326967001e-03, 8.29694326967001e-03, 8.29694326967001e-03, 8.29694326967001e-03, 8.29694326967001e-03, 8.29694326967001e-03, 8.29694326967001e-03, 8.29694326967001e-03, 8.29694326967001e-03, 8.29694326967001e-03, 8.29694326967001e-03, 8.29694326967001e-03, 8.29694326967001e-03, 8.29694326967001e-03, 8.29694326967001e-03, 8.29694326967001e-03, 8.29694326967001e-03, 8.29694326967001e-03, 8.29694326967001e-03, 8.29694326967001e-03, 8.29694326967001e-03, 8.29694326967001e-03, 8.29694326967001e-03, 8.29694326967001e-03, 8.29694326967001e-03, 8.29694326967001e-03, 8.29694326967001e-03, 8.29694326967001e-03, 8.29694326967001e-03, 8.29694326967001e-03, 8.29694326967001e-03, 8.29694326967001e-03, 8.29694326967001e-03, 8.29694326967001e-03, 8.29694326967001e-03, 8.29694326967001e-03, 8.29694326967001e-03, 8.29694326967001e-03, 8.29694326967001e-03, 8.29694326967001e-03, 8.29694326967001e-03, 8.29694326967001e-03, 8.29694326967001e-03, 8.29694326967001e-03, 8.29694326967001e-03, 8.29694326967001e-03, 8.29694326967001e-03, 8.29694326967001e-03, 8.29694326967001e-03, 8.29694326967001e-03, 8.29694326967001e-03, 8.29694326967001e-03, 8.29694326967001e-03, 8.29694326967001e-03, 8.29694326967001e-03, 8.29694326967001e-03, 8.29694326967001e-03, 8.29694326967001e-03, 8.29694326967001e-03, 8.29694326967001e-03, 8.29694326967001e-03, 8.29694326967001e-03, 8.29694326967001e-03, 8.29694326967001e-03, 8.29694326967001e-03, 8.29694326967001e-03, 8.29694326967001e-03, 8.29694326967001e-03, 8.29694326967001e-03, 8.29694326967001e-03, 8.29694326967001e-03, 8.29694326967001e-03, 8.29694326967001e-03, 8.29694326967001e-03, 8.29694326967001e-03, 8.29694326967001e-03, 8.29694326967001e-03]
C1.C=[0e+00, 8.297792635858059e-03, 8.297767490148544e-03, 8.297705091536045e-03, 8.29754862934351e-03, 8.297424763441086e-03, 8.29731673002243e-03, 8.297033607959747e-03, 8.29694326967001e-03, 8.29694326967001e-03, 8.29694326967001e-03, 8.29694326967001e-03, 8.29694326967001e-03, 8.29694326967001e-03, 8.29694326967001e-03, 8.29694326967001e-03, 8.29694326967001e-03, 8.29694326967001e-03, 8.29694326967001e-03, 8.29694326967001e-03, 8.29694326967001e-03, 8.29694326967001e-03, 8.29694326967001e-03, 8.29694326967001e-03, 8.29694326967001e-03, 8.29694326967001e-03, 8.29694326967001e-03, 8.29694326967001e-03, 8.29694326967001e-03, 8.29694326967001e-03, 8.29694326967001e-03, 8.29694326967001e-03, 8.29694326967001e-03, 8.29694326967001e-03, 8.29694326967001e-03, 8.29694326967001e-03, 8.29694326967001e-03, 8.29694326967001e-03, 8.29694326967001e-03, 8.29694326967001e-03, 8.29694326967001e-03, 8.29694326967001e-03, 8.29694326967001e-03, 8.29694326967001e-03, 8.29694326967001e-03, 8.29694326967001e-03, 8.29694326967001e-03, 8.29694326967001e-03, 8.29694326967001e-03, 8.29694326967001e-03, 8.29694326967001e-03, 8.29694326967001e-03, 8.29694326967001e-03, 8.29694326967001e-03, 8.29694326967001e-03, 8.29694326967001e-03, 8.29694326967001e-03, 8.29694326967001e-03, 8.29694326967001e-03, 8.29694326967001e-03, 8.29694326967001e-03, 8.29694326967001e-03, 8.29694326967001e-03, 8.29694326967001e-03, 8.29694326967001e-03, 8.29694326967001e-03, 8.29694326967001e-03, 8.29694326967001e-03, 8.29694326967001e-03, 8.29694326967001e-03, 8.29694326967001e-03, 8.29694326967001e-03, 8.29694326967001e-03, 8.29694326967001e-03, 8.29694326967001e-03, 8.29694326967001e-03, 8.29694326967001e-03, 8.29694326967001e-03, 8.29694326967001e-03, 8.29694326967001e-03, 8.29694326967001e-03, 8.29694326967001e-03, 8.29694326967001e-03, 8.29694326967001e-03, 8.29694326967001e-03, 8.29694326967001e-03, 8.29694326967001e-03, 8.29694326967001e-03, 8.29694326967001e-03, 8.29694326967001e-03, 8.29694326967001e-03, 8.29694326967001e-03, 8.29694326967001e-03, 8.29694326967001e-03, 8.29694326967001e-03, 8.29694326967001e-03, 8.29694326967001e-03, 8.29694326967001e-03, 8.29694326967001e-03, 8.29694326967001e-03, 8.29694326967001e-03]
vol4.C[1]=[0e+00, 7.61845801025629e-03, 6.953719072043896e-03, 6.346981506794691e-03, 5.793184041976929e-03, 5.287707317620516e-03, 4.826335236430168e-03, 4.405219573527574e-03, 4.020847845822573e-03, 3.670016303658485e-03, 3.349834820255637e-03, 3.057607682421803e-03, 2.790875732898712e-03, 2.54741357639432e-03, 2.325187902897596e-03, 2.122347243130207e-03, 1.937200664542615e-03, 1.768204499967396e-03, 1.613952568732202e-03, 1.473157899454236e-03, 1.344645512290299e-03, 1.22734357137233e-03, 1.120274071581662e-03, 1.022544107399881e-03, 9.333482012152672e-04, 8.519302937202156e-04, 7.776092388667166e-04, 7.097669295035303e-04, 6.478389259427783e-04, 5.913125933147967e-04, 5.397191271185875e-04, 4.926280817016959e-04, 4.496461187954992e-04, 4.104142135474831e-04, 3.746053553186355e-04, 3.419194254092872e-04, 3.120777255389839e-04, 2.848358999472111e-04, 2.599743602331728e-04, 2.372781600570306e-04, 2.165702899219468e-04, 1.976724306587131e-04, 1.804268831619993e-04, 1.646906021051109e-04, 1.503254898125306e-04, 1.372144761262462e-04, 1.252449292223901e-04, 1.143176341429353e-04, 1.043429074343294e-04, 9.523795597488061e-05, 8.692764095030725e-05, 7.934342283988371e-05, 7.242156425490975e-05, 6.610534910578281e-05, 6.03436965320725e-05, 5.508552567334846e-05, 5.028412124374877e-05, 4.590916432789531e-05, 4.191645712126046e-05, 3.826745160040446e-05, 3.493887197691947e-05, 3.190242205164395e-05, 2.912760646722745e-05, 2.65907929133391e-05, 2.427650542813353e-05, 2.216218854300678e-05, 2.023001252382528e-05, 1.846573650254868e-05, 1.685467941570094e-05, 1.538394644740039e-05, 1.404164231644245e-05, 1.28166975628119e-05, 1.169888400909258e-05, 1.067861830961192e-05, 9.748530828801449e-06, 8.899805834516883e-06, 8.124530722852796e-06, 7.417168944812147e-06, 6.771790140192024e-06, 6.182217930472689e-06, 5.643424174195388e-06, 5.151683581061657e-06, 4.702540536527526e-06, 4.292347057344159e-06, 3.917738467862364e-06, 3.575733217076049e-06, 3.263610551584861e-06, 2.978838210765389e-06, 2.719066060308251e-06, 2.482155196048552e-06, 2.266061528644059e-06, 2.068819185296888e-06, 1.888676592898264e-06, 1.725411152619927e-06, 1.576748218212742e-06, 1.44120485856547e-06, 1.317277792622917e-06, 1.203410079142486e-06, 1.10023029264994e-06, 1.006785510071495e-06, 9.214713259098062e-07]
C2.C=[0e+00, 3.495482087600976e-04, 6.587581010535359e-04, 9.258304489776492e-04, 1.15511822514236e-03, 1.350564300082624e-03, 1.515739015303552e-03, 1.653873361647129e-03, 1.767890178598464e-03, 1.8604303477332e-03, 1.933851512148976e-03, 1.990330405533314e-03, 2.03183270059526e-03, 2.060114638879895e-03, 2.076760400086641e-03, 2.083193743601441e-03, 2.080695936456323e-03, 2.070419955998659e-03, 2.053398871794343e-03, 2.030562376603484e-03, 2.002744469791651e-03, 1.970691373571754e-03, 1.935069565661252e-03, 1.896474626846611e-03, 1.855429843999445e-03, 1.812417642213404e-03, 1.767859328538179e-03, 1.72212568577379e-03, 1.675544423051178e-03, 1.628402853384614e-03, 1.580954063683748e-03, 1.53342226985842e-03, 1.486003282479942e-03, 1.438867882825434e-03, 1.392163103446364e-03, 1.34601688478142e-03, 1.300542731769383e-03, 1.255828654393554e-03, 1.211945433169603e-03, 1.168963615782559e-03, 1.1269252281636e-03, 1.085876836441457e-03, 1.045851386152208e-03, 1.006872742436826e-03, 9.68964071944356e-04, 9.321338147856295e-04, 8.963901200331748e-04, 8.61732813064009e-04, 8.281567716039717e-04, 7.956541376188397e-04, 7.642133277840912e-04, 7.338201976381242e-04, 7.044593803584576e-04, 6.761120166629553e-04, 6.487572682090104e-04, 6.223767413757741e-04, 5.969508783891795e-04, 5.724483053199949e-04, 5.488521419465542e-04, 5.261425394564867e-04, 5.042889970354736e-04, 4.832672420889139e-04, 4.630568146239966e-04, 4.436334129422903e-04, 4.249676130712032e-04, 4.070377035532147e-04, 3.89819557312876e-04, 3.73288057744503e-04, 3.574195434339343e-04, 3.421905566938223e-04, 3.275782510172576e-04, 3.135605657007545e-04, 3.001158765982836e-04, 2.872233162634075e-04, 2.748615806922317e-04, 2.63011606875807e-04, 2.516546228434891e-04, 2.407711581327021e-04, 2.303429646417499e-04, 2.20352943870239e-04, 2.107840700773522e-04, 2.016192447626962e-04, 1.928426208905876e-04, 1.844385842559859e-04, 1.763922919053584e-04, 1.686891337158158e-04, 1.613150088815019e-04, 1.542565878480673e-04, 1.475010649301112e-04, 1.410358672728762e-04, 1.348489604424685e-04, 1.28928804770112e-04, 1.232643116964027e-04, 1.178447928396054e-04, 1.126600327552296e-04, 1.077001943485811e-04, 1.029558770824224e-04, 9.841805876931176e-05, 9.407778270542622e-05, 8.992669609142467e-05, 8.595684630563483e-05]
C3.C=[0e+00, 3.495482087600976e-04, 6.587581010535359e-04, 9.258304489776492e-04, 1.15511822514236e-03, 1.350564300082624e-03, 1.515739015303552e-03, 1.653873361647129e-03, 1.767890178598464e-03, 1.8604303477332e-03, 1.933851512148976e-03, 1.990330405533314e-03, 2.03183270059526e-03, 2.060114638879895e-03, 2.076760400086641e-03, 2.083193743601441e-03, 2.080695936456323e-03, 2.070419955998659e-03, 2.053398871794343e-03, 2.030562376603484e-03, 2.002744469791651e-03, 1.970691373571754e-03, 1.935069565661252e-03, 1.896474626846611e-03, 1.855429843999445e-03, 1.812417642213404e-03, 1.767859328538179e-03, 1.72212568577379e-03, 1.675544423051178e-03, 1.628402853384614e-03, 1.580954063683748e-03, 1.53342226985842e-03, 1.486003282479942e-03, 1.438867882825434e-03, 1.392163103446364e-03, 1.34601688478142e-03, 1.300542731769383e-03, 1.255828654393554e-03, 1.211945433169603e-03, 1.168963615782559e-03, 1.1269252281636e-03, 1.085876836441457e-03, 1.045851386152208e-03, 1.006872742436826e-03, 9.68964071944356e-04, 9.321338147856295e-04, 8.963901200331748e-04, 8.61732813064009e-04, 8.281567716039717e-04, 7.956541376188397e-04, 7.642133277840912e-04, 7.338201976381242e-04, 7.044593803584576e-04, 6.761120166629553e-04, 6.487572682090104e-04, 6.223767413757741e-04, 5.969508783891795e-04, 5.724483053199949e-04, 5.488521419465542e-04, 5.261425394564867e-04, 5.042889970354736e-04, 4.832672420889139e-04, 4.630568146239966e-04, 4.436334129422903e-04, 4.249676130712032e-04, 4.070377035532147e-04, 3.89819557312876e-04, 3.73288057744503e-04, 3.574195434339343e-04, 3.421905566938223e-04, 3.275782510172576e-04, 3.135605657007545e-04, 3.001158765982836e-04, 2.872233162634075e-04, 2.748615806922317e-04, 2.63011606875807e-04, 2.516546228434891e-04, 2.407711581327021e-04, 2.303429646417499e-04, 2.20352943870239e-04, 2.107840700773522e-04, 2.016192447626962e-04, 1.928426208905876e-04, 1.844385842559859e-04, 1.763922919053584e-04, 1.686891337158158e-04, 1.613150088815019e-04, 1.542565878480673e-04, 1.475010649301112e-04, 1.410358672728762e-04, 1.348489604424685e-04, 1.28928804770112e-04, 1.232643116964027e-04, 1.178447928396054e-04, 1.126600327552296e-04, 1.077001943485811e-04, 1.029558770824224e-04, 9.841805876931176e-05, 9.407778270542622e-05, 8.992669609142467e-05, 8.595684630563483e-05]
