last-generated=2022-02-01
statistics-simulation=
{
  "linear": " ",
  "nonlinear": " ",
  "number of continuous time states": "10",
  "numerical Jacobians": "0"
}
time=[0e+00, 1e+03]
senTemIn.T=[3.231499938964844e+02, 3.231499938964844e+02, 3.231499938964844e+02, 3.231499938964844e+02, 3.231499938964844e+02, 3.231499938964844e+02, 3.231499938964844e+02, 3.231499938964844e+02, 3.231499938964844e+02, 3.231499938964844e+02, 3.231499938964844e+02, 3.431499938964844e+02, 3.431499938964844e+02, 3.431499938964844e+02, 3.431499938964844e+02, 3.431499938964844e+02, 3.431499938964844e+02, 3.431499938964844e+02, 3.431499938964844e+02, 3.431499938964844e+02, 3.431499938964844e+02, 3.431499938964844e+02, 3.431499938964844e+02, 3.431499938964844e+02, 3.431499938964844e+02, 3.431499938964844e+02, 3.431499938964844e+02, 3.431499938964844e+02, 3.431499938964844e+02, 3.431499938964844e+02, 3.431499938964844e+02, 3.431499938964844e+02, 3.431499938964844e+02, 3.431499938964844e+02, 3.431499938964844e+02, 3.431499938964844e+02, 3.431499938964844e+02, 3.431499938964844e+02, 3.431499938964844e+02, 3.431499938964844e+02, 3.431499938964844e+02, 3.431499938964844e+02, 3.431499938964844e+02, 3.431499938964844e+02, 3.431499938964844e+02, 3.431499938964844e+02, 3.431499938964844e+02, 3.431499938964844e+02, 3.431499938964844e+02, 3.431499938964844e+02, 3.431499938964844e+02, 3.431499938964844e+02, 3.431499938964844e+02, 3.431499938964844e+02, 3.431499938964844e+02, 3.431499938964844e+02, 3.431499938964844e+02, 3.431499938964844e+02, 3.431499938964844e+02, 3.431499938964844e+02, 3.431499938964844e+02, 3.431499938964844e+02, 3.431499938964844e+02, 3.431499938964844e+02, 3.431499938964844e+02, 3.431499938964844e+02, 3.431499938964844e+02, 3.431499938964844e+02, 3.431499938964844e+02, 3.431499938964844e+02, 3.431499938964844e+02, 3.431499938964844e+02, 3.431499938964844e+02, 3.431499938964844e+02, 3.431499938964844e+02, 3.431499938964844e+02, 3.431499938964844e+02, 3.431499938964844e+02, 3.431499938964844e+02, 3.431499938964844e+02, 3.431499938964844e+02, 3.431499938964844e+02, 3.431499938964844e+02, 3.431499938964844e+02, 3.431499938964844e+02, 3.431499938964844e+02, 3.431499938964844e+02, 3.431499938964844e+02, 3.431499938964844e+02, 3.431499938964844e+02, 3.431499938964844e+02, 3.431499938964844e+02, 3.431499938964844e+02, 3.431499938964844e+02, 3.431499938964844e+02, 3.431499938964844e+02, 3.431499938964844e+02, 3.431499938964844e+02, 3.431499938964844e+02, 3.431499938964844e+02, 3.431499938964844e+02]
senTemOut.T=[3.231499938964844e+02, 3.22968017578125e+02, 3.22631591796875e+02, 3.223530578613281e+02, 3.221845703125e+02, 3.2209814453125e+02, 3.220574951171875e+02, 3.220392761230469e+02, 3.220312805175781e+02, 3.2202783203125e+02, 3.220263366699219e+02, 3.246845703125e+02, 3.327286987304688e+02, 3.382636108398438e+02, 3.405086975097656e+02, 3.412278747558594e+02, 3.414364318847656e+02, 3.414965515136719e+02, 3.415149841308594e+02, 3.415212707519531e+02, 3.415236206054688e+02, 3.415245971679688e+02, 3.415249633789062e+02, 3.415251159667969e+02, 3.415252075195312e+02, 3.415252380371094e+02, 3.415252685546875e+02, 3.415252685546875e+02, 3.415252685546875e+02, 3.415252685546875e+02, 3.415252685546875e+02, 3.415252685546875e+02, 3.415252685546875e+02, 3.415252685546875e+02, 3.415252685546875e+02, 3.415252685546875e+02, 3.415252685546875e+02, 3.415252685546875e+02, 3.415252685546875e+02, 3.415252685546875e+02, 3.415252685546875e+02, 3.415252685546875e+02, 3.415252685546875e+02, 3.415252685546875e+02, 3.415252685546875e+02, 3.415252685546875e+02, 3.415252685546875e+02, 3.415252685546875e+02, 3.415252685546875e+02, 3.415252685546875e+02, 3.415252685546875e+02, 3.415252685546875e+02, 3.415252685546875e+02, 3.415252685546875e+02, 3.415252685546875e+02, 3.415252685546875e+02, 3.415252685546875e+02, 3.415252685546875e+02, 3.415252685546875e+02, 3.415252685546875e+02, 3.415252685546875e+02, 3.415252685546875e+02, 3.415252685546875e+02, 3.415252685546875e+02, 3.415252685546875e+02, 3.415252685546875e+02, 3.415252685546875e+02, 3.415252685546875e+02, 3.415252685546875e+02, 3.415252685546875e+02, 3.415252685546875e+02, 3.415252685546875e+02, 3.415252685546875e+02, 3.415252685546875e+02, 3.415252685546875e+02, 3.415252685546875e+02, 3.415252685546875e+02, 3.415252685546875e+02, 3.415252685546875e+02, 3.415252685546875e+02, 3.415252685546875e+02, 3.415252685546875e+02, 3.415252685546875e+02, 3.415252685546875e+02, 3.415252685546875e+02, 3.415252685546875e+02, 3.415252685546875e+02, 3.415252685546875e+02, 3.415252685546875e+02, 3.415252685546875e+02, 3.415252685546875e+02, 3.415252685546875e+02, 3.415252685546875e+02, 3.415252685546875e+02, 3.415252685546875e+02, 3.415252685546875e+02, 3.415252685546875e+02, 3.415252685546875e+02, 3.415252685546875e+02, 3.415252685546875e+02, 3.415252685546875e+02]
