last-generated=2025-12-09
statistics-initialization=
{
  "linear": "4, 4, 4, 4, 4"
}
statistics-simulation=
{
  "linear": "4, 0, 4, 0, 4, 0, 4, 0, 4, 0",
  "nonlinear": "0, 1, 0, 1, 0, 1, 0, 1, 0, 1, 0, 1, 0, 1, 0, 1, 0, 1, 0, 1, 0, 1, 0, 1, 0, 1, 0,   1, 0, 1",
  "number of continuous time states": "78",
  "numerical Jacobians": "0"
}
time=[0e+00, 8.64e+05]
multizone.TAir[1]=[2.931499938964844e+02, 2.91598046875e+02, 2.922388610839844e+02, 2.929140930175781e+02, 2.935311149864818e+02, 2.940111389160156e+02, 2.939537841796875e+02, 2.933088833472962e+02, 2.931263793945312e+02, 2.931055579938239e+02, 2.930703735351562e+02, 2.931384399414063e+02, 2.932322143554687e+02, 2.93328363911752e+02, 2.936081744921832e+02, 2.9368603515625e+02, 2.935039116633874e+02, 2.931020091884819e+02, 2.930552245690545e+02, 2.930156921386719e+02, 2.930334167480469e+02, 2.930868225097656e+02, 2.93132666015625e+02, 2.930888172496449e+02, 2.934691908263766e+02, 2.934514770507812e+02, 2.937217881604555e+02, 2.931510274233071e+02, 2.929999257278122e+02, 2.929736328125e+02, 2.930418395996094e+02, 2.93084100130706e+02, 2.930162170410156e+02, 2.930448188987586e+02, 2.931228231828622e+02, 2.935354919433594e+02, 2.932907706752533e+02, 2.930622802734375e+02, 2.930135864257812e+02, 2.930333618164062e+02, 2.930528259277344e+02, 2.930464904785156e+02, 2.930215148925781e+02, 2.931018328619649e+02, 2.932134098907324e+02, 2.93604736328125e+02, 2.935535066348057e+02, 2.930012344893556e+02, 2.929522338867188e+02, 2.929902587890625e+02, 2.930161743164062e+02, 2.930392456054688e+02, 2.930549194335937e+02, 2.930712683028178e+02, 2.932399017593194e+02, 2.933695678710938e+02, 2.934068026492946e+02, 2.930355097848316e+02, 2.929968017578125e+02, 2.930055603027344e+02, 2.9308984375e+02, 2.930757080078125e+02, 2.93075048828125e+02, 2.931060485839844e+02, 2.932719346805633e+02, 2.931827697753906e+02, 2.933379711744729e+02, 2.930764651060381e+02, 2.930037841796875e+02, 2.93025341796875e+02, 2.930438232421875e+02, 2.930640014648437e+02, 2.930769958496094e+02, 2.930893346456209e+02, 2.934231971224448e+02, 2.936616821289062e+02, 2.936211772673091e+02, 2.930693192431423e+02, 2.929765380859375e+02, 2.930022521972656e+02, 2.930323791503906e+02, 2.930687255859375e+02, 2.930390808105469e+02, 2.9305234375e+02, 2.932761688415343e+02, 2.935671081542969e+02, 2.933699435651634e+02, 2.929921418892524e+02, 2.929638916015625e+02, 2.929898681640625e+02, 2.930077819824219e+02, 2.930391235351562e+02, 2.930568481445313e+02, 2.930581776034122e+02, 2.932775453571682e+02, 2.9352880859375e+02, 2.933895056698208e+02, 2.930206042518742e+02, 2.929538024902344e+02, 2.929860961914063e+02, 2.930305786132812e+02]
multizone.TAir[2]=[2.931499938964844e+02, 2.91598046875e+02, 2.922388610839844e+02, 2.929307250976562e+02, 2.935955498344672e+02, 2.94008056640625e+02, 2.939740234375e+02, 2.934287255654824e+02, 2.931167297363281e+02, 2.930963045261933e+02, 2.9306298828125e+02, 2.931324279785156e+02, 2.932272521972656e+02, 2.933614946191618e+02, 2.936525832407424e+02, 2.938206787109375e+02, 2.93546283808373e+02, 2.932411352468759e+02, 2.930637505402947e+02, 2.930142761230469e+02, 2.930284423828125e+02, 2.930808227539063e+02, 2.9312666015625e+02, 2.931998291015625e+02, 2.934496777604122e+02, 2.936207580566406e+02, 2.937814187197495e+02, 2.933298376879741e+02, 2.930203611728534e+02, 2.929775329589844e+02, 2.930386047363281e+02, 2.930781733787642e+02, 2.93009619140625e+02, 2.930601886591691e+02, 2.931720051825801e+02, 2.935838928222656e+02, 2.932903044654412e+02, 2.931580383300781e+02, 2.929827819824219e+02, 2.930130859375e+02, 2.930397644042969e+02, 2.930373657226563e+02, 2.930147827148438e+02, 2.931660077876818e+02, 2.93240864250342e+02, 2.936552429199219e+02, 2.935478893064853e+02, 2.931462322538319e+02, 2.929369384765625e+02, 2.929775024414063e+02, 2.930067749023438e+02, 2.930319580078125e+02, 2.930490783691406e+02, 2.931367048135991e+02, 2.932729423659579e+02, 2.933972473144531e+02, 2.934079946878705e+02, 2.931413572139401e+02, 2.929668334960937e+02, 2.929861877441406e+02, 2.930777282714844e+02, 2.930674865722656e+02, 2.930691284179687e+02, 2.932232971191406e+02, 2.932536447483712e+02, 2.932150573730469e+02, 2.933159351888713e+02, 2.931687884949179e+02, 2.929694396972656e+02, 2.930044677734375e+02, 2.930315246582031e+02, 2.930561340332031e+02, 2.930716125488281e+02, 2.931582601044367e+02, 2.934460529528166e+02, 2.937730102539062e+02, 2.936157245912574e+02, 2.932287336539374e+02, 2.929702575683594e+02, 2.929937377929688e+02, 2.930247802734375e+02, 2.93062109375e+02, 2.930333923339844e+02, 2.931157104492187e+02, 2.933107497788595e+02, 2.935877990722656e+02, 2.933731402428018e+02, 2.931153808007339e+02, 2.929426879882812e+02, 2.929744140625e+02, 2.929972229003906e+02, 2.930313903808594e+02, 2.930509155273438e+02, 2.930989480206824e+02, 2.93316133291557e+02, 2.935505981445312e+02, 2.933904371984901e+02, 2.931268170184067e+02, 2.929279846191406e+02, 2.92968701171875e+02, 2.930192565917969e+02]
multizone.TAir[3]=[2.931499938964844e+02, 2.91598046875e+02, 2.922388610839844e+02, 2.929307250976562e+02, 2.935955498344672e+02, 2.94008056640625e+02, 2.939740234375e+02, 2.934287255654824e+02, 2.931167297363281e+02, 2.930963045261933e+02, 2.9306298828125e+02, 2.931324279785156e+02, 2.932272521972656e+02, 2.933614946191618e+02, 2.936525832407424e+02, 2.938206787109375e+02, 2.93546283808373e+02, 2.932411352468759e+02, 2.930637505402947e+02, 2.930142761230469e+02, 2.930284423828125e+02, 2.930808227539063e+02, 2.9312666015625e+02, 2.931998291015625e+02, 2.934496777604122e+02, 2.936207580566406e+02, 2.937814187197495e+02, 2.933298376879741e+02, 2.930203611728534e+02, 2.929775329589844e+02, 2.930386047363281e+02, 2.930781733787642e+02, 2.93009619140625e+02, 2.930601886591691e+02, 2.931720051825801e+02, 2.935838928222656e+02, 2.932903044654412e+02, 2.931580383300781e+02, 2.929827819824219e+02, 2.930130859375e+02, 2.930397644042969e+02, 2.930373657226563e+02, 2.930147827148438e+02, 2.931660077876818e+02, 2.93240864250342e+02, 2.936552429199219e+02, 2.935478893064853e+02, 2.931462322538319e+02, 2.929369384765625e+02, 2.929775024414063e+02, 2.930067749023438e+02, 2.930319580078125e+02, 2.930490783691406e+02, 2.931367048135991e+02, 2.932729423659579e+02, 2.933972473144531e+02, 2.934079946878705e+02, 2.931413572139401e+02, 2.929668334960937e+02, 2.929861877441406e+02, 2.930777282714844e+02, 2.930674865722656e+02, 2.930691284179687e+02, 2.932232971191406e+02, 2.932536447483712e+02, 2.932150573730469e+02, 2.933159351888713e+02, 2.931687884949179e+02, 2.929694396972656e+02, 2.930044677734375e+02, 2.930315246582031e+02, 2.930561340332031e+02, 2.930716125488281e+02, 2.931582601044367e+02, 2.934460529528166e+02, 2.937730102539062e+02, 2.936157245912574e+02, 2.932287336539374e+02, 2.929702575683594e+02, 2.929937377929688e+02, 2.930247802734375e+02, 2.93062109375e+02, 2.930333923339844e+02, 2.931157104492187e+02, 2.933107497788595e+02, 2.935877990722656e+02, 2.933731402428018e+02, 2.931153808007339e+02, 2.929426879882812e+02, 2.929744140625e+02, 2.929972229003906e+02, 2.930313903808594e+02, 2.930509155273438e+02, 2.930989480206824e+02, 2.93316133291557e+02, 2.935505981445312e+02, 2.933904371984901e+02, 2.931268170184067e+02, 2.929279846191406e+02, 2.92968701171875e+02, 2.930192565917969e+02]
multizone.TAir[4]=[2.931499938964844e+02, 2.91598046875e+02, 2.922388610839844e+02, 2.929307250976562e+02, 2.935955498344672e+02, 2.94008056640625e+02, 2.939740234375e+02, 2.934287255654824e+02, 2.931167297363281e+02, 2.930963045261933e+02, 2.9306298828125e+02, 2.931324279785156e+02, 2.932272521972656e+02, 2.933614946191618e+02, 2.936525832407424e+02, 2.938206787109375e+02, 2.93546283808373e+02, 2.932411352468759e+02, 2.930637505402947e+02, 2.930142761230469e+02, 2.930284423828125e+02, 2.930808227539063e+02, 2.9312666015625e+02, 2.931998291015625e+02, 2.934496777604122e+02, 2.936207580566406e+02, 2.937814187197495e+02, 2.933298376879741e+02, 2.930203611728534e+02, 2.929775329589844e+02, 2.930386047363281e+02, 2.930781733787642e+02, 2.93009619140625e+02, 2.930601886591691e+02, 2.931720051825801e+02, 2.935838928222656e+02, 2.932903044654412e+02, 2.931580383300781e+02, 2.929827819824219e+02, 2.930130859375e+02, 2.930397644042969e+02, 2.930373657226563e+02, 2.930147827148438e+02, 2.931660077876818e+02, 2.93240864250342e+02, 2.936552429199219e+02, 2.935478893064853e+02, 2.931462322538319e+02, 2.929369384765625e+02, 2.929775024414063e+02, 2.930067749023438e+02, 2.930319580078125e+02, 2.930490783691406e+02, 2.931367048135991e+02, 2.932729423659579e+02, 2.933972473144531e+02, 2.934079946878705e+02, 2.931413572139401e+02, 2.929668334960937e+02, 2.929861877441406e+02, 2.930777282714844e+02, 2.930674865722656e+02, 2.930691284179687e+02, 2.932232971191406e+02, 2.932536447483712e+02, 2.932150573730469e+02, 2.933159351888713e+02, 2.931687884949179e+02, 2.929694396972656e+02, 2.930044677734375e+02, 2.930315246582031e+02, 2.930561340332031e+02, 2.930716125488281e+02, 2.931582601044367e+02, 2.934460529528166e+02, 2.937730102539062e+02, 2.936157245912574e+02, 2.932287336539374e+02, 2.929702575683594e+02, 2.929937377929688e+02, 2.930247802734375e+02, 2.93062109375e+02, 2.930333923339844e+02, 2.931157104492187e+02, 2.933107497788595e+02, 2.935877990722656e+02, 2.933731402428018e+02, 2.931153808007339e+02, 2.929426879882812e+02, 2.929744140625e+02, 2.929972229003906e+02, 2.930313903808594e+02, 2.930509155273438e+02, 2.930989480206824e+02, 2.93316133291557e+02, 2.935505981445312e+02, 2.933904371984901e+02, 2.931268170184067e+02, 2.929279846191406e+02, 2.92968701171875e+02, 2.930192565917969e+02]
multizone.TAir[5]=[2.931499938964844e+02, 2.91598046875e+02, 2.922388610839844e+02, 2.929307250976562e+02, 2.935955498344672e+02, 2.94008056640625e+02, 2.939740234375e+02, 2.934287255654824e+02, 2.931167297363281e+02, 2.930963045261933e+02, 2.9306298828125e+02, 2.931324279785156e+02, 2.932272521972656e+02, 2.933614946191618e+02, 2.936525832407424e+02, 2.938206787109375e+02, 2.93546283808373e+02, 2.932411352468759e+02, 2.930637505402947e+02, 2.930142761230469e+02, 2.930284423828125e+02, 2.930808227539063e+02, 2.9312666015625e+02, 2.931998291015625e+02, 2.934496777604122e+02, 2.936207580566406e+02, 2.937814187197495e+02, 2.933298376879741e+02, 2.930203611728534e+02, 2.929775329589844e+02, 2.930386047363281e+02, 2.930781733787642e+02, 2.93009619140625e+02, 2.930601886591691e+02, 2.931720051825801e+02, 2.935838928222656e+02, 2.932903044654412e+02, 2.931580383300781e+02, 2.929827819824219e+02, 2.930130859375e+02, 2.930397644042969e+02, 2.930373657226563e+02, 2.930147827148438e+02, 2.931660077876818e+02, 2.93240864250342e+02, 2.936552429199219e+02, 2.935478893064853e+02, 2.931462322538319e+02, 2.929369384765625e+02, 2.929775024414063e+02, 2.930067749023438e+02, 2.930319580078125e+02, 2.930490783691406e+02, 2.931367048135991e+02, 2.932729423659579e+02, 2.933972473144531e+02, 2.934079946878705e+02, 2.931413572139401e+02, 2.929668334960937e+02, 2.929861877441406e+02, 2.930777282714844e+02, 2.930674865722656e+02, 2.930691284179687e+02, 2.932232971191406e+02, 2.932536447483712e+02, 2.932150573730469e+02, 2.933159351888713e+02, 2.931687884949179e+02, 2.929694396972656e+02, 2.930044677734375e+02, 2.930315246582031e+02, 2.930561340332031e+02, 2.930716125488281e+02, 2.931582601044367e+02, 2.934460529528166e+02, 2.937730102539062e+02, 2.936157245912574e+02, 2.932287336539374e+02, 2.929702575683594e+02, 2.929937377929688e+02, 2.930247802734375e+02, 2.93062109375e+02, 2.930333923339844e+02, 2.931157104492187e+02, 2.933107497788595e+02, 2.935877990722656e+02, 2.933731402428018e+02, 2.931153808007339e+02, 2.929426879882812e+02, 2.929744140625e+02, 2.929972229003906e+02, 2.930313903808594e+02, 2.930509155273438e+02, 2.930989480206824e+02, 2.93316133291557e+02, 2.935505981445312e+02, 2.933904371984901e+02, 2.931268170184067e+02, 2.929279846191406e+02, 2.92968701171875e+02, 2.930192565917969e+02]
multizone.PHeater[1]=[0e+00, 5.908597578125e+04, 9.193424374999999e+04, 1e+05, 9.593642029608505e+04, 7.5615203125e+04, 5.260042421875e+04, 3.416434208103771e+04, 3.400571640625e+04, 3.522069012873577e+04, 3.692312890625e+04, 3.6569734375e+04, 3.618250234375e+04, 3.171757895803022e+04, 2.256434919141524e+04, 5.48804345703125e+03, 0e+00, 1.953539910983239e+02, 3.32078490122284e+03, 6.56470283203125e+03, 1.00610927734375e+04, 1.27089328125e+04, 1.33029025390625e+04, 1.457569646661932e+04, 1.088217552675749e+04, 6.09574951171875e+02, 0e+00, 1.615678271177993e+00, 3.247387554976093e+03, 8.320830078124982e+03, 1.2485935546875e+04, 1.503899190077881e+04, 1.763078828125e+04, 2.102536925310735e+04, 2.149367789811489e+04, 1.55436884765625e+04, 6.919544813646054e+03, 6.810666015625e+03, 1.0569447265625e+04, 1.41908994140625e+04, 1.759548046875e+04, 2.0304489453125e+04, 2.4120309375e+04, 2.706575590509269e+04, 2.565634277768992e+04, 1.58973232421875e+04, 3.077329283852283e+03, 8.757945183570671e+02, 6.714539453125e+03, 1.18167259765625e+04, 1.59055888671875e+04, 1.9337091796875e+04, 2.2178023828125e+04, 2.475272410776118e+04, 2.358350716987762e+04, 1.906121093749993e+04, 1.000988630010727e+04, 7.003306700626401e+03, 1.169412695312497e+04, 1.5987648828125e+04, 1.8402537109375e+04, 2.0014357421875e+04, 2.257079375e+04, 2.40303423828125e+04, 2.295954002080809e+04, 1.9874294921875e+04, 1.534875164286239e+04, 1.170697370389022e+04, 1.579936953125e+04, 1.9744126953125e+04, 2.3024619140625e+04, 2.568574765625e+04, 2.78495359375e+04, 2.984496129514126e+04, 2.688681744889568e+04, 1.19341708984375e+04, -9.717594805788753e-09, 3.306450551124701e+02, 4.87788427734375e+03, 9.7491705078125e+03, 1.33832216796875e+04, 1.6461844921875e+04, 1.966227421875e+04, 2.26826265625e+04, 2.11905096831111e+04, 1.17586015625e+04, 2.979990912565517e+03, 1.638841970010098e+03, 7.2452189453125e+03, 1.21752158203125e+04, 1.6645234375e+04, 2.0143578125e+04, 2.31233171875e+04, 2.574603363669288e+04, 2.387993536656355e+04, 1.58547421875e+04, 6.785473989229984e+03, 3.360983079753393e+03, 9.0543216796875e+03, 1.42647123046875e+04, 1.829350390625e+04]
multizone.PHeater[2]=[0e+00, 5.908597578125e+04, 9.193424374999999e+04, 1e+05, 9.567999938747012e+04, 7.6839234375e+04, 5.39159125e+04, 3.354709383205977e+04, 3.2311897265625e+04, 3.381430757282254e+04, 3.575385546875e+04, 3.559073125e+04, 3.536037890625e+04, 3.057905309424111e+04, 2.180670502577273e+04, 4.0239697265625e+03, 0e+00, 0e+00, 1.7207619770028e+03, 4.90454052734375e+03, 8.503064453125e+03, 1.13143986328125e+04, 1.20828470703125e+04, 1.240084827769886e+04, 8.066883739591844e+03, 0e+00, 0e+00, 0e+00, 1.751662914514134e+03, 6.536257812499984e+03, 1.07097412109375e+04, 1.340469826248121e+04, 1.61805359375e+04, 1.948241872296726e+04, 2.013188751961636e+04, 1.51897958984375e+04, 5.88702252142113e+03, 4.43323466796875e+03, 7.8442892578125e+03, 1.21893447265625e+04, 1.60612314453125e+04, 1.907859453125e+04, 2.3118221875e+04, 2.560717667731671e+04, 2.380621816155702e+04, 1.51104912109375e+04, 1.669882222367406e+03, 4.977698497355615e+01, 4.60113935546875e+03, 1.01204111328125e+04, 1.45235009765625e+04, 1.8189958984375e+04, 2.1217414453125e+04, 2.320971541724377e+04, 2.184045230431931e+04, 1.859309765624993e+04, 9.467622484433798e+03, 5.071443799674118e+03, 9.226780078124966e+03, 1.421991015625e+04, 1.70750546875e+04, 1.8968252734375e+04, 2.1723562890625e+04, 2.222465625e+04, 2.024129549925514e+04, 1.8882142578125e+04, 1.408772777350742e+04, 9.58135464719742e+03, 1.33948642578125e+04, 1.8114493359375e+04, 2.185660546875e+04, 2.4795176953125e+04, 2.714452421875e+04, 2.856745829651546e+04, 2.54799883693609e+04, 1.06517265625e+04, 0e+00, 0e+00, 3.01282734375e+03, 8.1234833984375e+03, 1.19902109375e+04, 1.527193671875e+04, 1.86485015625e+04, 2.110281875e+04, 1.953147279673355e+04, 1.137636328125e+04, 2.459128306460009e+03, 2.795703742792344e+02, 4.96921455078125e+03, 1.043033125e+04, 1.52667373046875e+04, 1.902076484375e+04, 2.2194092578125e+04, 2.445227798685844e+04, 2.243986313716574e+04, 1.57701474609375e+04, 6.560206369148331e+03, 1.59468896679542e+03, 6.690526171875e+03, 1.25176546875e+04, 1.694915625e+04]
multizone.PHeater[3]=[0e+00, 5.908597578125e+04, 9.193424374999999e+04, 1e+05, 9.567999938747012e+04, 7.6839234375e+04, 5.39159125e+04, 3.354709383205977e+04, 3.2311897265625e+04, 3.381430757282254e+04, 3.575385546875e+04, 3.559073125e+04, 3.536037890625e+04, 3.057905309424111e+04, 2.180670502577273e+04, 4.0239697265625e+03, 0e+00, 0e+00, 1.7207619770028e+03, 4.90454052734375e+03, 8.503064453125e+03, 1.13143986328125e+04, 1.20828470703125e+04, 1.240084827769886e+04, 8.066883739591844e+03, 0e+00, 0e+00, 0e+00, 1.751662914514134e+03, 6.536257812499984e+03, 1.07097412109375e+04, 1.340469826248121e+04, 1.61805359375e+04, 1.948241872296726e+04, 2.013188751961636e+04, 1.51897958984375e+04, 5.88702252142113e+03, 4.43323466796875e+03, 7.8442892578125e+03, 1.21893447265625e+04, 1.60612314453125e+04, 1.907859453125e+04, 2.3118221875e+04, 2.560717667731671e+04, 2.380621816155702e+04, 1.51104912109375e+04, 1.669882222367406e+03, 4.977698497355615e+01, 4.60113935546875e+03, 1.01204111328125e+04, 1.45235009765625e+04, 1.8189958984375e+04, 2.1217414453125e+04, 2.320971541724377e+04, 2.184045230431931e+04, 1.859309765624993e+04, 9.467622484433798e+03, 5.071443799674118e+03, 9.226780078124966e+03, 1.421991015625e+04, 1.70750546875e+04, 1.8968252734375e+04, 2.1723562890625e+04, 2.222465625e+04, 2.024129549925514e+04, 1.8882142578125e+04, 1.408772777350742e+04, 9.58135464719742e+03, 1.33948642578125e+04, 1.8114493359375e+04, 2.185660546875e+04, 2.4795176953125e+04, 2.714452421875e+04, 2.856745829651546e+04, 2.54799883693609e+04, 1.06517265625e+04, 0e+00, 0e+00, 3.01282734375e+03, 8.1234833984375e+03, 1.19902109375e+04, 1.527193671875e+04, 1.86485015625e+04, 2.110281875e+04, 1.953147279673355e+04, 1.137636328125e+04, 2.459128306460009e+03, 2.795703742792344e+02, 4.96921455078125e+03, 1.043033125e+04, 1.52667373046875e+04, 1.902076484375e+04, 2.2194092578125e+04, 2.445227798685844e+04, 2.243986313716574e+04, 1.57701474609375e+04, 6.560206369148331e+03, 1.59468896679542e+03, 6.690526171875e+03, 1.25176546875e+04, 1.694915625e+04]
multizone.PHeater[4]=[0e+00, 5.908597578125e+04, 9.193424374999999e+04, 1e+05, 9.567999938747012e+04, 7.6839234375e+04, 5.39159125e+04, 3.354709383205977e+04, 3.2311897265625e+04, 3.381430757282254e+04, 3.575385546875e+04, 3.559073125e+04, 3.536037890625e+04, 3.057905309424111e+04, 2.180670502577273e+04, 4.0239697265625e+03, 0e+00, 0e+00, 1.7207619770028e+03, 4.90454052734375e+03, 8.503064453125e+03, 1.13143986328125e+04, 1.20828470703125e+04, 1.240084827769886e+04, 8.066883739591844e+03, 0e+00, 0e+00, 0e+00, 1.751662914514134e+03, 6.536257812499984e+03, 1.07097412109375e+04, 1.340469826248121e+04, 1.61805359375e+04, 1.948241872296726e+04, 2.013188751961636e+04, 1.51897958984375e+04, 5.88702252142113e+03, 4.43323466796875e+03, 7.8442892578125e+03, 1.21893447265625e+04, 1.60612314453125e+04, 1.907859453125e+04, 2.3118221875e+04, 2.560717667731671e+04, 2.380621816155702e+04, 1.51104912109375e+04, 1.669882222367406e+03, 4.977698497355615e+01, 4.60113935546875e+03, 1.01204111328125e+04, 1.45235009765625e+04, 1.8189958984375e+04, 2.1217414453125e+04, 2.320971541724377e+04, 2.184045230431931e+04, 1.859309765624993e+04, 9.467622484433798e+03, 5.071443799674118e+03, 9.226780078124966e+03, 1.421991015625e+04, 1.70750546875e+04, 1.8968252734375e+04, 2.1723562890625e+04, 2.222465625e+04, 2.024129549925514e+04, 1.8882142578125e+04, 1.408772777350742e+04, 9.58135464719742e+03, 1.33948642578125e+04, 1.8114493359375e+04, 2.185660546875e+04, 2.4795176953125e+04, 2.714452421875e+04, 2.856745829651546e+04, 2.54799883693609e+04, 1.06517265625e+04, 0e+00, 0e+00, 3.01282734375e+03, 8.1234833984375e+03, 1.19902109375e+04, 1.527193671875e+04, 1.86485015625e+04, 2.110281875e+04, 1.953147279673355e+04, 1.137636328125e+04, 2.459128306460009e+03, 2.795703742792344e+02, 4.96921455078125e+03, 1.043033125e+04, 1.52667373046875e+04, 1.902076484375e+04, 2.2194092578125e+04, 2.445227798685844e+04, 2.243986313716574e+04, 1.57701474609375e+04, 6.560206369148331e+03, 1.59468896679542e+03, 6.690526171875e+03, 1.25176546875e+04, 1.694915625e+04]
multizone.PHeater[5]=[0e+00, 5.908597578125e+04, 9.193424374999999e+04, 1e+05, 9.567999938747012e+04, 7.6839234375e+04, 5.39159125e+04, 3.354709383205977e+04, 3.2311897265625e+04, 3.381430757282254e+04, 3.575385546875e+04, 3.559073125e+04, 3.536037890625e+04, 3.057905309424111e+04, 2.180670502577273e+04, 4.0239697265625e+03, 0e+00, 0e+00, 1.7207619770028e+03, 4.90454052734375e+03, 8.503064453125e+03, 1.13143986328125e+04, 1.20828470703125e+04, 1.240084827769886e+04, 8.066883739591844e+03, 0e+00, 0e+00, 0e+00, 1.751662914514134e+03, 6.536257812499984e+03, 1.07097412109375e+04, 1.340469826248121e+04, 1.61805359375e+04, 1.948241872296726e+04, 2.013188751961636e+04, 1.51897958984375e+04, 5.88702252142113e+03, 4.43323466796875e+03, 7.8442892578125e+03, 1.21893447265625e+04, 1.60612314453125e+04, 1.907859453125e+04, 2.3118221875e+04, 2.560717667731671e+04, 2.380621816155702e+04, 1.51104912109375e+04, 1.669882222367406e+03, 4.977698497355615e+01, 4.60113935546875e+03, 1.01204111328125e+04, 1.45235009765625e+04, 1.8189958984375e+04, 2.1217414453125e+04, 2.320971541724377e+04, 2.184045230431931e+04, 1.859309765624993e+04, 9.467622484433798e+03, 5.071443799674118e+03, 9.226780078124966e+03, 1.421991015625e+04, 1.70750546875e+04, 1.8968252734375e+04, 2.1723562890625e+04, 2.222465625e+04, 2.024129549925514e+04, 1.8882142578125e+04, 1.408772777350742e+04, 9.58135464719742e+03, 1.33948642578125e+04, 1.8114493359375e+04, 2.185660546875e+04, 2.4795176953125e+04, 2.714452421875e+04, 2.856745829651546e+04, 2.54799883693609e+04, 1.06517265625e+04, 0e+00, 0e+00, 3.01282734375e+03, 8.1234833984375e+03, 1.19902109375e+04, 1.527193671875e+04, 1.86485015625e+04, 2.110281875e+04, 1.953147279673355e+04, 1.137636328125e+04, 2.459128306460009e+03, 2.795703742792344e+02, 4.96921455078125e+03, 1.043033125e+04, 1.52667373046875e+04, 1.902076484375e+04, 2.2194092578125e+04, 2.445227798685844e+04, 2.243986313716574e+04, 1.57701474609375e+04, 6.560206369148331e+03, 1.59468896679542e+03, 6.690526171875e+03, 1.25176546875e+04, 1.694915625e+04]
