last-generated=2025-06-02
statistics-simulation=
{
  "linear": "0, 0, 0, 13, 0, 0, 0, 0, 0, 0, 0, 0, 0, 0, 0, 0, 0, 0, 0, 0, 0, 0, 0, 0, 0",
  "nonlinear": "1, 1, 1, 1, 1, 1, 1, 1, 1",
  "number of continuous time states": "79",
  "numerical Jacobians": "0"
}
time=[0e+00, 7.2e+03]
calcExergyDestructionLoss_1.y=[-2.809915161132812e+01, 8.348445434570312e+02, 4.743778991699219e+02, 3.274742431640625e+02, 2.552024536132812e+02, 2.222377319335938e+02, 2.019940338134766e+02, 1.83423095703125e+02, 1.645301971435547e+02, 1.441949157714844e+02, 1.2262548828125e+02, 9.958854675292969e+01, 7.571732330322266e+01, 5.098757553100586e+01, 2.543242073059078e+01, -2.902919054031372e-01, -2.570942497253418e+01, -5.039310836791992e+01, -7.390579986572266e+01, -9.59442138671875e+01, -1.161426315307617e+02, -1.340417022705078e+02, -1.494651031494141e+02, -1.621408081054688e+02, -1.718408355712891e+02, -1.785448913574219e+02, -1.820221099853516e+02, -1.822644653320312e+02, -1.793468627929687e+02, -1.73281005859375e+02, -1.642211761474609e+02, -1.523524627685547e+02, -1.378013153076172e+02, -1.208536911010742e+02, -1.017651596069336e+02, -8.082662200927734e+01, -5.881626129150391e+01, -3.578245544433594e+01, -1.152257823944092e+01, 1.330491542816162e+01, 3.834427642822266e+01, 6.320888519287109e+01, 8.761168670654297e+01, 1.109375e+02, 1.328658294677734e+02, 1.53550537109375e+02, 1.721681976318359e+02, 1.882063903808594e+02, 2.016161956787109e+02, 2.121968688964844e+02, 2.198140106201172e+02, 2.243014221191406e+02, 2.255758209228516e+02, 2.236390075683594e+02, 2.184203491210937e+02, 2.100464630126953e+02, 1.985751800537109e+02, 1.842099151611328e+02, 1.671692810058594e+02, 1.476892852783203e+02, 1.261150131225586e+02, 1.029038543701172e+02, 7.833546447753906e+01, 5.272190856933594e+01, 2.653934860229492e+01, 2.317462861537933e-01, -2.573986434936523e+01, -5.096879196166992e+01, -7.501016235351562e+01, -9.747913360595703e+01, -1.180216903686523e+02, -1.362853240966797e+02, -1.520157470703125e+02, -1.649493865966797e+02, -1.748943634033203e+02, -1.817250823974609e+02, -1.853305816650391e+02, -1.857074279785156e+02, -1.828478546142578e+02, -1.768264770507812e+02, -1.677658843994141e+02, -1.558203887939453e+02, -1.411944122314453e+02, -1.24123161315918e+02, -1.048868789672852e+02, -8.377792358398438e+01, -6.112582015991211e+01, -3.728002548217773e+01, -1.258038902282715e+01, 1.257911014556885e+01, 3.785123825073242e+01, 6.284780883789062e+01, 8.718169403076172e+01, 1.105291137695312e+02, 1.324966583251953e+02, 1.527722778320312e+02, 1.710381622314453e+02, 1.870086212158203e+02, 2.004173126220703e+02, 2.110342254638672e+02, 2.187166137695312e+02]
calcExergyDestructionLoss_2.y=[-2.809915161132812e+01, 8.499138793945312e+02, 4.936294860839844e+02, 3.487607421875e+02, 2.826047973632812e+02, 2.535775756835938e+02, 2.358307037353516e+02, 2.204219665527344e+02, 2.043301391601562e+02, 1.863638916015625e+02, 1.665586853027344e+02, 1.446545104980469e+02, 1.212191162109375e+02, 9.623920440673828e+01, 6.971005249023433e+01, 4.234292602539062e+01, 1.466287517547607e+01, -1.280846881866455e+01, -3.954278564453125e+01, -6.512764739990234e+01, -8.907904052734375e+01, -1.108097610473633e+02, -1.300233459472656e+02, -1.463251190185547e+02, -1.594025268554688e+02, -1.691682586669922e+02, -1.753148345947266e+02, -1.778122100830078e+02, -1.767251281738281e+02, -1.720741577148438e+02, -1.640436096191406e+02, -1.528573150634766e+02, -1.387065734863281e+02, -1.219240875244141e+02, -1.028307495117188e+02, -8.177537536621094e+01, -5.956900787353516e+01, -3.632799911499023e+01, -1.183507633209229e+01, 1.323105621337891e+01, 3.852577209472656e+01, 6.369535446166992e+01, 8.850301361083984e+01, 1.123798522949219e+02, 1.350645599365234e+02, 1.567451019287109e+02, 1.766297149658203e+02, 1.942944183349609e+02, 2.096902313232422e+02, 2.226269226074219e+02, 2.329535064697266e+02, 2.404751892089844e+02, 2.450518951416016e+02, 2.465933074951172e+02, 2.449574279785156e+02, 2.401457061767578e+02, 2.321078338623046e+02, 2.209245452880859e+02, 2.067016448974609e+02, 1.895643768310547e+02, 1.697717895507812e+02, 1.476972808837891e+02, 1.235859985351562e+02, 9.771767425537109e+01, 7.057400512695312e+01, 4.263661956787109e+01, 1.441158676147461e+01, -1.359226512908936e+01, -4.085329437255859e+01, -6.686343383789062e+01, -9.113827514648438e+01, -1.132230453491211e+02, -1.327186737060547e+02, -1.492760467529297e+02, -1.625894927978516e+02, -1.724662933349609e+02, -1.787398681640625e+02, -1.813581695556641e+02, -1.803284759521484e+02, -1.757123718261719e+02, -1.676695556640625e+02, -1.564071197509766e+02, -1.421632537841797e+02, -1.252532196044922e+02, -1.060049438476562e+02, -8.47713623046875e+01, -6.192867279052734e+01, -3.785604095458984e+01, -1.29262638092041e+01, 1.248432445526123e+01, 3.802030563354492e+01, 6.333049392700195e+01, 8.808036804199219e+01, 1.119689712524414e+02, 1.346817016601562e+02, 1.559489898681641e+02, 1.755047760009766e+02, 1.931052856445312e+02, 2.085012664794922e+02, 2.214856567382812e+02, 2.318808441162109e+02]
