last-generated=2021-05-11
statistics-simulation=
{
  "linear": " ",
  "nonlinear": " ",
  "number of continuous time states": "2",
  "numerical Jacobians": "0"
}
time=[0e+00, 1e+01]
con.TRoo=[2.981499938964844e+02, 2.981499938964844e+02]
con.port_a.m_flow=[9.399999678134918e-02, 9.399999678134918e-02]
con.mAir_flow=[0e+00, 1.979999913200742e-03, 3.959999826401462e-03, 5.939999824911351e-03, 7.919999652803081e-03, 9.89999994635582e-03, 1.18799996498234e-02, 1.386000053346067e-02, 1.583999930560679e-02, 1.782000112056663e-02, 1.979999989271164e-02, 2.177999866485747e-02, 2.375999929964962e-02, 2.574000043212948e-02, 2.772000106692386e-02, 2.969999983906746e-02, 3.167999861121328e-02, 3.365999738336474e-02, 3.5640002241126e-02, 3.762000101327746e-02, 3.959999978542328e-02, 4.158000091792327e-02, 4.355999732971493e-02, 4.554000218748746e-02, 4.751999859927911e-02, 4.94999997317791e-02, 5.148000086427909e-02, 5.345999727607075e-02, 5.544000213384328e-02, 5.741999854563493e-02, 5.939999967813492e-02, 6.138000081063491e-02, 6.335999722242656e-02, 6.533999835492656e-02, 6.731999476671822e-02, 6.930000334978104e-02, 7.128000448226325e-02, 7.326000089407268e-02, 7.524000202655491e-02, 7.721999843836434e-02, 7.919999957084656e-02, 7.919999957084656e-02, 7.919999957084656e-02, 7.919999957084656e-02, 7.919999957084656e-02, 7.919999957084656e-02, 7.919999957084656e-02, 7.919999957084656e-02, 7.919999957084656e-02, 7.919999957084656e-02, 7.919999957084656e-02, 7.919999957084656e-02, 7.919999957084656e-02, 7.919999957084656e-02, 7.919999957084656e-02, 7.919999957084656e-02, 7.919999957084656e-02, 7.919999957084656e-02, 7.919999957084656e-02, 7.919999957084656e-02, 7.919999957084656e-02, 7.919999957084656e-02, 7.919999957084656e-02, 7.919999957084656e-02, 7.919999957084656e-02, 7.919999957084656e-02, 7.919999957084656e-02, 7.919999957084656e-02, 7.919999957084656e-02, 7.919999957084656e-02, 7.919999957084656e-02, 7.919999957084656e-02, 7.919999957084656e-02, 7.919999957084656e-02, 7.919999957084656e-02, 7.919999957084656e-02, 7.919999957084656e-02, 7.919999957084656e-02, 7.919999957084656e-02, 7.919999957084656e-02, 7.919999957084656e-02, 7.919999957084656e-02, 7.919999957084656e-02, 7.919999957084656e-02, 7.919999957084656e-02, 7.919999957084656e-02, 7.919999957084656e-02, 7.919999957084656e-02, 7.919999957084656e-02, 7.919999957084656e-02, 7.919999957084656e-02, 7.919999957084656e-02, 7.919999957084656e-02, 7.919999957084656e-02, 7.919999957084656e-02, 7.919999957084656e-02, 7.919999957084656e-02, 7.919999957084656e-02, 7.919999957084656e-02, 7.919999957084656e-02, 7.919999957084656e-02]
con.Q_flow=[-0e+00, -7.104931531797611e+01, -1.460976539828748e+02, -2.227455963239767e+02, -2.985937455324917e+02, -3.7124267578125e+02, -4.382929534352317e+02, -4.973452211853891e+02, -5.459999947643407e+02, -5.87081674391705e+02, -6.25114013671875e+02, -6.602471232391758e+02, -6.926308444405897e+02, -7.224152966931194e+02, -7.497502503231576e+02, -7.747858276367188e+02, -7.976718697399142e+02, -8.185584620843482e+02, -8.375954675641412e+02, -8.549329262693828e+02, -8.70720703125e+02, -8.851088997022722e+02, -8.982473084094179e+02, -9.102860772346082e+02, -9.213749897528226e+02, -9.316641845703125e+02, -9.413034756808278e+02, -9.504429278490384e+02, -9.592324259975616e+02, -9.678220133344216e+02, -9.76361572265625e+02, -9.850011680271789e+02, -9.93890620696267e+02, -1.00318005828621e+03, -1.013019277481819e+03, -1.023558410644531e+03, -1.034947277035459e+03, -1.047335931384697e+03, -1.060874274394248e+03, -1.075712265592869e+03, -1.092e+03, -1.092e+03, -1.092e+03, -1.092e+03, -1.092e+03, -1.092e+03, -1.092e+03, -1.092e+03, -1.092e+03, -1.092e+03, -1.092e+03, -1.092e+03, -1.092e+03, -1.092e+03, -1.092e+03, -1.092e+03, -1.092e+03, -1.092e+03, -1.092e+03, -1.092e+03, -1.092e+03, -1.092e+03, -1.092e+03, -1.092e+03, -1.092e+03, -1.092e+03, -1.092e+03, -1.092e+03, -1.092e+03, -1.092e+03, -1.092e+03, -1.092e+03, -1.092e+03, -1.092e+03, -1.092e+03, -1.092e+03, -1.092e+03, -1.092e+03, -1.092e+03, -1.092e+03, -1.092e+03, -1.092e+03, -1.092e+03, -1.092e+03, -1.092e+03, -1.092e+03, -1.092e+03, -1.092e+03, -1.092e+03, -1.092e+03, -1.092e+03, -1.092e+03, -1.092e+03, -1.092e+03, -1.092e+03, -1.092e+03, -1.092e+03, -1.092e+03, -1.092e+03, -1.092e+03, -1.092e+03]
