last-generated=2021-06-08
statistics-simulation=
{
  "linear": "0",
  "nonlinear": " ",
  "number of continuous time states": "3",
  "numerical Jacobians": "0"
}
time=[0e+00, 3e+02]
TSet.y=[0e+00, 0e+00, 0e+00, 0e+00, 9.999999776482582e-03, 2.500000037252903e-02, 3.999999910593033e-02, 5.49999997019768e-02, 7.000000029802322e-02, 8.500000089406967e-02, 1.000000014901161e-01, 1.150000020861626e-01, 1.299999952316284e-01, 1.449999958276749e-01, 1.599999964237213e-01, 1.749999970197678e-01, 1.899999976158142e-01, 2.049999982118607e-01, 2.199999988079071e-01, 2.349999994039536e-01, 2.5e-01, 2.649999856948853e-01, 2.800000011920929e-01, 2.949999868869781e-01, 3.100000023841858e-01, 3.24999988079071e-01, 3.400000035762787e-01, 3.549999892711639e-01, 3.700000047683716e-01, 3.849999904632568e-01, 4.000000059604645e-01, 4.149999916553497e-01, 4.300000071525574e-01, 4.449999928474426e-01, 4.600000083446503e-01, 4.749999940395355e-01, 4.900000095367432e-01, 5.049999952316284e-01, 5.199999809265137e-01, 5.350000262260437e-01, 5.50000011920929e-01, 5.649999976158141e-01, 5.799999833106995e-01, 5.950000286102295e-01, 6.100000143051147e-01, 6.25e-01, 6.399999856948853e-01, 6.549999713897705e-01, 6.700000166893005e-01, 6.850000023841858e-01, 6.99999988079071e-01, 7.149999737739563e-01, 7.300000190734863e-01, 7.450000047683716e-01, 7.599999904632568e-01, 7.749999761581421e-01, 7.900000214576722e-01, 8.050000071525573e-01, 8.199999928474426e-01, 8.349999785423279e-01, 8.500000238418579e-01, 8.650000095367432e-01, 8.799999952316284e-01, 8.949999809265137e-01, 9.100000262260437e-01, 9.25000011920929e-01, 9.399999976158142e-01, 9.549999833106995e-01, 9.700000286102296e-01, 9.850000143051146e-01, 1e+00, 1e+00, 1e+00, 1e+00, 1e+00, 1e+00, 1e+00, 1e+00, 1e+00, 1e+00, 1e+00, 1e+00, 1e+00, 1e+00, 1e+00, 1e+00, 1e+00, 1e+00, 1e+00, 1e+00, 1e+00, 1e+00, 1e+00, 1e+00, 1e+00, 1e+00, 1e+00, 1e+00, 1e+00, 1e+00, 1e+00]
combinedHeatPower.electricalPower=[0e+00, 0e+00, 0e+00, 0e+00, 5e+02, 1.25e+03, 2e+03, 2.750000000000001e+03, 3.5e+03, 4.25e+03, 5e+03, 5.75e+03, 6.5e+03, 7.25e+03, 8.000000000000002e+03, 8.75e+03, 9.5e+03, 1.025e+04, 1.1e+04, 1.175e+04, 1.25e+04, 1.325e+04, 1.4e+04, 1.475e+04, 1.55e+04, 1.625e+04, 1.7e+04, 1.775e+04, 1.85e+04, 1.925e+04, 2e+04, 2.075e+04, 2.15e+04, 2.225e+04, 2.3e+04, 2.375e+04, 2.45e+04, 2.526e+04, 2.604e+04, 2.682e+04, 2.76e+04, 2.838e+04, 2.916e+04, 2.994e+04, 3.072e+04, 3.15e+04, 3.228e+04, 3.306e+04, 3.384e+04, 3.462e+04, 3.54e+04, 3.618e+04, 3.696e+04, 3.774e+04, 3.848e+04, 3.92e+04, 3.992000000000001e+04, 4.063999999999999e+04, 4.136e+04, 4.208e+04, 4.28e+04, 4.352e+04, 4.424e+04, 4.496e+04, 4.568e+04, 4.64e+04, 4.712e+04, 4.784e+04, 4.856000000000001e+04, 4.927999999999999e+04, 5e+04, 5e+04, 5e+04, 5e+04, 5e+04, 5e+04, 5e+04, 5e+04, 5e+04, 5e+04, 5e+04, 5e+04, 5e+04, 5e+04, 5e+04, 5e+04, 5e+04, 5e+04, 5e+04, 5e+04, 5e+04, 5e+04, 5e+04, 5e+04, 5e+04, 5e+04, 5e+04, 5e+04, 5e+04, 5e+04, 5e+04]
combinedHeatPower.thermalPower=[0e+00, 0e+00, 0e+00, 0e+00, 1.04e+03, 2.6e+03, 4.16e+03, 5.720000000000002e+03, 7.28e+03, 8.84e+03, 1.04e+04, 1.196e+04, 1.352e+04, 1.508e+04, 1.664e+04, 1.82e+04, 1.976e+04, 2.132e+04, 2.288e+04, 2.444e+04, 2.6e+04, 2.756e+04, 2.912e+04, 3.068e+04, 3.224e+04, 3.38e+04, 3.536e+04, 3.692e+04, 3.848000000000001e+04, 4.004e+04, 4.16e+04, 4.316e+04, 4.472e+04, 4.628e+04, 4.784000000000001e+04, 4.94e+04, 5.096e+04, 5.246e+04, 5.384e+04, 5.522e+04, 5.66e+04, 5.797999999999999e+04, 5.936e+04, 6.074e+04, 6.212e+04, 6.35e+04, 6.488e+04, 6.626e+04, 6.764e+04, 6.902e+04, 7.04e+04, 7.178e+04, 7.316e+04, 7.454e+04, 7.528e+04, 7.57e+04, 7.612e+04, 7.654e+04, 7.696e+04, 7.738e+04, 7.78e+04, 7.822e+04, 7.864e+04, 7.906e+04, 7.948e+04, 7.99e+04, 8.032e+04, 8.074e+04, 8.116e+04, 8.158e+04, 8.2e+04, 8.2e+04, 8.2e+04, 8.2e+04, 8.2e+04, 8.2e+04, 8.2e+04, 8.2e+04, 8.2e+04, 8.2e+04, 8.2e+04, 8.2e+04, 8.2e+04, 8.2e+04, 8.2e+04, 8.2e+04, 8.2e+04, 8.2e+04, 8.2e+04, 8.2e+04, 8.2e+04, 8.2e+04, 8.2e+04, 8.2e+04, 8.2e+04, 8.2e+04, 8.2e+04, 8.2e+04, 8.2e+04, 8.2e+04, 8.2e+04]
combinedHeatPower.fuelInput=[0e+00, 0e+00, 0e+00, 0e+00, 1.76e+03, 4.4e+03, 7.04e+03, 9.680000000000004e+03, 1.232e+04, 1.496e+04, 1.76e+04, 2.024e+04, 2.288e+04, 2.552e+04, 2.816000000000001e+04, 3.08e+04, 3.344e+04, 3.608000000000001e+04, 3.872e+04, 4.136e+04, 4.4e+04, 4.664e+04, 4.928e+04, 5.192e+04, 5.456e+04, 5.72e+04, 5.984e+04, 6.248e+04, 6.512000000000001e+04, 6.776e+04, 7.04e+04, 7.304e+04, 7.568e+04, 7.832e+04, 8.096000000000001e+04, 8.36e+04, 8.624e+04, 8.88e+04, 9.12e+04, 9.36e+04, 9.6e+04, 9.839999999999999e+04, 1.008e+05, 1.032e+05, 1.056e+05, 1.08e+05, 1.104e+05, 1.128e+05, 1.152e+05, 1.176e+05, 1.2e+05, 1.224e+05, 1.248e+05, 1.272e+05, 1.2888e+05, 1.302e+05, 1.3152e+05, 1.3284e+05, 1.3416e+05, 1.3548e+05, 1.368e+05, 1.3812e+05, 1.3944e+05, 1.4076e+05, 1.4208e+05, 1.434e+05, 1.4472e+05, 1.4604e+05, 1.4736e+05, 1.4868e+05, 1.5e+05, 1.5e+05, 1.5e+05, 1.5e+05, 1.5e+05, 1.5e+05, 1.5e+05, 1.5e+05, 1.5e+05, 1.5e+05, 1.5e+05, 1.5e+05, 1.5e+05, 1.5e+05, 1.5e+05, 1.5e+05, 1.5e+05, 1.5e+05, 1.5e+05, 1.5e+05, 1.5e+05, 1.5e+05, 1.5e+05, 1.5e+05, 1.5e+05, 1.5e+05, 1.5e+05, 1.5e+05, 1.5e+05, 1.5e+05, 1.5e+05]
