last-generated=2022-10-31
statistics-initialization=
{
  "linear": "5"
}
statistics-simulation=
{
  "linear": "0, 4, 0",
  "nonlinear": "0, 1, 0, 1, 0, 1",
  "number of continuous time states": "6",
  "numerical Jacobians": "0"
}
time=[0e+00, 3.1536e+07]
thermalZone.TAir=[2.931499938964844e+02, 2.909423377348578e+02, 2.874291466312736e+02, 2.881314549939386e+02, 2.890376311592434e+02, 2.881273193359375e+02, 2.880351867675781e+02, 2.879227403913225e+02, 2.872653181596236e+02, 2.884884044300426e+02, 2.892973937988281e+02, 2.881771138509114e+02, 2.894522474756781e+02, 2.905162508982532e+02, 2.898505389873798e+02, 2.899525451660156e+02, 2.905311489067001e+02, 2.903150419347426e+02, 2.930054541015625e+02, 2.900771586100261e+02, 2.910807800292969e+02, 2.915237607749762e+02, 2.903836629701581e+02, 2.895719299316406e+02, 2.924119756171044e+02, 2.910134582519531e+02, 2.913344023331352e+02, 2.915750732421875e+02, 2.912807791573661e+02, 2.911024253151634e+02, 2.92750732421875e+02, 2.905223353186319e+02, 2.914016503622366e+02, 2.952303628360524e+02, 2.914774257114955e+02, 2.918862915039062e+02, 2.930183663717131e+02, 2.924365783691406e+02, 2.928117712445478e+02, 2.91975018068297e+02, 2.9164990234375e+02, 2.932315272281044e+02, 2.926043857990484e+02, 2.929268549138849e+02, 2.932634244351773e+02, 2.917640991210938e+02, 2.909187622070312e+02, 2.919146074567522e+02, 2.909152331542969e+02, 2.921885842715993e+02, 2.937825012207031e+02, 2.922055523212139e+02, 2.929112919198732e+02, 2.949273715549045e+02, 2.926464351530998e+02, 2.932321166992188e+02, 2.937204905542834e+02, 2.924445983886719e+02, 2.939109194459033e+02, 2.940216678846751e+02, 2.931974792480469e+02, 2.955085530885509e+02, 2.928492296006945e+02, 2.931852531433105e+02, 2.95229985163762e+02, 2.921478576660156e+02, 2.92417724609375e+02, 2.937931262207031e+02, 2.92518620954241e+02, 2.933981323242188e+02, 2.944243469238281e+02, 2.929242908374683e+02, 2.936746548739347e+02, 2.956451849686472e+02, 2.933078259919819e+02, 2.927943725585938e+02, 2.946575974684495e+02, 2.924880579898232e+02, 2.938246429443359e+02, 2.92887468291492e+02, 2.926712951660156e+02, 2.936224583217076e+02, 2.915134068857325e+02, 2.910652934229651e+02, 2.916649831026213e+02, 2.899720764160156e+02, 2.899101867675781e+02, 2.91142822265625e+02, 2.897048278808594e+02, 2.910319359820822e+02, 2.907003784179688e+02, 2.898417020757147e+02, 2.895992126464844e+02, 2.904246753510974e+02, 2.884416304607781e+02, 2.8913818359375e+02, 2.894153650179967e+02, 2.885533422851562e+02, 2.894319169592257e+02, 2.885743462057675e+02, 2.884740905761719e+02]
