last-generated=2024-07-30
statistics-initialization=
{
  "nonlinear": "1",
  "numerical Jacobians": "0"
}
statistics-simulation=
{
  "linear": "0",
  "nonlinear": "1",
  "number of continuous time states": "13",
  "numerical Jacobians": "0"
}
time=[0e+00, 2e+04]
boilerControlBus.TSupMea=[3.031499938964844e+02, 3.243521423339844e+02, 3.295454711914062e+02, 3.307250671386719e+02, 3.309674682617188e+02, 3.3101416015625e+02, 3.309600524902344e+02, 3.309732360839844e+02, 3.309073791503906e+02, 3.308970336914062e+02, 3.308553466796875e+02, 3.30856201171875e+02, 3.307367858886719e+02, 3.308269348144531e+02, 3.307749633789062e+02, 3.307943725585938e+02, 3.307554016113281e+02, 3.308038635253906e+02, 3.308717041015625e+02, 3.308862915039062e+02, 3.309142150878906e+02, 3.30927490234375e+02, 3.309579162597656e+02, 3.310072937011719e+02, 3.310086364746094e+02, 3.31028564453125e+02, 3.310501403808594e+02, 3.310724182128906e+02, 3.311134643554688e+02, 3.310933532714844e+02, 3.311185913085938e+02, 3.3110498046875e+02, 3.311293640136719e+02, 3.311162414550781e+02, 3.311504516601562e+02, 3.311173095703125e+02, 3.311546325683594e+02, 3.311153564453125e+02, 3.311367492675781e+02, 3.311139831542969e+02, 3.311172180175781e+02, 3.310973815917969e+02, 3.311107788085938e+02, 3.311091003417969e+02, 3.311106872558594e+02, 3.311216735839844e+02, 3.311137390136719e+02, 3.311219482421875e+02, 3.311161499023438e+02, 3.311137390136719e+02, 3.311094970703125e+02, 3.311210021972656e+02, 3.310588684082031e+02, 3.3104443359375e+02, 3.310006713867188e+02, 3.309390869140625e+02, 3.308625488281249e+02, 3.308793029785156e+02, 3.292660217285156e+02, 3.307759094238281e+02, 3.328614196777344e+02, 3.329591674804688e+02, 3.330138549804688e+02, 3.330134887695312e+02, 3.330097045898438e+02, 3.330084533691406e+02, 3.330080261230469e+02, 3.330076293945312e+02, 3.330072631835938e+02, 3.330068359375e+02, 3.330064086914062e+02, 3.330059509277344e+02, 3.330054931640625e+02, 3.330049743652344e+02, 3.330044555664062e+02, 3.330039367675781e+02, 3.330033874511719e+02, 3.330028381347656e+02, 3.330022583007812e+02, 3.330016784667969e+02, 3.330010986328125e+02, 3.330005187988281e+02, 3.329999389648438e+02, 3.329993591308594e+02, 3.32998779296875e+02, 3.329981994628906e+02, 3.329976196289062e+02, 3.329970397949219e+02, 3.329964904785156e+02, 3.329959411621094e+02, 3.329954223632812e+02, 3.329949035644531e+02, 3.329944152832031e+02, 3.329939575195312e+02, 3.329934997558594e+02, 3.329930725097656e+02, 3.3299267578125e+02, 3.329922790527344e+02, 3.32991943359375e+02, 3.329916076660156e+02, 3.329913330078125e+02]
boilerControlBus.TRetMea=[3.031499938964844e+02, 3.09021484375e+02, 3.069670715332031e+02, 3.070979309082031e+02, 3.072422790527344e+02, 3.096971130371094e+02, 3.089606628417969e+02, 3.094290161132812e+02, 3.096189575195312e+02, 3.0847509765625e+02, 3.097735595703125e+02, 3.089187927246094e+02, 3.081620788574219e+02, 3.085496215820312e+02, 3.093085327148435e+02, 3.079438781738281e+02, 3.07949951171875e+02, 3.077226257324217e+02, 3.0954296875e+02, 3.083373413085938e+02, 3.097508850097656e+02, 3.076312561035156e+02, 3.076054077148438e+02, 3.09681640625e+02, 3.0724658203125e+02, 3.073237915039062e+02, 3.071082458496094e+02, 3.073284912109375e+02, 3.094883422851557e+02, 3.074553527832031e+02, 3.082691345214844e+02, 3.077027587890625e+02, 3.082984619140625e+02, 3.072024230957031e+02, 3.085998229980478e+02, 3.067930908203125e+02, 3.087232055664062e+02, 3.067458801269531e+02, 3.084638977050781e+02, 3.071467590332031e+02, 3.078161926269531e+02, 3.079772033691406e+02, 3.070914306640625e+02, 3.089467468261719e+02, 3.067102355957031e+02, 3.093450622558594e+02, 3.067002258300781e+02, 3.09296142578125e+02, 3.069514465332031e+02, 3.091246337890625e+02, 3.070348510742188e+02, 3.0964599609375e+02, 3.08541748046875e+02, 3.091719665527344e+02, 3.073543395996094e+02, 3.097086181640625e+02, 3.092996215820309e+02, 3.082025756835938e+02, 3.101889953613281e+02, 3.129077758789062e+02, 3.152057189941406e+02, 3.168507080078125e+02, 3.173738098144531e+02, 3.17634765625e+02, 3.178282165527344e+02, 3.179996948242188e+02, 3.181605224609375e+02, 3.183133850097656e+02, 3.1845849609375e+02, 3.185956420898438e+02, 3.18724365234375e+02, 3.1884423828125e+02, 3.189548645019531e+02, 3.190558776855469e+02, 3.191469116210938e+02, 3.192277221679688e+02, 3.192979736328125e+02, 3.193574523925781e+02, 3.194059448242188e+02, 3.194432983398438e+02, 3.194693908691406e+02, 3.194841003417969e+02, 3.194874267578125e+02, 3.194793395996094e+02, 3.194598693847656e+02, 3.194290466308594e+02, 3.193870239257812e+02, 3.193339233398438e+02, 3.192699279785156e+02, 3.191952514648438e+02, 3.191101379394531e+02, 3.19014892578125e+02, 3.189098510742188e+02, 3.187953186035156e+02, 3.186717224121094e+02, 3.185394592285156e+02, 3.183990173339844e+02, 3.182508239746094e+02, 3.180953979492188e+02, 3.179332580566406e+02, 3.177649841308594e+02]
boilerControlBus.Efficiency=[9.749991893768311e-01, 9.528200030326843e-01, 9.526181817054749e-01, 9.514777064323425e-01, 9.510230422019958e-01, 9.46536123752594e-01, 9.479014277458191e-01, 9.470461606979371e-01, 9.467575550079346e-01, 9.488375186920166e-01, 9.465236067771912e-01, 9.480556845664978e-01, 9.495288133621216e-01, 9.487521648406982e-01, 9.47413563728333e-01, 9.498739242553711e-01, 9.498940110206604e-01, 9.502669572830202e-01, 9.469203948974609e-01, 9.490962028503418e-01, 9.465180635452271e-01, 9.503364562988281e-01, 9.503600001335144e-01, 9.465689063072205e-01, 9.509833455085754e-01, 9.508244395256042e-01, 9.512097835540771e-01, 9.507818222045898e-01, 9.468322992324838e-01, 9.50530469417572e-01, 9.49029803276062e-01, 9.500661492347717e-01, 9.489686489105225e-01, 9.50982928276062e-01, 9.484158754348737e-01, 9.517531991004944e-01, 9.481896758079529e-01, 9.518443942070007e-01, 9.486678838729858e-01, 9.510887861251831e-01, 9.498491883277893e-01, 9.495723843574524e-01, 9.511950016021729e-01, 9.478146433830261e-01, 9.519157409667969e-01, 9.470834136009216e-01, 9.519324898719788e-01, 9.471713304519653e-01, 9.514543414115906e-01, 9.474877715110779e-01, 9.513022303581238e-01, 9.465445876121521e-01, 9.485935568809509e-01, 9.47454571723938e-01, 9.507893919944763e-01, 9.46573793888092e-01, 9.473628401756294e-01, 9.493418931961061e-01, 9.470451474189758e-01, 9.413290023803711e-01, 9.335970282554626e-01, 9.29347038269043e-01, 9.280142188072205e-01, 9.27386462688446e-01, 9.269285798072815e-01, 9.26522970199585e-01, 9.261439442634583e-01, 9.257857203483582e-01, 9.254473447799683e-01, 9.251292943954468e-01, 9.248322248458862e-01, 9.245567917823792e-01, 9.243037700653076e-01, 9.240736365318298e-01, 9.238670468330383e-01, 9.236843585968018e-01, 9.235260486602783e-01, 9.233924150466919e-01, 9.232838749885559e-01, 9.232004880905151e-01, 9.231425523757935e-01, 9.231101870536804e-01, 9.23103392124176e-01, 9.23122227191925e-01, 9.231666326522827e-01, 9.232365489006042e-01, 9.233317375183105e-01, 9.234520792961121e-01, 9.235972762107849e-01, 9.237670302391052e-01, 9.239608645439148e-01, 9.241784811019897e-01, 9.244192838668823e-01, 9.246826767921448e-01, 9.249681234359741e-01, 9.252749085426331e-01, 9.256021976470947e-01, 9.259491562843323e-01, 9.263150095939636e-01, 9.266986846923828e-01, 9.270991086959839e-01]
boilerControlBus.ThermalPower=[5.291568359375e+04, 5.171196484375e+04, 5.170101171875e+04, 5.163911328125e+04, 5.161444140625e+04, 5.137092578125e+04, 5.14450234375e+04, 5.139860156250001e+04, 5.138294140625e+04, 5.149582421875e+04, 5.13702421875e+04, 5.1453390625e+04, 5.153334375e+04, 5.149119140625e+04, 5.141854296875003e+04, 5.155207421875e+04, 5.15531640625e+04, 5.157340234375001e+04, 5.139177734375e+04, 5.150986328125e+04, 5.136994140625e+04, 5.157717578125e+04, 5.1578453125e+04, 5.1372703125e+04, 5.161228515625e+04, 5.160366015625e+04, 5.162457421875e+04, 5.160134765625e+04, 5.138699609375005e+04, 5.158770703125e+04, 5.150626171875e+04, 5.156250390625e+04, 5.15029453125e+04, 5.161226171875e+04, 5.147294140624991e+04, 5.165406640625e+04, 5.14606640625e+04, 5.1659015625e+04, 5.14866171875e+04, 5.16180078125e+04, 5.155073046875e+04, 5.15357109375e+04, 5.162376953125e+04, 5.14403125e+04, 5.166288671875e+04, 5.1400625e+04, 5.1663796875e+04, 5.14053984375e+04, 5.163784765625e+04, 5.14225703125e+04, 5.162958984375e+04, 5.13713828125e+04, 5.148258203125e+04, 5.142076953125e+04, 5.16017578125e+04, 5.137296875e+04, 5.141578906250004e+04, 5.152319921875001e+04, 5.1398546875e+04, 5.10883203125e+04, 5.066868359375e+04, 4.321662890625e+04, 4.182808203125e+04, 4.12437578125e+04, 4.074542578125e+04, 4.028644921875e+04, 3.9856109375e+04, 3.944775e+04, 3.90599453125e+04, 3.86934765625e+04, 3.834931640625e+04, 3.80286953125e+04, 3.773259375e+04, 3.746210546875e+04, 3.7218125e+04, 3.700144140625e+04, 3.681282421875e+04, 3.66528984375e+04, 3.652219140625e+04, 3.642115234375e+04, 3.6350140625e+04, 3.630937890625e+04, 3.629901171875e+04, 3.631907421875e+04, 3.63694921875e+04, 3.645009765625e+04, 3.6560625e+04, 3.67006953125e+04, 3.686983984375e+04, 3.70674765625e+04, 3.729294140625e+04, 3.754548046875e+04, 3.78242109375e+04, 3.812821875e+04, 3.845646484375e+04, 3.8807828125e+04, 3.918114453125e+04, 3.957512109375e+04, 3.998845703125e+04, 4.041972265625e+04, 4.086745703125e+04]
boilerControlBus.fuelPower=[5.427254296875e+04, 5.427254296875e+04, 5.427254296875e+04, 5.427254296875e+04, 5.427254296875e+04, 5.427254296875e+04, 5.427254296875e+04, 5.427254296875e+04, 5.427254296875e+04, 5.427254296875e+04, 5.427254296875e+04, 5.427254296875e+04, 5.427254296875e+04, 5.427254296875e+04, 5.427254296875e+04, 5.427254296875e+04, 5.427254296875e+04, 5.427254296875e+04, 5.427254296875e+04, 5.427254296875e+04, 5.427254296875e+04, 5.427254296875e+04, 5.427254296875e+04, 5.427254296875e+04, 5.427254296875e+04, 5.427254296875e+04, 5.427254296875e+04, 5.427254296875e+04, 5.427254296875e+04, 5.427254296875e+04, 5.427254296875e+04, 5.427254296875e+04, 5.427254296875e+04, 5.427254296875e+04, 5.427254296875e+04, 5.427254296875e+04, 5.427254296875e+04, 5.427254296875e+04, 5.427254296875e+04, 5.427254296875e+04, 5.427254296875e+04, 5.427254296875e+04, 5.427254296875e+04, 5.427254296875e+04, 5.427254296875e+04, 5.427254296875e+04, 5.427254296875e+04, 5.427254296875e+04, 5.427254296875e+04, 5.427254296875e+04, 5.427254296875e+04, 5.427254296875e+04, 5.427254296875e+04, 5.427254296875e+04, 5.427254296875e+04, 5.427254296875e+04, 5.427254296875e+04, 5.427254296875e+04, 5.427254296875e+04, 5.427254296875e+04, 5.427254296875e+04, 4.6502140625e+04, 4.507267578125e+04, 4.447310546875e+04, 4.39574609375e+04, 4.3481328125e+04, 4.303446484375e+04, 4.26100234375e+04, 4.22065546875e+04, 4.182494140625e+04, 4.14662421875e+04, 4.113180859375e+04, 4.082272265625e+04, 4.054017578125e+04, 4.028515234375e+04, 4.005853515625e+04, 3.98611640625e+04, 3.969373828125e+04, 3.955683984375e+04, 3.945096875e+04, 3.9376515625e+04, 3.933374609375e+04, 3.93228046875e+04, 3.934373046875e+04, 3.9396453125e+04, 3.948078125e+04, 3.959641015625e+04, 3.974293359375e+04, 3.991982421875e+04, 4.01264375e+04, 4.036203515625e+04, 4.06257890625e+04, 4.091673046875e+04, 4.123384375e+04, 4.157598828125e+04, 4.19419453125e+04, 4.23304375e+04, 4.274005859375e+04, 4.3169390625e+04, 4.36168984375e+04, 4.4081e+04]
