last-generated=2021-05-09
statistics-initialization=
{
  "nonlinear": "0, 2, 2, 2, 2, 2, 2",
  "numerical Jacobians": "0"
}
statistics-simulation=
{
  "linear": "0, 0, 0",
  "nonlinear": "0, 2, 2, 2, 2, 2, 2, 0, 0, 1, 1, 1, 1, 1, 1",
  "number of continuous time states": "30",
  "numerical Jacobians": "0"
}
time=[0e+00, 1.2e+03]
tanSte.vol[1].T=[2.931499938964844e+02, 2.931499938964844e+02, 2.931499938964844e+02, 2.931499938964844e+02, 2.931499938964844e+02, 2.931499938964844e+02, 2.931499938964844e+02, 2.931499938964844e+02, 2.931499938964844e+02, 2.931499938964844e+02, 2.931499938964844e+02, 2.931499938964844e+02, 2.931499938964844e+02, 2.931499938964844e+02, 2.931499938964844e+02, 2.931499938964844e+02, 2.931499938964844e+02, 2.931499938964844e+02, 2.931499938964844e+02, 2.931499938964844e+02, 2.931499938964844e+02, 2.931499938964844e+02, 2.931499938964844e+02, 2.931499938964844e+02, 2.931499938964844e+02, 2.931499938964844e+02, 2.937013549804688e+02, 2.944251098632812e+02, 2.951524658203125e+02, 2.958721618652344e+02, 2.965837097167969e+02, 2.972872009277344e+02, 2.979826965332031e+02, 2.986702270507812e+02, 2.993497924804688e+02, 3.000215148925781e+02, 3.006853942871094e+02, 3.013415222167969e+02, 3.019898986816406e+02, 3.026306457519531e+02, 3.032637634277344e+02, 3.038893432617188e+02, 3.045074157714844e+02, 3.051180725097656e+02, 3.057213439941406e+02, 3.063173217773438e+02, 3.069060668945312e+02, 3.074876403808594e+02, 3.080620727539062e+02, 3.086294860839844e+02, 3.091898803710938e+02, 3.09743408203125e+02, 3.102900695800781e+02, 3.108299255371094e+02, 3.113630981445312e+02, 3.118895874023438e+02, 3.124095153808594e+02, 3.129229431152344e+02, 3.134299011230469e+02, 3.139305114746094e+02, 3.144247741699219e+02, 3.149128112792969e+02, 3.153946838378906e+02, 3.158704528808594e+02, 3.163401489257812e+02, 3.168038940429688e+02, 3.1726171875e+02, 3.177137145996094e+02, 3.18159912109375e+02, 3.186004333496094e+02, 3.190352783203125e+02, 3.194645690917969e+02, 3.198883361816406e+02, 3.20306640625e+02, 3.207195434570312e+02, 3.211271667480469e+02, 3.215294799804688e+02, 3.219266357421875e+02, 3.223186340332031e+02, 3.2270556640625e+02, 3.230874938964844e+02, 3.234644470214844e+02, 3.238365173339844e+02, 3.242037353515625e+02, 3.245661926269531e+02, 3.249239501953125e+02, 3.252770385742188e+02, 3.256255187988281e+02, 3.25969482421875e+02, 3.263089294433594e+02, 3.266439514160156e+02, 3.26974609375e+02, 3.273009643554688e+02, 3.27623046875e+02, 3.279408874511719e+02, 3.282546081542969e+02, 3.28564208984375e+02, 3.288697509765625e+02, 3.291712951660156e+02, 3.294689025878906e+02, 3.297626037597656e+02]
tanSte.vol[2].T=[2.931499938964844e+02, 2.931499938964844e+02, 2.931499938964844e+02, 2.931499938964844e+02, 2.931499938964844e+02, 2.931499938964844e+02, 2.931499938964844e+02, 2.931499938964844e+02, 2.931499938964844e+02, 2.931499938964844e+02, 2.931499938964844e+02, 2.931499938964844e+02, 2.931499938964844e+02, 2.931499938964844e+02, 2.931499938964844e+02, 2.931499938964844e+02, 2.931499938964844e+02, 2.931499938964844e+02, 2.931499938964844e+02, 2.931499938964844e+02, 2.931499938964844e+02, 2.931499938964844e+02, 2.931499938964844e+02, 2.931499938964844e+02, 2.931499938964844e+02, 2.931499938964844e+02, 2.9394287109375e+02, 2.946718139648438e+02, 2.953980712890625e+02, 2.961163635253906e+02, 2.968265380859375e+02, 2.975286560058594e+02, 2.982227478027344e+02, 2.989088745117188e+02, 2.995870971679688e+02, 3.002574157714844e+02, 3.00919921875e+02, 3.015746459960938e+02, 3.022216796875e+02, 3.028610229492188e+02, 3.034927673339844e+02, 3.041169738769531e+02, 3.047336730957031e+02, 3.053429565429688e+02, 3.059448852539062e+02, 3.065394897460938e+02, 3.071268920898438e+02, 3.077070922851562e+02, 3.082801818847656e+02, 3.088462524414062e+02, 3.094053344726562e+02, 3.099574890136719e+02, 3.105028381347656e+02, 3.110413818359375e+02, 3.115732116699219e+02, 3.120984191894531e+02, 3.126170349121094e+02, 3.131291198730469e+02, 3.136347961425781e+02, 3.141340942382812e+02, 3.146271057128906e+02, 3.151138610839844e+02, 3.155944213867188e+02, 3.160689086914062e+02, 3.165373840332031e+02, 3.169998474121094e+02, 3.174564208984375e+02, 3.179071655273438e+02, 3.183521423339844e+02, 3.187914123535156e+02, 3.192250366210938e+02, 3.19653076171875e+02, 3.200756225585938e+02, 3.204927368164062e+02, 3.209044494628906e+02, 3.213108520507812e+02, 3.217120056152344e+02, 3.221079711914062e+02, 3.22498779296875e+02, 3.228845520019531e+02, 3.232652893066406e+02, 3.2364111328125e+02, 3.240120239257812e+02, 3.243781127929688e+02, 3.247394409179688e+02, 3.250960388183594e+02, 3.25447998046875e+02, 3.257953796386719e+02, 3.261382141113281e+02, 3.264765625e+02, 3.268105163574219e+02, 3.271400756835938e+02, 3.2746533203125e+02, 3.277863159179688e+02, 3.281031188964844e+02, 3.284157409667969e+02, 3.287243041992188e+02, 3.2902880859375e+02, 3.293293151855469e+02, 3.296258544921875e+02, 3.299185485839844e+02]
tanSte.vol[3].T=[2.931499938964844e+02, 2.931499938964844e+02, 2.931499938964844e+02, 2.931499938964844e+02, 2.931499938964844e+02, 2.931499938964844e+02, 2.931499938964844e+02, 2.931499938964844e+02, 2.931499938964844e+02, 2.931499938964844e+02, 2.931499938964844e+02, 2.931499938964844e+02, 2.931499938964844e+02, 2.931499938964844e+02, 2.931499938964844e+02, 2.931499938964844e+02, 2.931499938964844e+02, 2.931499938964844e+02, 2.931499938964844e+02, 2.931499938964844e+02, 2.931499938964844e+02, 2.931499938964844e+02, 2.931499938964844e+02, 2.931499938964844e+02, 2.931499938964844e+02, 2.931499938964844e+02, 2.940361938476562e+02, 2.947880859375e+02, 2.955144958496094e+02, 2.962321472167969e+02, 2.969417419433594e+02, 2.976432800292969e+02, 2.983368225097656e+02, 2.990223693847656e+02, 2.996999816894531e+02, 3.003697204589844e+02, 3.010316467285156e+02, 3.01685791015625e+02, 3.023322143554688e+02, 3.029709777832031e+02, 3.036021423339844e+02, 3.042257385253906e+02, 3.048418579101562e+02, 3.054505615234375e+02, 3.060519104003906e+02, 3.066459350585938e+02, 3.072327270507812e+02, 3.078123779296875e+02, 3.083848876953125e+02, 3.089503784179688e+02, 3.095088806152344e+02, 3.100604553222656e+02, 3.10605224609375e+02, 3.111431884765625e+02, 3.116744689941406e+02, 3.121990966796875e+02, 3.127171325683594e+02, 3.132286987304688e+02, 3.137337951660156e+02, 3.142325439453125e+02, 3.147249755859375e+02, 3.15211181640625e+02, 3.156911926269531e+02, 3.161651306152344e+02, 3.166330261230469e+02, 3.17094970703125e+02, 3.175509948730469e+02, 3.180011901855469e+02, 3.184456481933594e+02, 3.188843688964844e+02, 3.193174743652344e+02, 3.197449951171875e+02, 3.201669921875e+02, 3.205835876464844e+02, 3.209947814941406e+02, 3.21400634765625e+02, 3.2180126953125e+02, 3.221967163085938e+02, 3.225870361328125e+02, 3.229722595214844e+02, 3.233525085449219e+02, 3.237278137207031e+02, 3.240982055664062e+02, 3.244638061523438e+02, 3.248246154785156e+02, 3.251807556152344e+02, 3.255322265625e+02, 3.258790893554688e+02, 3.26221435546875e+02, 3.265592956542969e+02, 3.268927612304688e+02, 3.272218322753906e+02, 3.27546630859375e+02, 3.278671264648438e+02, 3.281834411621094e+02, 3.284956359863281e+02, 3.288037109375e+02, 3.291077270507812e+02, 3.294077758789062e+02, 3.29703857421875e+02, 3.2999609375e+02]
tanSte.vol[4].T=[2.931499938964844e+02, 2.931499938964844e+02, 2.931499938964844e+02, 2.931499938964844e+02, 2.931499938964844e+02, 2.931499938964844e+02, 2.931499938964844e+02, 2.931499938964844e+02, 2.931499938964844e+02, 2.931499938964844e+02, 2.931499938964844e+02, 2.931499938964844e+02, 2.931499938964844e+02, 2.931499938964844e+02, 2.931499938964844e+02, 2.931499938964844e+02, 2.931499938964844e+02, 2.931499938964844e+02, 2.931499938964844e+02, 2.931499938964844e+02, 2.931499938964844e+02, 2.931499938964844e+02, 2.931499938964844e+02, 2.931499938964844e+02, 2.931499938964844e+02, 2.931499938964844e+02, 2.93805419921875e+02, 2.944557800292969e+02, 2.951007385253906e+02, 2.957402954101562e+02, 2.963744506835938e+02, 2.97003173828125e+02, 2.976264953613281e+02, 2.98244384765625e+02, 2.988568420410156e+02, 2.994639282226562e+02, 3.000655822753906e+02, 3.00661865234375e+02, 3.012527465820312e+02, 3.018382568359375e+02, 3.024183654785156e+02, 3.029931335449219e+02, 3.035625610351562e+02, 3.041266479492188e+02, 3.046854248046875e+02, 3.052388916015625e+02, 3.057870788574219e+02, 3.063299865722656e+02, 3.068676452636719e+02, 3.074000854492188e+02, 3.079273071289062e+02, 3.084493408203125e+02, 3.089662170410156e+02, 3.094779357910156e+02, 3.099845275878906e+02, 3.104860229492188e+02, 3.109824523925781e+02, 3.114738159179688e+02, 3.119601745605469e+02, 3.124415283203125e+02, 3.129179382324219e+02, 3.133893737792969e+02, 3.138559265136719e+02, 3.143175964355469e+02, 3.147744140625e+02, 3.152263793945312e+02, 3.15673583984375e+02, 3.161160278320312e+02, 3.165537109375e+02, 3.169867248535156e+02, 3.174150695800781e+02, 3.178387756347656e+02, 3.182578735351562e+02, 3.186724243164062e+02, 3.190824279785156e+02, 3.194879150390625e+02, 3.198889465332031e+02, 3.202855529785156e+02, 3.20677734375e+02, 3.210655822753906e+02, 3.214490661621094e+02, 3.218282775878906e+02, 3.222032165527344e+02, 3.225739135742188e+02, 3.229404602050781e+02, 3.233028259277344e+02, 3.236610412597656e+02, 3.240152282714844e+02, 3.243653259277344e+02, 3.2471142578125e+02, 3.250535278320312e+02, 3.253916931152344e+02, 3.257259826660156e+02, 3.260563659667969e+02, 3.263829040527344e+02, 3.267056579589844e+02, 3.27024658203125e+02, 3.273399047851562e+02, 3.276514587402344e+02, 3.279593811035156e+02, 3.282636413574219e+02]
tanDyn.vol[1].T=[2.931499938964844e+02, 2.931499938964844e+02, 2.931499938964844e+02, 2.931499938964844e+02, 2.931499938964844e+02, 2.931499938964844e+02, 2.931499938964844e+02, 2.931499938964844e+02, 2.931499938964844e+02, 2.931499938964844e+02, 2.931499938964844e+02, 2.931499938964844e+02, 2.931499938964844e+02, 2.931499938964844e+02, 2.931499938964844e+02, 2.931499938964844e+02, 2.931499938964844e+02, 2.931499938964844e+02, 2.931499938964844e+02, 2.931499938964844e+02, 2.931499938964844e+02, 2.931499938964844e+02, 2.931499938964844e+02, 2.931499938964844e+02, 2.931499938964844e+02, 2.931499938964844e+02, 2.936805419921875e+02, 2.943984680175781e+02, 2.951257629394531e+02, 2.958456420898438e+02, 2.96557373046875e+02, 2.972610473632812e+02, 2.979567260742188e+02, 2.986444091796875e+02, 2.993241882324219e+02, 2.999960632324219e+02, 3.006601257324219e+02, 3.013164367675781e+02, 3.019649963378906e+02, 3.026059265136719e+02, 3.032392272949219e+02, 3.038649597167969e+02, 3.044832458496094e+02, 3.050940551757812e+02, 3.056975402832031e+02, 3.06293701171875e+02, 3.068825988769531e+02, 3.0746435546875e+02, 3.080389709472656e+02, 3.086065673828125e+02, 3.091671752929688e+02, 3.097208557128906e+02, 3.102676696777344e+02, 3.108077392578125e+02, 3.11341064453125e+02, 3.118677673339844e+02, 3.123878479003906e+02, 3.129014587402344e+02, 3.134085998535156e+02, 3.139093627929688e+02, 3.144038391113281e+02, 3.148920288085938e+02, 3.153740844726562e+02, 3.158500061035156e+02, 3.163198852539062e+02, 3.167837829589844e+02, 3.172417907714844e+02, 3.176939392089844e+02, 3.181403503417969e+02, 3.185809936523438e+02, 3.190160217285156e+02, 3.194454650878906e+02, 3.198694152832031e+02, 3.202878723144531e+02, 3.207009582519531e+02, 3.211087341308594e+02, 3.2151123046875e+02, 3.219085388183594e+02, 3.223006896972656e+02, 3.226877746582031e+02, 3.230698547363281e+02, 3.234469909667969e+02, 3.238192138671875e+02, 3.241865844726562e+02, 3.245491943359375e+02, 3.249071044921875e+02, 3.252603454589844e+02, 3.256089782714844e+02, 3.259530944824219e+02, 3.262926940917969e+02, 3.266278686523438e+02, 3.269586791992188e+02, 3.2728515625e+02, 3.276073913574219e+02, 3.279253845214844e+02, 3.282392578125e+02, 3.285490112304688e+02, 3.288546752929688e+02, 3.291563720703125e+02, 3.294541320800781e+02, 3.297479553222656e+02]
tanDyn.vol[2].T=[2.931499938964844e+02, 2.931499938964844e+02, 2.931499938964844e+02, 2.931499938964844e+02, 2.931499938964844e+02, 2.931499938964844e+02, 2.931499938964844e+02, 2.931499938964844e+02, 2.931499938964844e+02, 2.931499938964844e+02, 2.931499938964844e+02, 2.931499938964844e+02, 2.931499938964844e+02, 2.931499938964844e+02, 2.931499938964844e+02, 2.931499938964844e+02, 2.931499938964844e+02, 2.931499938964844e+02, 2.931499938964844e+02, 2.931499938964844e+02, 2.931499938964844e+02, 2.931499938964844e+02, 2.931499938964844e+02, 2.931499938964844e+02, 2.931499938964844e+02, 2.931499938964844e+02, 2.939194641113281e+02, 2.946450805664062e+02, 2.953713989257812e+02, 2.960898742675781e+02, 2.968002319335938e+02, 2.975025024414062e+02, 2.981968078613281e+02, 2.988831176757812e+02, 2.995614929199219e+02, 3.002319946289062e+02, 3.008946838378906e+02, 3.015495910644531e+02, 3.021968078613281e+02, 3.028363342285156e+02, 3.0346826171875e+02, 3.040926513671875e+02, 3.047095336914062e+02, 3.053190002441406e+02, 3.059211120605469e+02, 3.065158996582031e+02, 3.071034545898438e+02, 3.07683837890625e+02, 3.082571411132812e+02, 3.088233642578125e+02, 3.093826293945312e+02, 3.099349670410156e+02, 3.104804992675781e+02, 3.110192260742188e+02, 3.115512390136719e+02, 3.120765991210938e+02, 3.125953979492188e+02, 3.131076965332031e+02, 3.13613525390625e+02, 3.141130065917969e+02, 3.146061706542969e+02, 3.150931091308594e+02, 3.155738525390625e+02, 3.160485229492188e+02, 3.165171508789062e+02, 3.169797973632812e+02, 3.174365234375e+02, 3.17887451171875e+02, 3.183325805664062e+02, 3.187720336914062e+02, 3.19205810546875e+02, 3.19634033203125e+02, 3.200567626953125e+02, 3.204740295410156e+02, 3.208858947753906e+02, 3.2129248046875e+02, 3.216937866210938e+02, 3.220899047851562e+02, 3.224808959960938e+02, 3.228667907714844e+02, 3.232477111816406e+02, 3.236236877441406e+02, 3.239947509765625e+02, 3.243609924316406e+02, 3.247224731445312e+02, 3.250792541503906e+02, 3.254313659667969e+02, 3.257788696289062e+02, 3.261218566894531e+02, 3.264603881835938e+02, 3.267944641113281e+02, 3.271241760253906e+02, 3.274495849609375e+02, 3.277707214355469e+02, 3.28087646484375e+02, 3.284004516601562e+02, 3.287091369628906e+02, 3.290137634277344e+02, 3.293144226074219e+02, 3.296111145019531e+02, 3.299039306640625e+02]
tanDyn.vol[3].T=[2.931499938964844e+02, 2.931499938964844e+02, 2.931499938964844e+02, 2.931499938964844e+02, 2.931499938964844e+02, 2.931499938964844e+02, 2.931499938964844e+02, 2.931499938964844e+02, 2.931499938964844e+02, 2.931499938964844e+02, 2.931499938964844e+02, 2.931499938964844e+02, 2.931499938964844e+02, 2.931499938964844e+02, 2.931499938964844e+02, 2.931499938964844e+02, 2.931499938964844e+02, 2.931499938964844e+02, 2.931499938964844e+02, 2.931499938964844e+02, 2.931499938964844e+02, 2.931499938964844e+02, 2.931499938964844e+02, 2.931499938964844e+02, 2.931499938964844e+02, 2.931499938964844e+02, 2.939992370605469e+02, 2.947608642578125e+02, 2.954878234863281e+02, 2.962056274414062e+02, 2.969154052734375e+02, 2.976171264648438e+02, 2.983108215332031e+02, 2.989965515136719e+02, 2.996743469238281e+02, 3.003442687988281e+02, 3.010063781738281e+02, 3.016607055664062e+02, 3.023073120117188e+02, 3.029462585449219e+02, 3.035776062011719e+02, 3.042013854980469e+02, 3.048176879882812e+02, 3.054265747070312e+02, 3.060281066894531e+02, 3.06622314453125e+02, 3.072092895507812e+02, 3.077890930175781e+02, 3.0836181640625e+02, 3.089274597167969e+02, 3.094861450195312e+02, 3.100379333496094e+02, 3.105828552246094e+02, 3.111210021972656e+02, 3.116524658203125e+02, 3.121772766113281e+02, 3.126954956054688e+02, 3.132072143554688e+02, 3.137124938964844e+02, 3.1421142578125e+02, 3.147040405273438e+02, 3.151903991699219e+02, 3.156705932617188e+02, 3.161447143554688e+02, 3.1661279296875e+02, 3.170748901367188e+02, 3.175310974121094e+02, 3.179814758300781e+02, 3.184260559082031e+02, 3.188649597167969e+02, 3.192982177734375e+02, 3.197259216308594e+02, 3.201481018066406e+02, 3.205648498535156e+02, 3.209761962890625e+02, 3.213822326660156e+02, 3.217830200195312e+02, 3.221786193847656e+02, 3.22569091796875e+02, 3.229544982910156e+02, 3.233348999023438e+02, 3.237103576660156e+02, 3.240809326171875e+02, 3.244466857910156e+02, 3.248076477050781e+02, 3.251639404296875e+02, 3.255155639648438e+02, 3.258625793457031e+02, 3.26205078125e+02, 3.265430908203125e+02, 3.26876708984375e+02, 3.272059326171875e+02, 3.275308532714844e+02, 3.278515319824219e+02, 3.2816796875e+02, 3.284802856445312e+02, 3.287885131835938e+02, 3.290926818847656e+02, 3.293928833007812e+02, 3.296891174316406e+02, 3.299814758300781e+02]
tanDyn.vol[4].T=[2.931499938964844e+02, 2.931499938964844e+02, 2.931499938964844e+02, 2.931499938964844e+02, 2.931499938964844e+02, 2.931499938964844e+02, 2.931499938964844e+02, 2.931499938964844e+02, 2.931499938964844e+02, 2.931499938964844e+02, 2.931499938964844e+02, 2.931499938964844e+02, 2.931499938964844e+02, 2.931499938964844e+02, 2.931499938964844e+02, 2.931499938964844e+02, 2.931499938964844e+02, 2.931499938964844e+02, 2.931499938964844e+02, 2.931499938964844e+02, 2.931499938964844e+02, 2.931499938964844e+02, 2.931499938964844e+02, 2.931499938964844e+02, 2.931499938964844e+02, 2.931499938964844e+02, 2.937511291503906e+02, 2.944018249511719e+02, 2.95047119140625e+02, 2.9568701171875e+02, 2.963214721679688e+02, 2.969505615234375e+02, 2.975741882324219e+02, 2.981924438476562e+02, 2.988052673339844e+02, 2.994126586914062e+02, 3.000146789550781e+02, 3.006112976074219e+02, 3.012025146484375e+02, 3.017883605957031e+02, 3.023688354492188e+02, 3.029439697265625e+02, 3.035137329101562e+02, 3.040781860351562e+02, 3.046372985839844e+02, 3.051911010742188e+02, 3.057396545410156e+02, 3.062828979492188e+02, 3.068209228515625e+02, 3.073536987304688e+02, 3.078812866210938e+02, 3.084036560058594e+02, 3.089208984375e+02, 3.094329528808594e+02, 3.099399108886719e+02, 3.104417419433594e+02, 3.109385375976562e+02, 3.114302673339844e+02, 3.119169616699219e+02, 3.12398681640625e+02, 3.128754272460938e+02, 3.133472290039062e+02, 3.138141174316406e+02, 3.14276123046875e+02, 3.147332763671875e+02, 3.151856079101562e+02, 3.156331481933594e+02, 3.16075927734375e+02, 3.165139770507812e+02, 3.169473266601562e+02, 3.173760070800781e+02, 3.17800048828125e+02, 3.18219482421875e+02, 3.186343688964844e+02, 3.190447082519531e+02, 3.194505310058594e+02, 3.198518981933594e+02, 3.202488098144531e+02, 3.20641357421875e+02, 3.210295104980469e+02, 3.21413330078125e+02, 3.217928466796875e+02, 3.221681213378906e+02, 3.225391540527344e+02, 3.22906005859375e+02, 3.232686767578125e+02, 3.236272583007812e+02, 3.239817199707031e+02, 3.243321533203125e+02, 3.246785583496094e+02, 3.2502099609375e+02, 3.253594665527344e+02, 3.256940307617188e+02, 3.260247192382812e+02, 3.263515930175781e+02, 3.266746520996094e+02, 3.269939270019531e+02, 3.273094787597656e+02, 3.27621337890625e+02, 3.279295349121094e+02, 3.282341003417969e+02]
tanDynSol.vol[1].T=[2.931499938964844e+02, 2.931499938964844e+02, 2.931499938964844e+02, 2.931499938964844e+02, 2.931499938964844e+02, 2.931499938964844e+02, 2.931499938964844e+02, 2.931499938964844e+02, 2.931499938964844e+02, 2.931499938964844e+02, 2.931499938964844e+02, 2.931499938964844e+02, 2.931499938964844e+02, 2.931499938964844e+02, 2.931499938964844e+02, 2.931499938964844e+02, 2.931499938964844e+02, 2.931499938964844e+02, 2.931499938964844e+02, 2.931499938964844e+02, 2.931499938964844e+02, 2.931499938964844e+02, 2.931499938964844e+02, 2.931499938964844e+02, 2.931499938964844e+02, 2.931499938964844e+02, 2.937005004882812e+02, 2.944241638183594e+02, 2.951515197753906e+02, 2.958712158203125e+02, 2.96582763671875e+02, 2.972862548828125e+02, 2.979817504882812e+02, 2.986692504882812e+02, 2.993488464355469e+02, 3.000205688476562e+02, 3.006844482421875e+02, 3.013405456542969e+02, 3.019889526367188e+02, 3.026296691894531e+02, 3.032627868652344e+02, 3.038883666992188e+02, 3.045064392089844e+02, 3.051170959472656e+02, 3.057203674316406e+02, 3.063163452148438e+02, 3.069050903320312e+02, 3.074866333007812e+02, 3.080610961914062e+02, 3.086284790039062e+02, 3.091889038085938e+02, 3.09742431640625e+02, 3.102890625e+02, 3.108289489746094e+02, 3.113621215820312e+02, 3.118886108398438e+02, 3.124085388183594e+02, 3.129219665527344e+02, 3.134289245605469e+02, 3.139295349121094e+02, 3.14423828125e+02, 3.14911865234375e+02, 3.153937072753906e+02, 3.158694763183594e+02, 3.163392028808594e+02, 3.168029479980469e+02, 3.172607727050781e+02, 3.177127685546875e+02, 3.181589660644531e+02, 3.185994873046875e+02, 3.190343322753906e+02, 3.19463623046875e+02, 3.198873901367188e+02, 3.203056945800781e+02, 3.207186279296875e+02, 3.21126220703125e+02, 3.21528564453125e+02, 3.219257202148438e+02, 3.223177185058594e+02, 3.227046508789062e+02, 3.230865783691406e+02, 3.234635314941406e+02, 3.238356018066406e+02, 3.242028503417969e+02, 3.245653076171875e+02, 3.249230651855469e+02, 3.252761535644531e+02, 3.256246337890625e+02, 3.259685974121094e+02, 3.263080444335938e+02, 3.266430969238281e+02, 3.269737548828125e+02, 3.273000793457031e+02, 3.276221618652344e+02, 3.279400329589844e+02, 3.282537536621094e+02, 3.285633544921875e+02, 3.28868896484375e+02, 3.291704711914062e+02, 3.294680786132812e+02, 3.297617797851562e+02]
tanDynSol.vol[2].T=[2.931499938964844e+02, 2.931499938964844e+02, 2.931499938964844e+02, 2.931499938964844e+02, 2.931499938964844e+02, 2.931499938964844e+02, 2.931499938964844e+02, 2.931499938964844e+02, 2.931499938964844e+02, 2.931499938964844e+02, 2.931499938964844e+02, 2.931499938964844e+02, 2.931499938964844e+02, 2.931499938964844e+02, 2.931499938964844e+02, 2.931499938964844e+02, 2.931499938964844e+02, 2.931499938964844e+02, 2.931499938964844e+02, 2.931499938964844e+02, 2.931499938964844e+02, 2.931499938964844e+02, 2.931499938964844e+02, 2.931499938964844e+02, 2.931499938964844e+02, 2.931499938964844e+02, 2.939419860839844e+02, 2.946708679199219e+02, 2.953971252441406e+02, 2.961153869628906e+02, 2.968255615234375e+02, 2.975276794433594e+02, 2.982218017578125e+02, 2.989079284667969e+02, 2.995861206054688e+02, 3.002564392089844e+02, 3.009189453125e+02, 3.015736999511719e+02, 3.02220703125e+02, 3.028600463867188e+02, 3.034917907714844e+02, 3.041159973144531e+02, 3.047326965332031e+02, 3.053419799804688e+02, 3.059439086914062e+02, 3.065385131835938e+02, 3.071259155273438e+02, 3.077061157226562e+02, 3.082792053222656e+02, 3.088452758789062e+02, 3.094043579101562e+02, 3.099565124511719e+02, 3.105018310546875e+02, 3.110404052734375e+02, 3.115722351074219e+02, 3.120974426269531e+02, 3.126160583496094e+02, 3.13128173828125e+02, 3.136338195800781e+02, 3.141331481933594e+02, 3.146261291503906e+02, 3.151128845214844e+02, 3.155934753417969e+02, 3.160679626464844e+02, 3.165364074707031e+02, 3.169989013671875e+02, 3.174554748535156e+02, 3.179062194824219e+02, 3.183511962890625e+02, 3.187904663085938e+02, 3.192240905761719e+02, 3.196521301269531e+02, 3.2007470703125e+02, 3.204917907714844e+02, 3.209035339355469e+02, 3.213099365234375e+02, 3.217110900878906e+02, 3.221070251464844e+02, 3.224978637695312e+02, 3.228836364746094e+02, 3.232643737792969e+02, 3.236401977539062e+02, 3.240111083984375e+02, 3.24377197265625e+02, 3.24738525390625e+02, 3.250951538085938e+02, 3.254471130371094e+02, 3.257944946289062e+02, 3.261373291015625e+02, 3.264757080078125e+02, 3.268096313476562e+02, 3.271391906738281e+02, 3.274644470214844e+02, 3.277854614257812e+02, 3.281022644042969e+02, 3.284149169921875e+02, 3.287234497070312e+02, 3.290279541015625e+02, 3.293284606933594e+02, 3.296250305175781e+02, 3.29917724609375e+02]
tanDynSol.vol[3].T=[2.931499938964844e+02, 2.931499938964844e+02, 2.931499938964844e+02, 2.931499938964844e+02, 2.931499938964844e+02, 2.931499938964844e+02, 2.931499938964844e+02, 2.931499938964844e+02, 2.931499938964844e+02, 2.931499938964844e+02, 2.931499938964844e+02, 2.931499938964844e+02, 2.931499938964844e+02, 2.931499938964844e+02, 2.931499938964844e+02, 2.931499938964844e+02, 2.931499938964844e+02, 2.931499938964844e+02, 2.931499938964844e+02, 2.931499938964844e+02, 2.931499938964844e+02, 2.931499938964844e+02, 2.931499938964844e+02, 2.931499938964844e+02, 2.931499938964844e+02, 2.931499938964844e+02, 2.940350952148438e+02, 2.947871398925781e+02, 2.955135498046875e+02, 2.96231201171875e+02, 2.969407958984375e+02, 2.97642333984375e+02, 2.983358459472656e+02, 2.990213928222656e+02, 2.996990051269531e+02, 3.003687438964844e+02, 3.010306701660156e+02, 3.01684814453125e+02, 3.023312377929688e+02, 3.029700012207031e+02, 3.036011352539062e+02, 3.042247619628906e+02, 3.048408813476562e+02, 3.054495849609375e+02, 3.060509338378906e+02, 3.066449584960938e+02, 3.072317504882812e+02, 3.078113708496094e+02, 3.083839111328125e+02, 3.089493713378906e+02, 3.095079040527344e+02, 3.100594787597656e+02, 3.10604248046875e+02, 3.111422119140625e+02, 3.116734924316406e+02, 3.121981201171875e+02, 3.127161560058594e+02, 3.132277221679688e+02, 3.137328186035156e+02, 3.142315673828125e+02, 3.147239990234375e+02, 3.15210205078125e+02, 3.156902465820312e+02, 3.161641845703125e+02, 3.16632080078125e+02, 3.170940246582031e+02, 3.17550048828125e+02, 3.18000244140625e+02, 3.184446716308594e+02, 3.188834228515625e+02, 3.193164978027344e+02, 3.197440490722656e+02, 3.201660461425781e+02, 3.205826416015625e+02, 3.209938354492188e+02, 3.213997192382812e+02, 3.218003540039062e+02, 3.2219580078125e+02, 3.225860900878906e+02, 3.229713439941406e+02, 3.233515930175781e+02, 3.237268981933594e+02, 3.240973205566406e+02, 3.24462890625e+02, 3.2482373046875e+02, 3.251798400878906e+02, 3.255313110351562e+02, 3.258782043457031e+02, 3.262205505371094e+02, 3.265584411621094e+02, 3.268918762207031e+02, 3.272209777832031e+02, 3.275457458496094e+02, 3.278662719726562e+02, 3.281825866699219e+02, 3.284947814941406e+02, 3.288028564453125e+02, 3.291068725585938e+02, 3.294069213867188e+02, 3.297030334472656e+02, 3.299952697753906e+02]
tanDynSol.vol[4].T=[2.931499938964844e+02, 2.931499938964844e+02, 2.931499938964844e+02, 2.931499938964844e+02, 2.931499938964844e+02, 2.931499938964844e+02, 2.931499938964844e+02, 2.931499938964844e+02, 2.931499938964844e+02, 2.931499938964844e+02, 2.931499938964844e+02, 2.931499938964844e+02, 2.931499938964844e+02, 2.931499938964844e+02, 2.931499938964844e+02, 2.931499938964844e+02, 2.931499938964844e+02, 2.931499938964844e+02, 2.931499938964844e+02, 2.931499938964844e+02, 2.931499938964844e+02, 2.931499938964844e+02, 2.931499938964844e+02, 2.931499938964844e+02, 2.931499938964844e+02, 2.931499938964844e+02, 2.9380419921875e+02, 2.944545288085938e+02, 2.950994873046875e+02, 2.957390441894531e+02, 2.963731689453125e+02, 2.970018920898438e+02, 2.976251831054688e+02, 2.982430725097656e+02, 2.988555297851562e+02, 2.994625854492188e+02, 3.000642395019531e+02, 3.006605224609375e+02, 3.012513732910156e+02, 3.018368835449219e+02, 3.024169921875e+02, 3.029917602539062e+02, 3.035611572265625e+02, 3.04125244140625e+02, 3.046840209960938e+02, 3.052374877929688e+02, 3.0578564453125e+02, 3.063285522460938e+02, 3.068662109375e+02, 3.073986511230469e+02, 3.079258728027344e+02, 3.084479064941406e+02, 3.089647521972656e+02, 3.094764709472656e+02, 3.099830627441406e+02, 3.104845581054688e+02, 3.109809875488281e+02, 3.114723510742188e+02, 3.119587097167969e+02, 3.124400634765625e+02, 3.129164733886719e+02, 3.133879089355469e+02, 3.138544616699219e+02, 3.143161315917969e+02, 3.1477294921875e+02, 3.152249145507812e+02, 3.15672119140625e+02, 3.161145629882812e+02, 3.165522766113281e+02, 3.169852905273438e+02, 3.174136047363281e+02, 3.178373107910156e+02, 3.182564392089844e+02, 3.186709594726562e+02, 3.190809631347656e+02, 3.194864807128906e+02, 3.198875122070312e+02, 3.202841186523438e+02, 3.206763000488281e+02, 3.210641479492188e+02, 3.214476318359375e+02, 3.218268432617188e+02, 3.222018127441406e+02, 3.22572509765625e+02, 3.229390563964844e+02, 3.233014221191406e+02, 3.2365966796875e+02, 3.240138244628906e+02, 3.243639526367188e+02, 3.247100524902344e+02, 3.250521545410156e+02, 3.253903503417969e+02, 3.25724609375e+02, 3.260550231933594e+02, 3.263815612792969e+02, 3.267043151855469e+02, 3.270233154296875e+02, 3.273385925292969e+02, 3.27650146484375e+02, 3.279580688476562e+02, 3.282623596191406e+02]
senTemSte.T=[2.931499938964844e+02, 2.931499938964844e+02, 2.931499938964844e+02, 2.931499938964844e+02, 2.931499938964844e+02, 2.931499938964844e+02, 2.931499938964844e+02, 2.931499938964844e+02, 2.931499938964844e+02, 2.931499938964844e+02, 2.931499938964844e+02, 2.931499938964844e+02, 2.931499938964844e+02, 2.931499938964844e+02, 2.931499938964844e+02, 2.931499938964844e+02, 2.931499938964844e+02, 2.931499938964844e+02, 2.931499938964844e+02, 2.931499938964844e+02, 2.931499938964844e+02, 2.931499938964844e+02, 2.931499938964844e+02, 2.931499938964844e+02, 2.931499938964844e+02, 2.931499938964844e+02, 3.207265930175781e+02, 3.210670776367188e+02, 3.214044799804688e+02, 3.2174072265625e+02, 3.2207568359375e+02, 3.224093017578125e+02, 3.22741455078125e+02, 3.230720520019531e+02, 3.234010009765625e+02, 3.237282104492188e+02, 3.240535888671875e+02, 3.243770751953125e+02, 3.246985778808594e+02, 3.2501806640625e+02, 3.253354797363281e+02, 3.256507263183594e+02, 3.259637756347656e+02, 3.262745971679688e+02, 3.265831298828125e+02, 3.268893432617188e+02, 3.271932067871094e+02, 3.274946594238281e+02, 3.27793701171875e+02, 3.280902709960938e+02, 3.283843994140625e+02, 3.286759948730469e+02, 3.289651184082031e+02, 3.292516784667969e+02, 3.295356750488281e+02, 3.29817138671875e+02, 3.300960083007812e+02, 3.30372314453125e+02, 3.306460266113281e+02, 3.309171447753906e+02, 3.311856689453125e+02, 3.314515991210938e+02, 3.317149047851562e+02, 3.319756164550781e+02, 3.322337341308594e+02, 3.324892272949219e+02, 3.327421569824219e+02, 3.329924621582031e+02, 3.332402038574219e+02, 3.334853820800781e+02, 3.337279663085938e+02, 3.339679870605469e+02, 3.342054748535156e+02, 3.344403991699219e+02, 3.346727905273438e+02, 3.349026489257812e+02, 3.351300048828125e+02, 3.353548889160156e+02, 3.355772705078125e+02, 3.357971801757812e+02, 3.360146179199219e+02, 3.362296447753906e+02, 3.364422302246094e+02, 3.366524047851562e+02, 3.368601684570312e+02, 3.370655822753906e+02, 3.372686157226562e+02, 3.374692993164062e+02, 3.376676635742188e+02, 3.378637084960938e+02, 3.380574645996094e+02, 3.382489318847656e+02, 3.384381713867188e+02, 3.386251525878906e+02, 3.388099060058594e+02, 3.389924621582031e+02, 3.391728210449219e+02, 3.393510437011719e+02, 3.39527099609375e+02, 3.397010498046875e+02, 3.398728637695312e+02]
senTemDyn.T=[2.931499938964844e+02, 2.931499938964844e+02, 2.931499938964844e+02, 2.931499938964844e+02, 2.931499938964844e+02, 2.931499938964844e+02, 2.931499938964844e+02, 2.931499938964844e+02, 2.931499938964844e+02, 2.931499938964844e+02, 2.931499938964844e+02, 2.931499938964844e+02, 2.931499938964844e+02, 2.931499938964844e+02, 2.931499938964844e+02, 2.931499938964844e+02, 2.931499938964844e+02, 2.931499938964844e+02, 2.931499938964844e+02, 2.931499938964844e+02, 2.931499938964844e+02, 2.931499938964844e+02, 2.931499938964844e+02, 2.931499938964844e+02, 2.931499938964844e+02, 2.931499938964844e+02, 3.206911315917969e+02, 3.210331420898438e+02, 3.213706359863281e+02, 3.217069091796875e+02, 3.220419616699219e+02, 3.223756713867188e+02, 3.227079162597656e+02, 3.230386047363281e+02, 3.2336767578125e+02, 3.236949768066406e+02, 3.240204772949219e+02, 3.243441162109375e+02, 3.24665771484375e+02, 3.249854125976562e+02, 3.25302978515625e+02, 3.256183776855469e+02, 3.259316101074219e+02, 3.262426147460938e+02, 3.265513305664062e+02, 3.268576965332031e+02, 3.271617431640625e+02, 3.274634094238281e+02, 3.277626342773438e+02, 3.280594177246094e+02, 3.283537292480469e+02, 3.286455383300781e+02, 3.289348449707031e+02, 3.292216186523438e+02, 3.29505859375e+02, 3.297875061035156e+02, 3.300666198730469e+02, 3.303431396484375e+02, 3.306170654296875e+02, 3.30888427734375e+02, 3.311571655273438e+02, 3.314232788085938e+02, 3.316868286132812e+02, 3.3194775390625e+02, 3.322061157226562e+02, 3.324618530273438e+02, 3.327149963378906e+02, 3.329655456542969e+02, 3.332135314941406e+02, 3.334589233398438e+02, 3.337017211914062e+02, 3.339419860839844e+02, 3.341796875e+02, 3.344148559570312e+02, 3.346474609375e+02, 3.348775634765625e+02, 3.351051635742188e+02, 3.353302612304688e+02, 3.355528564453125e+02, 3.357729797363281e+02, 3.359906616210938e+02, 3.362059020996094e+02, 3.364187316894531e+02, 3.366291198730469e+02, 3.368371276855469e+02, 3.37042724609375e+02, 3.372460021972656e+02, 3.374468994140625e+02, 3.376454772949219e+02, 3.378417663574219e+02, 3.380357360839844e+02, 3.382274169921875e+02, 3.384168395996094e+02, 3.386040344238281e+02, 3.387890014648438e+02, 3.389718017578125e+02, 3.391523742675781e+02, 3.39330810546875e+02, 3.39507080078125e+02, 3.396812133789062e+02, 3.398532409667969e+02]
senTemDynSol.T=[2.931499938964844e+02, 2.931499938964844e+02, 2.931499938964844e+02, 2.931499938964844e+02, 2.931499938964844e+02, 2.931499938964844e+02, 2.931499938964844e+02, 2.931499938964844e+02, 2.931499938964844e+02, 2.931499938964844e+02, 2.931499938964844e+02, 2.931499938964844e+02, 2.931499938964844e+02, 2.931499938964844e+02, 2.931499938964844e+02, 2.931499938964844e+02, 2.931499938964844e+02, 2.931499938964844e+02, 2.931499938964844e+02, 2.931499938964844e+02, 2.931499938964844e+02, 2.931499938964844e+02, 2.931499938964844e+02, 2.931499938964844e+02, 2.931499938964844e+02, 2.931499938964844e+02, 3.207256774902344e+02, 3.210661926269531e+02, 3.214035949707031e+02, 3.217398071289062e+02, 3.220747680664062e+02, 3.224083862304688e+02, 3.227405395507812e+02, 3.230711364746094e+02, 3.234000854492188e+02, 3.237272644042969e+02, 3.240526428222656e+02, 3.243761291503906e+02, 3.246976318359375e+02, 3.250171203613281e+02, 3.253345336914062e+02, 3.256497802734375e+02, 3.259628295898438e+02, 3.262736511230469e+02, 3.265821838378906e+02, 3.268883972167969e+02, 3.271922607421875e+02, 3.274937133789062e+02, 3.277927551269531e+02, 3.280893249511719e+02, 3.283834533691406e+02, 3.28675048828125e+02, 3.289641418457031e+02, 3.292507019042969e+02, 3.295347290039062e+02, 3.298161926269531e+02, 3.300950622558594e+02, 3.303713684082031e+02, 3.306450805664062e+02, 3.309161987304688e+02, 3.311847229003906e+02, 3.314506530761719e+02, 3.317139587402344e+02, 3.319746704101562e+02, 3.322327880859375e+02, 3.324883117675781e+02, 3.327412109375e+02, 3.329915466308594e+02, 3.332392883300781e+02, 3.334844665527344e+02, 3.3372705078125e+02, 3.339670715332031e+02, 3.342045593261719e+02, 3.344394836425781e+02, 3.34671875e+02, 3.349017639160156e+02, 3.351291198730469e+02, 3.3535400390625e+02, 3.355763854980469e+02, 3.357962951660156e+02, 3.360137634277344e+02, 3.36228759765625e+02, 3.364413452148438e+02, 3.366515502929688e+02, 3.368593139648438e+02, 3.370647277832031e+02, 3.372677612304688e+02, 3.374684448242188e+02, 3.376668090820312e+02, 3.378628540039062e+02, 3.38056640625e+02, 3.382481079101562e+02, 3.384373474121094e+02, 3.386243286132812e+02, 3.3880908203125e+02, 3.389916381835938e+02, 3.391720275878906e+02, 3.393502502441406e+02, 3.395263061523438e+02, 3.397002563476562e+02, 3.398721008300781e+02]
