last-generated=2026-06-02
statistics-initialization=
{
  "linear": "0, 0, 0, 0, 0",
  "nonlinear": "0, 0, 9, 1, 1",
  "numerical Jacobians": "0"
}
statistics-simulation=
{
  "linear": "0, 0, 0, 0, 0, 0, 0, 0, 0, 0, 0, 0, 0, 0, 0, 0, 0, 0, 0, 0, 0, 0, 0, 0",
  "nonlinear": "6, 1, 2, 1, 0, 1, 0, 1, 0, 1, 1, 1, 0, 1, 0, 1, 0, 1, 0, 1, 0, 1, 0, 1, 0, 1, 0,   1, 0, 1, 0, 1, 0, 1, 0, 1, 0, 1, 0, 1, 0, 1",
  "number of continuous time states": "103",
  "numerical Jacobians": "0"
}
time=[0e+00, 8.64e+05]
multizone.TAir[1]=[2.931499938964844e+02, 3.050687377929688e+02, 3.051463928222656e+02, 3.052326604509535e+02, 3.052689593025422e+02, 3.0519580078125e+02, 3.052158623038433e+02, 3.050214485572145e+02, 3.050597771509037e+02, 3.051370591188021e+02, 3.051335754394531e+02, 3.051377215992676e+02, 3.051558885262679e+02, 3.052225946290775e+02, 3.05258940704504e+02, 3.0522314453125e+02, 3.051695200334568e+02, 3.050305016550567e+02, 3.050680793602662e+02, 3.051251586914062e+02, 3.051385803222656e+02, 3.051577816034902e+02, 3.051489417945946e+02, 3.052041122469197e+02, 3.052334856416595e+02, 3.052066955566406e+02, 3.051604038096957e+02, 3.050545104980469e+02, 3.050583923339844e+02, 3.051293273925781e+02, 3.0514013671875e+02, 3.051462108730272e+02, 3.051286865234375e+02, 3.052116307228341e+02, 3.051850183126535e+02, 3.052162780761719e+02, 3.051263987030583e+02, 3.050810974121094e+02, 3.050681013535104e+02, 3.051368408203125e+02, 3.051465454101562e+02, 3.051362670898437e+02, 3.051452410402551e+02, 3.052259475599649e+02, 3.051979236035907e+02, 3.052257385253906e+02, 3.051970397390225e+02, 3.050242309570312e+02, 3.050515861334596e+02, 3.051350381129238e+02, 3.05135009765625e+02, 3.051436279296875e+02, 3.051425964355469e+02, 3.052064453999077e+02, 3.052292651087799e+02, 3.051809997558594e+02, 3.052014551306933e+02, 3.050416625976562e+02, 3.050611533003243e+02, 3.051301696777344e+02, 3.051398010253906e+02, 3.051316528320312e+02, 3.051494003312091e+02, 3.05210400390625e+02, 3.05178635797345e+02, 3.051444091796875e+02, 3.05183292577311e+02, 3.050734008789062e+02, 3.050643848071817e+02, 3.051362121582031e+02, 3.051368713378906e+02, 3.051446044921875e+02, 3.051435607910156e+02, 3.052096271685813e+02, 3.052610448953453e+02, 3.052228088378906e+02, 3.051785583496094e+02, 3.050201965332031e+02, 3.050481212731223e+02, 3.051374572753906e+02, 3.051376037597656e+02, 3.051483955466895e+02, 3.051461683970072e+02, 3.052065466945077e+02, 3.0523271484375e+02, 3.052096862792969e+02, 3.051765886737476e+02, 3.050616271972656e+02, 3.050620971679688e+02, 3.051313354492187e+02, 3.051377258300781e+02, 3.051437622070313e+02, 3.051457275390625e+02, 3.052058100161345e+02, 3.052259887695312e+02, 3.052002563476562e+02, 3.051963788200827e+02, 3.050297546386719e+02, 3.050533098923532e+02, 3.051329162597656e+02, 3.051405639648438e+02]
multizone.zone[1].X_w=[9.999999776482582e-03, 5.791804473847151e-03, 5.36300539970398e-03, 5.380818425197303e-03, 6.925809829068637e-03, 7.570731453597546e-03, 7.415892650257222e-03, 7.253856635131267e-03, 5.732667392992061e-03, 5.709287728992565e-03, 5.248196423053741e-03, 4.905930379182941e-03, 4.916751228235881e-03, 4.905262686793824e-03, 5.924949390642624e-03, 6.014018785208464e-03, 6.670483001347349e-03, 7.540525783351881e-03, 6.150350491856319e-03, 7.058055326342583e-03, 5.438584368675947e-03, 5.2170748106098e-03, 4.815170941903169e-03, 5.003920757776122e-03, 5.416291881502108e-03, 5.562835838645697e-03, 4.690121874123993e-03, 5.572807136923067e-03, 5.291447788476952e-03, 6.560038775205599e-03, 6.31714565679431e-03, 6.152583886701778e-03, 5.191006325185299e-03, 5.469921526305724e-03, 6.715129150017415e-03, 6.729866843670607e-03, 6.739890790808578e-03, 7.832990214228629e-03, 7.076425938281125e-03, 7.122755143791437e-03, 6.323923356831074e-03, 5.794493295252323e-03, 5.221124853015737e-03, 5.682987947969045e-03, 6.976698129266865e-03, 6.773892790079117e-03, 7.089519759978082e-03, 7.470151782035828e-03, 6.858864920185565e-03, 6.665251411582441e-03, 5.910485051572323e-03, 5.637492332607508e-03, 5.65050458535552e-03, 5.253630233576371e-03, 5.383491553029473e-03, 6.319259759038687e-03, 6.203474518656949e-03, 6.519510038197041e-03, 6.495459961067687e-03, 6.226601358503103e-03, 6.520751863718033e-03, 6.466817297041416e-03, 6.021566559874552e-03, 6.464527919888496e-03, 6.513289157091421e-03, 7.50082591548562e-03, 7.45086061594508e-03, 7.442987244576216e-03, 6.894373876979297e-03, 6.910737324506045e-03, 5.888603627681732e-03, 5.633017607033252e-03, 5.470914207398892e-03, 5.243152478438426e-03, 6.156930126791885e-03, 6.733853835612535e-03, 5.661944486200809e-03, 6.704712565988302e-03, 6.210572874844733e-03, 6.410274840891361e-03, 5.070469807833433e-03, 5.040115596205432e-03, 5.223207882952201e-03, 5.216255867731374e-03, 6.03779312223196e-03, 6.721287965774536e-03, 6.058745784478701e-03, 7.113949675112963e-03, 6.545122526586056e-03, 6.013707630336285e-03, 5.248282104730606e-03, 5.234392639249563e-03, 5.081838183104992e-03, 4.905657644343117e-03, 6.039366498589516e-03, 6.49360241368413e-03, 5.901658223832355e-03, 7.0194355212152e-03, 6.068128510378301e-03, 6.229807622730732e-03, 5.419615190476179e-03]
