last-generated=2025-10-04
statistics-initialization=
{
  "linear": "0, 0"
}
statistics-simulation=
{
  "linear": "0",
  "nonlinear": " ",
  "numerical Jacobians": "0"
}
time=[0e+00, 1e+01]
senAnaTAmb.gidsPhaff.V_flow=[5.000000074505806e-02, 5.086747555642124e-02, 5.172040310959193e-02, 5.255949114763168e-02, 5.338539178251277e-02, 5.419870838522911e-02, 5.499999951219176e-02, 5.578978369041119e-02, 5.656854054046958e-02, 5.733672547639033e-02, 5.809475108981133e-02, 5.884301272178211e-02, 5.958187545073523e-02, 6.031169031857464e-02, 6.103277968559534e-02, 6.174544617533684e-02, 6.244998036004274e-02, 6.314665791116848e-02, 6.383572551489211e-02, 6.451743857330798e-02, 6.519202142953873e-02, 6.585969839238776e-02, 6.652067570303159e-02, 6.717514277742283e-02, 6.782329765999803e-02, 6.846532225608826e-02, 6.910137892511217e-02, 6.973163008560562e-02, 7.035623520450712e-02, 7.097534776526915e-02, 7.158910483121872e-02, 7.219764648030547e-02, 7.280109794083217e-02, 7.33995887498014e-02, 7.399324271297249e-02, 7.458216696977615e-02, 7.516647930795325e-02, 7.574629011017438e-02, 7.632169154784689e-02, 7.689278518512259e-02, 7.74596706032753e-02, 7.802243584203181e-02, 7.858117030915381e-02, 7.91359607757684e-02, 7.968688703854587e-02, 8.023403584957123e-02, 8.077747426406985e-02, 8.131728423885459e-02, 8.185353028113188e-02, 8.238628455999925e-02, 8.291561901569366e-02, 8.344159325285992e-02, 8.396428177758822e-02, 8.448372682470892e-02, 8.500000040309588e-02, 8.55131596326828e-02, 8.602325666753387e-02, 8.653034366213955e-02, 8.703447782453885e-02, 8.753570866592167e-02, 8.803408592939377e-02, 8.852965431836766e-02, 8.902247343784341e-02, 8.951257075997179e-02, 9.000000311251806e-02, 9.048480540513992e-02, 9.096702979161736e-02, 9.144670607484116e-02, 9.192388413938293e-02, 9.239859088790649e-02, 9.287087619304657e-02, 9.334077730756406e-02, 9.380831658362705e-02, 9.427353651206866e-02, 9.47364787822481e-02, 9.51971635222435e-02, 9.565563543532531e-02, 9.611191687359057e-02, 9.656603547929013e-02, 9.701804028651149e-02, 9.746794402599335e-02, 9.791578181953392e-02, 9.836158241203398e-02, 9.880536710180877e-02, 9.924716670538619e-02, 9.968701004981995e-02, 1.001249237078054e-01, 1.005609267305468e-01, 1.009950480542348e-01, 1.014273183106603e-01, 1.018577441573143e-01, 1.022863595259569e-01, 1.027131908314046e-01, 1.031382522836183e-01, 1.03561574341731e-01, 1.039831712841988e-01, 1.04403062056215e-01, 1.048212804407558e-01, 1.052378259118893e-01, 1.056527362166187e-01, 1.060660183429718e-01]
senAnaTAmb.warrenParkins.V_flow=[0e+00, 1.172152990823914e-02, 1.657815078797837e-02, 2.030572627012133e-02, 2.344902028431686e-02, 2.621902525424957e-02, 2.872393781694547e-02, 3.102803070379182e-02, 3.317317341772762e-02, 3.518844814955935e-02, 3.709502890706062e-02, 3.89088946817107e-02, 4.064246185998421e-02, 4.230560812480707e-02, 4.390633143640912e-02, 4.545123130083084e-02, 4.694581369201745e-02, 4.839475012203145e-02, 4.980201712762584e-02, 5.117105724792234e-02, 5.250485986471176e-02, 5.380604538597683e-02, 5.507692262156226e-02, 5.631955026522618e-02, 5.75357515050914e-02, 5.872717872262001e-02, 5.989530047735875e-02, 6.104145889920025e-02, 6.2166870171748e-02, 6.327263906264491e-02, 6.435977667570114e-02, 6.542921912438357e-02, 6.648181329000333e-02, 6.751835395238762e-02, 6.85395588736801e-02, 6.954611837863922e-02, 7.053864841226787e-02, 7.151773525562488e-02, 7.248392746890218e-02, 7.343772708331556e-02, 7.437962293624878e-02, 7.531005232260071e-02, 7.622943992790275e-02, 7.71381688756318e-02, 7.803662781105022e-02, 7.892516255378723e-02, 7.980410092953119e-02, 8.067376331495302e-02, 8.153443620114774e-02, 8.238641091768248e-02, 8.322995156049728e-02, 8.40653188999841e-02, 8.489273645519506e-02, 8.57124536560222e-02, 8.652467948535393e-02, 8.732961863279343e-02, 8.812748716496487e-02, 8.891846389715256e-02, 8.970272392034531e-02, 9.048046097777543e-02, 9.125183522701263e-02, 9.201699567966884e-02, 9.277611369995041e-02, 9.352931982158887e-02, 9.427676278839875e-02, 9.501858055591583e-02, 9.575490723451983e-02, 9.648586203442397e-02, 9.72115681679529e-02, 9.793213686397596e-02, 9.864769876003265e-02, 9.935834326309009e-02, 1.000641821327099e-01, 1.007653163450776e-01, 1.014618419938538e-01, 1.021538600325584e-01, 1.028414524175779e-01, 1.035247160070285e-01, 1.04203722079576e-01, 1.048785739680204e-01, 1.055493354797363e-01, 1.062160928513561e-01, 1.068789151991889e-01, 1.075378792862412e-01, 1.081930572866552e-01, 1.088445112109184e-01, 1.094923069265401e-01, 1.101365176173207e-01, 1.107771980493619e-01, 1.114144200482215e-01, 1.120482310652733e-01, 1.126786893457828e-01, 1.133058679111241e-01, 1.139297995019307e-01, 1.145505481728747e-01, 1.151681542396545e-01, 1.157826832388163e-01, 1.163941782424747e-01, 1.170026871902773e-01, 1.176082589418611e-01, 1.182109266519547e-01]
senAnaTAmb.larsenHeiselberg.V_flow=[0e+00, 9.48683258342249e-03, 1.341640752860579e-02, 1.643167589464034e-02, 1.897366516967331e-02, 2.121320366859436e-02, 2.323790034481786e-02, 2.509980111259023e-02, 2.68328150591464e-02, 2.846049927514993e-02, 2.999999932944775e-02, 3.146426345504384e-02, 3.286335179344428e-02, 3.42052622440298e-02, 3.549647733938273e-02, 3.674234449863434e-02, 3.794733034069581e-02, 3.911521230834884e-02, 4.024922528456238e-02, 4.135214563292979e-02, 4.242640733718872e-02, 4.347413131845551e-02, 4.449719142319662e-02, 4.549725400828609e-02, 4.647580069252567e-02, 4.743416607379913e-02, 4.837354733766204e-02, 4.92950300985622e-02, 5.019960222632177e-02, 5.108815720048829e-02, 5.196152254939079e-02, 5.282045236943211e-02, 5.366563011924758e-02, 5.449770802859215e-02, 5.531726699916033e-02, 5.612486228346825e-02, 5.692099855186755e-02, 5.770615078552375e-02, 5.848076603721387e-02, 5.924525039431148e-02, 5.999999865889549e-02, 6.07453703490231e-02, 6.148170446797611e-02, 6.220932166810973e-02, 6.292852691129411e-02, 6.363961100578308e-02, 6.434283472196863e-02, 6.503845138129627e-02, 6.572670358898029e-02, 6.640782887657851e-02, 6.708204001188278e-02, 6.774953816071133e-02, 6.841052448987711e-02, 6.906518215782857e-02, 6.971369622161194e-02, 7.035623490810394e-02, 7.099295467956818e-02, 7.162401944970143e-02, 7.224956781038705e-02, 7.286974728795241e-02, 7.348468899726868e-02, 7.409453449922505e-02, 7.469939555352526e-02, 7.529940342112464e-02, 7.589466068208013e-02, 7.64852911233902e-02, 7.707139905318319e-02, 7.765307387927892e-02, 7.823042461796728e-02, 7.880355363252359e-02, 7.937254011631012e-02, 7.993747347615192e-02, 8.049845057016516e-02, 8.105553580693518e-02, 8.160882390582241e-02, 8.215838670730591e-02, 8.270429126639789e-02, 8.32466195399823e-02, 8.378543602276026e-02, 8.432081290842318e-02, 8.485281467437744e-02, 8.538149841159623e-02, 8.590692381608833e-02, 8.642916282013288e-02, 8.694826263849821e-02, 8.746428042650223e-02, 8.797726585008751e-02, 8.848729081552788e-02, 8.899438284719784e-02, 8.949860377141636e-02, 9.000000357627869e-02, 9.049861688417672e-02, 9.099450801736682e-02, 9.148770476908669e-02, 9.197826125047462e-02, 9.246621280908585e-02, 9.295160138644541e-02, 9.343446883014679e-02, 9.391485063226629e-02, 9.439280065909475e-02, 9.486833214759827e-02]
senAnaTAmb.caciolo.V_flow=[0e+00, 1.280746878574197e-02, 1.811403022444054e-02, 2.218694567906844e-02, 2.562144938259786e-02, 2.864808030426502e-02, 3.138505977295972e-02, 3.390261559676261e-02, 3.624649318747571e-02, 3.844847208462377e-02, 4.053168743848801e-02, 4.251360101927083e-02, 4.44077766022906e-02, 4.622500474615957e-02, 4.797402437673032e-02, 4.966204985976219e-02, 5.129510125879085e-02, 5.287827104353156e-02, 5.441591588333663e-02, 5.59117872057463e-02, 5.736915767192841e-02, 5.879089370072549e-02, 6.017951229244582e-02, 6.153726269199983e-02, 6.286614262681547e-02, 6.416794657707214e-02, 6.544428439183152e-02, 6.66966283359821e-02, 6.792630313287928e-02, 6.913451736080735e-02, 7.032237946987152e-02, 7.14908998329104e-02, 7.264100705761882e-02, 7.37735783449059e-02, 7.488939060354383e-02, 7.598920166492462e-02, 7.707368685132207e-02, 7.814347693283659e-02, 7.919918050681266e-02, 8.024135133149363e-02, 8.127050846815109e-02, 8.228713370313938e-02, 8.329169642554653e-02, 8.428461661286284e-02, 8.526631351542592e-02, 8.623716980218887e-02, 8.719753565043979e-02, 8.814776869003677e-02, 8.908817738567443e-02, 9.001908362943459e-02, 9.094077348709106e-02, 9.185353008070657e-02, 9.275760673172666e-02, 9.365325996038706e-02, 9.454073672643457e-02, 9.542025625705719e-02, 9.629204206945968e-02, 9.715629533081024e-02, 9.801321313887885e-02, 9.886300483075132e-02, 9.970583766698837e-02, 1.005418904613112e-01, 1.013713345781392e-01, 1.021943225714853e-01, 1.030110113011524e-01, 1.038215607404709e-01, 1.046260975492397e-01, 1.054247707399946e-01, 1.062177106563301e-01, 1.070050440694559e-01, 1.077868938446045e-01, 1.085633717404137e-01, 1.093346044175354e-01, 1.101006925439996e-01, 1.108617551838643e-01, 1.116178780794144e-01, 1.12369180439584e-01, 1.131157367711028e-01, 1.138576553061948e-01, 1.145950250766148e-01, 1.153279319405556e-01, 1.160564543902817e-01, 1.167806922256856e-01, 1.17500698686942e-01, 1.182165769142162e-01, 1.189283803105354e-01, 1.196361976749406e-01, 1.203400953087885e-01, 1.210401268396331e-01, 1.217363875762165e-01, 1.224289163947105e-01, 1.23117787004563e-01, 1.238030655303518e-01, 1.244847985050241e-01, 1.251630510858468e-01, 1.258378922939301e-01, 1.265093509628644e-01, 1.271774930550855e-01, 1.278423803309755e-01, 1.285040552751859e-01, 1.291625499725342e-01]
senAnaTAmb.tang.V_flow=[0e+00, 9.018261801161112e-02, 6.531315341379183e-02, 5.536586130368278e-02, 5.031516425378955e-02, 4.758697003126144e-02, 4.616012448243247e-02, 4.553223770162692e-02, 4.542280732755798e-02, 4.566206792247972e-02, 4.614151641726494e-02, 4.67890611093596e-02, 4.75553791837587e-02, 4.840594944919059e-02, 4.931616060393317e-02, 5.026820674538612e-02, 5.124903074125853e-02, 5.224897291955298e-02, 5.326082605895312e-02, 5.427916372305065e-02, 5.529990047216415e-02, 5.631993808143769e-02, 5.733692597624394e-02, 5.834909576604776e-02, 5.935510152299536e-02, 6.035394594073296e-02, 6.134488527668314e-02, 6.232738448209885e-02, 6.330106453596374e-02, 6.426566747621988e-02, 6.522104889154434e-02, 6.616711706250641e-02, 6.710384741663192e-02, 6.803127422207964e-02, 6.894946011158171e-02, 6.985849887132645e-02, 7.075849260817871e-02, 7.164958077090193e-02, 7.253190171839248e-02, 7.34056002546729e-02, 7.427084445953369e-02, 7.512778125045387e-02, 7.597658944245334e-02, 7.681742150826057e-02, 7.76504493788689e-02, 7.847582548856735e-02, 7.929372120035438e-02, 8.01043004280689e-02, 8.090770091963091e-02, 8.170409424942049e-02, 8.24936181306839e-02, 8.327642902532947e-02, 8.405266849552541e-02, 8.482247444735487e-02, 8.558598833257021e-02, 8.634333312511444e-02, 8.709465038587683e-02, 8.784005932514162e-02, 8.857968309007823e-02, 8.931364049293397e-02, 9.004204720258713e-02, 9.076501497746241e-02, 9.148266302770203e-02, 9.219507737617763e-02, 9.290238402601976e-02, 9.36046689748764e-02, 9.430202908008217e-02, 9.499456865054698e-02, 9.568236637466195e-02, 9.63655256689868e-02, 9.704412519931793e-02, 9.771824692175766e-02, 9.83879876944222e-02, 9.90534039598293e-02, 9.971459147044488e-02, 1.003716215491295e-01, 1.010245687014759e-01, 1.016734999832069e-01, 1.023184793840525e-01, 1.02959595010859e-01, 1.035968884825706e-01, 1.042304387426595e-01, 1.048603144342347e-01, 1.054865556962158e-01, 1.061092340784766e-01, 1.067284047603607e-01, 1.073441332990196e-01, 1.079564627728207e-01, 1.085654485559341e-01, 1.091711469680986e-01, 1.097736060619354e-01, 1.103728688800014e-01, 1.109690006985058e-01, 1.115620348493823e-01, 1.1215202734798e-01, 1.127390116453171e-01, 1.133230380837571e-01, 1.139041568962429e-01, 1.144823942506118e-01, 1.150578058797077e-01, 1.156304255127907e-01]
senAnaTAmb.vdi2078.V_flow=[0e+00, 1.109508509642763e-02, 1.569348003040939e-02, 1.922376787849556e-02, 2.220145968815935e-02, 2.482619881629944e-02, 2.720035371940638e-02, 2.938472877103117e-02, 3.141893422899389e-02, 3.33304744904619e-02, 3.513937443494797e-02, 3.686075244890536e-02, 3.850634691630288e-02, 4.008549898059924e-02, 4.160576721796472e-02, 4.30733934044838e-02, 4.449358549114425e-02, 4.587075049452177e-02, 4.720865997915229e-02, 4.851055548386925e-02, 4.97792661190033e-02, 5.10172743828019e-02, 5.222675519717458e-02, 5.340965520451544e-02, 5.456769729512596e-02, 5.570243671536446e-02, 5.681527138473641e-02, 5.790746160352662e-02, 5.898015624278989e-02, 6.003440071705673e-02, 6.107115373015404e-02, 6.209129191526678e-02, 6.309562128902212e-02, 6.408488052188988e-02, 6.505976524958525e-02, 6.60209059715271e-02, 6.696890384293482e-02, 6.790430054430588e-02, 6.882762207593671e-02, 6.973933342059897e-02, 7.063989341259003e-02, 7.152973199755254e-02, 7.240922915732022e-02, 7.327876820060421e-02, 7.41386926954464e-02, 7.498934119939804e-02, 7.583102663691527e-02, 7.666403958241766e-02, 7.748865924666179e-02, 7.830516171415879e-02, 7.911378890275955e-02, 7.991477923097215e-02, 8.07083711187257e-02, 8.149476945030765e-02, 8.227419034115531e-02, 8.304682374000549e-02, 8.381286336181161e-02, 8.457248802164481e-02, 8.532586550592648e-02, 8.607316691198923e-02, 8.681454509496689e-02, 8.755014906640035e-02, 8.828012783896734e-02, 8.900461953240633e-02, 8.972375771588903e-02, 9.043766558170319e-02, 9.114647724008643e-02, 9.185030445067137e-02, 9.254925565145045e-02, 9.324344926636829e-02, 9.393299371004105e-02, 9.461798583987432e-02, 9.529852251412643e-02, 9.597469737684707e-02, 9.66466137337538e-02, 9.731435030698776e-02, 9.797799650330295e-02, 9.863764173016393e-02, 9.929334992600061e-02, 9.994520930039184e-02, 1.005932986736298e-01, 1.012376820364118e-01, 1.018784356380427e-01, 1.025156292117224e-01, 1.031493270656386e-01, 1.037795916199684e-01, 1.044064810857299e-01, 1.05030075901483e-01, 1.056504088757876e-01, 1.062675663459944e-01, 1.068815737962723e-01, 1.074925041786478e-01, 1.081004079818532e-01, 1.087053257635923e-01, 1.093073286666071e-01, 1.09906442463398e-01, 1.10502725059741e-01, 1.110962268079473e-01, 1.116869810899716e-01, 1.122750438773948e-01, 1.128604486584663e-01]
senAnaTAmb.din16798.V_flow=[0e+00, 9.419590162772093e-03, 1.331679792352042e-02, 1.630414989770012e-02, 1.882002488606666e-02, 2.103428915143013e-02, 2.303408971850425e-02, 2.487121357163311e-02, 2.657941522807387e-02, 2.818215116601134e-02, 2.969649992883205e-02, 3.113536316861211e-02, 3.250876749927595e-02, 3.382468657465112e-02, 3.508958995079887e-02, 3.630881384015083e-02, 3.74868099604659e-02, 3.862735575453462e-02, 3.973367862158077e-02, 4.080855499114502e-02, 4.185441881418228e-02, 4.28733872519951e-02, 4.386733425465605e-02, 4.483792976538269e-02, 4.578665554352227e-02, 4.671484604477882e-02, 4.762370597591652e-02, 4.851431730022031e-02, 4.93876677402167e-02, 5.024466210018297e-02, 5.108612030744553e-02, 5.191280025849995e-02, 5.272540039112491e-02, 5.352455787873148e-02, 5.431086495573752e-02, 5.508488044142723e-02, 5.584710908502257e-02, 5.659802967502935e-02, 5.733809282623203e-02, 5.80677010655244e-02, 5.878725647926331e-02, 5.949711866823176e-02, 6.019763408636242e-02, 6.088911983373339e-02, 6.157188797815455e-02, 6.224622204899788e-02, 6.29123902672004e-02, 6.357065712975882e-02, 6.422126169735504e-02, 6.48644411421626e-02, 6.55004009604454e-02, 6.612936466947929e-02, 6.67515259856387e-02, 6.736706825466687e-02, 6.797617616058363e-02, 6.857901811599731e-02, 6.917576548433273e-02, 6.976657472856394e-02, 7.035158463483226e-02, 7.09309497934482e-02, 7.150480151176453e-02, 7.207328135067045e-02, 7.263650852030819e-02, 7.319459958162194e-02, 7.374768651639622e-02, 7.429586350917816e-02, 7.483925721955373e-02, 7.53779570553427e-02, 7.591206478923077e-02, 7.644168982254215e-02, 7.696691155433655e-02, 7.748782684187749e-02, 7.80045176422621e-02, 7.851706347818163e-02, 7.902556609468232e-02, 7.953008264303207e-02, 8.003069507926219e-02, 8.052747790996023e-02, 8.10204958484563e-02, 8.150982810243206e-02, 8.199553936719894e-02, 8.247768695620938e-02, 8.295633734798763e-02, 8.343154846678338e-02, 8.390338898171183e-02, 8.43718945980072e-02, 8.483714433417119e-02, 8.529917983586566e-02, 8.575805189379658e-02, 8.621382141486165e-02, 8.66665318608284e-02, 8.711622484353761e-02, 8.756295676486492e-02, 8.800677125681999e-02, 8.844770658722183e-02, 8.888581395149231e-02, 8.932112736821789e-02, 8.975369565440411e-02, 9.018354781175215e-02, 9.061073674236844e-02, 9.103529155254364e-02]
senAnaTAmb.din4108.V_flow=[0e+00, 1.172252362940461e-02, 1.658096151944584e-02, 2.031089138481373e-02, 2.345697564157159e-02, 2.623014524579048e-02, 2.873856144314612e-02, 3.104646530330893e-02, 3.319570397295089e-02, 3.521534474658893e-02, 3.712654113769531e-02, 3.894526468971331e-02, 4.068392061324666e-02, 4.235237542177191e-02, 4.39586158870803e-02, 4.550923779606819e-02, 4.70097433973905e-02, 4.846478930196631e-02, 4.98783557794595e-02, 5.125387417811952e-02, 5.259433388710022e-02, 5.390235159738072e-02, 5.518022864345382e-02, 5.64300237524732e-02, 5.765355262787498e-02, 5.885246396064758e-02, 6.002823001843289e-02, 6.118218546176683e-02, 6.231554278610625e-02, 6.342940672123985e-02, 6.452479213476181e-02, 6.560261649464491e-02, 6.666374156289787e-02, 6.77089472587942e-02, 6.873895875366905e-02, 6.975445151329041e-02, 7.075606381340639e-02, 7.174435956120062e-02, 7.271988736091872e-02, 7.368316410024446e-02, 7.463465631008148e-02, 7.557480871349136e-02, 7.650404599586358e-02, 7.742275123292768e-02, 7.833131316508554e-02, 7.923006266355515e-02, 8.011934990562455e-02, 8.099946546592648e-02, 8.187071813621094e-02, 8.273339189635918e-02, 8.358775079250336e-02, 8.443404069366106e-02, 8.527250747055515e-02, 8.610337814804642e-02, 8.692687671640811e-02, 8.774320781230927e-02, 8.855256515084538e-02, 8.935514989882939e-02, 9.015112964039583e-02, 9.094069078045959e-02, 9.172399342060089e-02, 9.250119402308329e-02, 9.327245650160365e-02, 9.403791878142931e-02, 9.479772227310211e-02, 9.555200487375259e-02, 9.63009006938315e-02, 9.704452894348101e-02, 9.778300532355305e-02, 9.85164635360167e-02, 9.924499690532684e-02, 9.996872464048881e-02, 1.006877510503415e-01, 1.014021621468855e-01, 1.021120765014997e-01, 1.028175726532936e-01, 1.035187549102535e-01, 1.042156977788958e-01, 1.049084873729686e-01, 1.055972122556189e-01, 1.062819436192513e-01, 1.069627676333223e-01, 1.076397610663083e-01, 1.083129855103389e-01, 1.089825208618421e-01, 1.096484288573265e-01, 1.103107755011487e-01, 1.109696266665023e-01, 1.116250442908325e-01, 1.122771004803554e-01, 1.129258349537849e-01, 1.135713060965025e-01, 1.142135945258365e-01, 1.148527177926434e-01, 1.154887625930897e-01, 1.161217615008354e-01, 1.167517652967811e-01, 1.173788246521223e-01, 1.180029872100749e-01, 1.186243095792775e-01, 1.192428171634674e-01]
senAnaTAmb.ashrae.V_flow=[0e+00, 2.308273297742166e-02, 3.268059690861005e-02, 4.007032060276025e-02, 4.632110113632609e-02, 5.184656754136086e-02, 5.685860548707609e-02, 6.148294039907538e-02, 6.580139646548264e-02, 6.987073366623758e-02, 7.373224943876266e-02, 7.741705987152077e-02, 8.094933463603679e-02, 8.43482703956739e-02, 8.76293935111548e-02, 9.080549329519272e-02, 9.38872687716483e-02, 9.688372768862628e-02, 9.980258482877377e-02, 1.026504717019036e-01, 1.054331660270691e-01, 1.081557150518673e-01, 1.108225645933404e-01, 1.134376687231236e-01, 1.16004539088164e-01, 1.185263395309448e-01, 1.210058876464637e-01, 1.234457481275999e-01, 1.258482497371897e-01, 1.282155044299579e-01, 1.305494606494904e-01, 1.328518710476792e-01, 1.351243693783449e-01, 1.373684565920438e-01, 1.39585507793212e-01, 1.417768150568008e-01, 1.439435651577147e-01, 1.4608687060685e-01, 1.482077549023453e-01, 1.503071765040981e-01, 1.523860543966293e-01, 1.544452180133483e-01, 1.564854422189479e-01, 1.585074922771552e-01, 1.605120729237949e-01, 1.624998301267624e-01, 1.644713897351122e-01, 1.664273477984184e-01, 1.683682315411082e-01, 1.702945959140571e-01, 1.722069382667542e-01, 1.741057354367839e-01, 1.759914195605209e-01, 1.778644138720116e-01, 1.797251534649838e-01, 1.815740019083023e-01, 1.834113615331772e-01, 1.852375452664093e-01, 1.870529021063811e-01, 1.888577920910672e-01, 1.906524747610092e-01, 1.924372630400237e-01, 1.9421245495304e-01, 1.959782954230805e-01, 1.977350695108085e-01, 1.994830220937729e-01, 2.012223766895337e-01, 2.029533717185174e-01, 2.046762374033802e-01, 2.063911838900002e-01, 2.080984115600586e-01, 2.097981290298122e-01, 2.11490515114332e-01, 2.131757406101139e-01, 2.148540302035339e-01, 2.165255099534988e-01, 2.181903586733746e-01, 2.198487551779481e-01, 2.215008108153863e-01, 2.231467201537693e-01, 2.247866094112396e-01, 2.264206049200372e-01, 2.280488641263646e-01, 2.29671504983585e-01, 2.312886627500757e-01, 2.329004555940628e-01, 2.345069883662327e-01, 2.361084104272079e-01, 2.377048104396081e-01, 2.392962933592775e-01, 2.408829778432846e-01, 2.424649535950281e-01, 2.440423399445871e-01, 2.45615211113557e-01, 2.471837014090621e-01, 2.487478405237198e-01, 2.503077626398859e-01, 2.518635421820822e-01, 2.534152537823042e-01, 2.549630164452097e-01, 2.565068304538727e-01]
senAnaWinSpe.gidsPhaff.V_flow=[1.060660183429718e-01, 1.06077805161142e-01, 1.061131507144579e-01, 1.061720326459987e-01, 1.062544137184034e-01, 1.063602343201637e-01, 1.064894348049885e-01, 1.06641925891072e-01, 1.068176030890804e-01, 1.070163548496656e-01, 1.072380542755127e-01, 1.074825599182282e-01, 1.077497078646131e-01, 1.080393420109617e-01, 1.083512828526737e-01, 1.086853221058846e-01, 1.090412735067011e-01, 1.094189209879131e-01, 1.098180340699317e-01, 1.102383808331276e-01, 1.106797158718109e-01, 1.111418013319114e-01, 1.116243673006705e-01, 1.121271627611125e-01, 1.126499021943341e-01, 1.131923124194145e-01, 1.13754123995165e-01, 1.143350300362511e-01, 1.149347650933168e-01, 1.155530208334733e-01, 1.161895021796227e-01, 1.168439171091513e-01, 1.175159585213944e-01, 1.182053315991357e-01, 1.189117275820586e-01, 1.196348592638969e-01, 1.203744195088497e-01, 1.211300935683891e-01, 1.219016019249327e-01, 1.226886279760031e-01, 1.234908923506737e-01, 1.243080877187556e-01, 1.251399235054211e-01, 1.259861125180723e-01, 1.268463573537038e-01, 1.277204006910324e-01, 1.286079296062415e-01, 1.295086907776012e-01, 1.304223817932499e-01, 1.313487729482209e-01, 1.322875618934631e-01, 1.332385102105395e-01, 1.342013496764171e-01, 1.351758073957826e-01, 1.361616691437678e-01, 1.371586620807648e-01, 1.381665626896399e-01, 1.391851325498245e-01, 1.402141134099562e-01, 1.412533213674522e-01, 1.423024982213974e-01, 1.43361435355393e-01, 1.444299092507421e-01, 1.455077359305409e-01, 1.46594672354804e-01, 1.47690549492836e-01, 1.487951587289487e-01, 1.499083063463412e-01, 1.510297932621747e-01, 1.521594513576437e-01, 1.5329709649086e-01, 1.544425498481734e-01, 1.555956326145128e-01, 1.567561753249091e-01, 1.579240251340337e-01, 1.590990275144577e-01, 1.602810036523888e-01, 1.614698194358132e-01, 1.626653052359143e-01, 1.638673234415046e-01, 1.650757342576981e-01, 1.662903977684135e-01, 1.675111972791717e-01, 1.68737960496966e-01, 1.699705916098595e-01, 1.712089329957962e-01, 1.724528920785766e-01, 1.737023317859915e-01, 1.749571388822895e-01, 1.762172031892567e-01, 1.77482396364212e-01, 1.787526111941107e-01, 1.800277853541285e-01, 1.813077455147427e-01, 1.825924415818476e-01, 1.838817596435547e-01, 1.851755927241351e-01, 1.864738638172981e-01, 1.8777645875565e-01, 1.890833129756396e-01, 1.90394327044487e-01]
senAnaWinSpe.warrenParkins.V_flow=[1.182109266519547e-01, 1.182109266519547e-01, 1.182109266519547e-01, 1.182109266519547e-01, 1.182109266519547e-01, 1.182109266519547e-01, 1.182109266519547e-01, 1.182109266519547e-01, 1.182109266519547e-01, 1.182109266519547e-01, 1.182109266519547e-01, 1.182109266519547e-01, 1.182109266519547e-01, 1.182109266519547e-01, 1.182109266519547e-01, 1.182109266519547e-01, 1.182109266519547e-01, 1.182109266519547e-01, 1.182109266519547e-01, 1.182109266519547e-01, 1.182109266519547e-01, 1.182109266519547e-01, 1.182109266519547e-01, 1.182109266519547e-01, 1.182109266519547e-01, 1.182109266519547e-01, 1.182109266519547e-01, 1.182109266519547e-01, 1.182109266519547e-01, 1.182109266519547e-01, 1.182109266519547e-01, 1.182109266519547e-01, 1.182109266519547e-01, 1.182109266519547e-01, 1.182109266519547e-01, 1.182109266519547e-01, 1.182109266519547e-01, 1.182109266519547e-01, 1.182109266519547e-01, 1.182109266519547e-01, 1.182109266519547e-01, 1.182109266519547e-01, 1.182109266519547e-01, 1.182109266519547e-01, 1.182109266519547e-01, 1.182109266519547e-01, 1.182109266519547e-01, 1.182109266519547e-01, 1.199999925495899e-01, 1.225000000000142e-01, 1.25e-01, 1.274999999999147e-01, 1.300000000001137e-01, 1.324999880792416e-01, 1.350000029801754e-01, 1.375000029802322e-01, 1.40000002980147e-01, 1.425000029800617e-01, 1.449999910594738e-01, 1.474999910593885e-01, 1.500000059604645e-01, 1.525000059603792e-01, 1.55000005960294e-01, 1.57499994039706e-01, 1.599999940396208e-01, 1.624999940395355e-01, 1.650000089406115e-01, 1.675000089405262e-01, 1.699999970199383e-01, 1.72499997019853e-01, 1.749999970197678e-01, 1.774999970198246e-01, 1.800000119207584e-01, 1.824999999998863e-01, 1.850000000000853e-01, 1.875e-01, 1.899999999999147e-01, 1.925000000001137e-01, 1.949999880792416e-01, 1.975000029803314e-01, 2.000000029802322e-01, 2.024999910596444e-01, 2.050000029800617e-01, 2.074999910594738e-01, 2.100000029804596e-01, 2.125000059604645e-01, 2.149999940398766e-01, 2.175000059602939e-01, 2.199999940397061e-01, 2.225000059601234e-01, 2.249999940395355e-01, 2.274999970195404e-01, 2.300000089405262e-01, 2.324999970199383e-01, 2.350000089403556e-01, 2.374999970197678e-01, 2.399999850991799e-01, 2.425000119207584e-01, 2.449999999998863e-01, 2.475000119205879e-01, 2.5e-01]
senAnaWinSpe.larsenHeiselberg.V_flow=[9.486833214759827e-02, 9.487149119368143e-02, 9.488097578250487e-02, 5.222663875749232e-02, 7.401587739419631e-02, 8.218880742788315e-02, 8.632586821207176e-02, 8.87487383917238e-02, 9.030829354536414e-02, 9.138418755366721e-02, 9.216832369565964e-02, 9.27666871464544e-02, 9.324183294432922e-02, 9.363269077782393e-02, 9.396453954135005e-02, 9.425438195466995e-02, 9.451400482687328e-02, 9.475177515513866e-02, 9.49737728668084e-02, 9.518450503490787e-02, 9.538736939430237e-02, 9.558494407701819e-02, 9.577924748980129e-02, 9.597184518201382e-02, 9.616397302892192e-02, 9.635663032531738e-02, 9.655060637710751e-02, 9.674655636692356e-02, 9.694500277041139e-02, 9.71463767740202e-02, 9.735102206468582e-02, 9.7559251091724e-02, 9.777128686245352e-02, 9.798733155411564e-02, 9.820755549945639e-02, 9.843209385871887e-02, 9.866105787173772e-02, 9.889453638290735e-02, 9.913259756119441e-02, 9.937531477706307e-02, 9.962272644042969e-02, 9.987486923191978e-02, 1.001317655029255e-01, 1.003934437963609e-01, 1.006599066079504e-01, 1.009311601519585e-01, 1.012072044288825e-01, 1.014880468886635e-01, 1.017736563558868e-01, 1.020640355539292e-01, 1.023591682314873e-01, 1.02659039487755e-01, 1.029636120693319e-01, 1.03272869589133e-01, 1.035867926445275e-01, 1.039053499698639e-01, 1.042285192138266e-01, 1.045562556723636e-01, 1.048885353983881e-01, 1.052253243076609e-01, 1.055665910243988e-01, 1.059123057466346e-01, 1.06262416319949e-01, 1.06616906141896e-01, 1.069757264392387e-01, 1.073388457298279e-01, 1.077062193104642e-01, 1.080778173782569e-01, 1.084535859773888e-01, 1.08833506339303e-01, 1.09217531979084e-01, 1.096056181934614e-01, 1.099977351794733e-01, 1.103938288848841e-01, 1.107938732845301e-01, 1.111978217959404e-01, 1.116056371664253e-01, 1.120172821425844e-01, 1.124327025803109e-01, 1.128518800893851e-01, 1.132747605443001e-01, 1.137013121006963e-01, 1.14131488730332e-01, 1.145652598778687e-01, 1.150025816624705e-01, 1.154434084892273e-01, 1.158877072612475e-01, 1.163354450098185e-01, 1.167865759440672e-01, 1.172410639647011e-01, 1.176988705992699e-01, 1.181599629162924e-01, 1.186243006536439e-01, 1.190918451542791e-01, 1.195625606319637e-01, 1.200364083051682e-01, 1.205133553974482e-01, 1.209933692463284e-01, 1.214764034450509e-01, 1.219624374036954e-01, 1.224514171481133e-01]
senAnaWinSpe.caciolo.V_flow=[1.291625499725342e-01, 1.273130625761998e-01, 1.254632175520056e-01, 1.236129777849224e-01, 1.217623428613421e-01, 1.19911290705204e-01, 1.180597995166024e-01, 1.162078527388315e-01, 1.14355422777255e-01, 1.125024925224367e-01, 1.106490343809128e-01, 1.087950099955326e-01, 1.069404119156951e-01, 1.050851857754856e-01, 1.0322932109684e-01, 1.013727635145187e-01, 9.951548322621703e-02, 9.765744297904973e-02, 9.82283357215795e-02, 9.894311445100018e-02, 9.965697675943375e-02, 1.003698787926204e-01, 1.010817509477701e-01, 1.017925295639589e-01, 1.025021441969181e-01, 1.032105088233948e-01, 1.039175472438962e-01, 1.046231609201908e-01, 1.053272489086087e-01, 1.060296886428625e-01, 1.067303642630577e-01, 1.074291325308543e-01, 1.081258427759476e-01, 1.088203195062295e-01, 1.095123656955786e-01, 1.1020178347826e-01, 1.108883178804951e-01, 1.115717139568556e-01, 1.122516471399922e-01, 1.12927778912279e-01, 1.135997176170349e-01, 1.142669996995946e-01, 1.149291036181236e-01, 1.155854153089991e-01, 1.162352332265896e-01, 1.168777123093605e-01, 1.175118765274168e-01, 1.181365263345825e-01, 1.18750258119915e-01, 1.193513343026483e-01, 1.199376210570335e-01, 1.205064510660512e-01, 1.210544566582478e-01, 1.215772693562878e-01, 1.220691348543814e-01, 1.225222796201706e-01, 1.229258332211804e-01, 1.232639854790576e-01, 1.235125210072938e-01, 1.236315220175906e-01, 1.235477328300476e-01, 1.231002204173449e-01, 1.2176729262148e-01, 1.182816352019516e-01, 1.208561187272885e-01, 1.23430609703064e-01, 1.260051006788394e-01, 1.285795916546148e-01, 1.311540703543402e-01, 1.337285464292386e-01, 1.36303037405014e-01, 1.388775283807895e-01, 1.414520193565649e-01, 1.440264980565744e-01, 1.466009890323499e-01, 1.491754651069641e-01, 1.517499560827395e-01, 1.54324447058515e-01, 1.568989257585245e-01, 1.616525383914553e-01, 1.700237095355988e-01, 1.759902172891917e-01, 1.813951979466415e-01, 1.865256183495986e-01, 1.914918460589931e-01, 1.963488459587097e-01, 2.011283156840191e-01, 2.058502078212651e-01, 2.105277538816824e-01, 2.151703712976823e-01, 2.19784751534462e-01, 2.243760053367531e-01, 2.289480803015349e-01, 2.33503914143142e-01, 2.380459928663773e-01, 2.425761818885803e-01, 2.470961189869135e-01, 2.516071286327439e-01, 2.561102721695906e-01, 2.606064848606082e-01, 2.650964558124542e-01]
senAnaWinSpe.tang.V_flow=[1.156304255127907e-01, 1.156304255127907e-01]
senAnaWinSpe.vdi2078.V_flow=[1.128604486584663e-01, 1.128604486584663e-01]
senAnaWinSpe.din16798.V_flow=[9.103529155254364e-02, 9.103529155254364e-02, 9.103529155254364e-02, 9.103529155254364e-02, 9.103529155254364e-02, 9.103529155254364e-02, 9.103529155254364e-02, 9.103529155254364e-02, 9.103529155254364e-02, 9.103529155254364e-02, 9.103529155254364e-02, 9.103529155254364e-02, 9.103529155254364e-02, 9.103529155254364e-02, 9.103529155254364e-02, 9.103529155254364e-02, 9.103529155254364e-02, 9.103529155254364e-02, 9.103529155254364e-02, 9.103529155254364e-02, 9.103529155254364e-02, 9.103529155254364e-02, 9.103529155254364e-02, 9.103529155254364e-02, 9.103529155254364e-02, 9.103529155254364e-02, 9.103529155254364e-02, 9.103529155254364e-02, 9.103529155254364e-02, 9.103529155254364e-02, 9.103529155254364e-02, 9.103529155254364e-02, 9.103529155254364e-02, 9.103529155254364e-02, 9.103529155254364e-02, 9.103529155254364e-02, 9.103529155254364e-02, 9.103529155254364e-02, 9.103529155254364e-02, 9.103529155254364e-02, 9.103529155254364e-02, 9.103529155254364e-02, 9.103529155254364e-02, 9.103529155254364e-02, 9.103529155254364e-02, 9.103529155254364e-02, 9.103529155254364e-02, 9.103529155254364e-02, 9.103529155254364e-02, 9.103529155254364e-02, 9.103529155254364e-02, 9.103529155254364e-02, 9.103529155254364e-02, 9.103529155254364e-02, 9.103529155254364e-02, 9.103529155254364e-02, 9.103529155254364e-02, 9.103529155254364e-02, 9.103529155254364e-02, 9.103529155254364e-02, 9.232663363218307e-02, 9.386541096096772e-02, 9.540419574019088e-02, 9.694296573165284e-02, 9.848174306036646e-02, 1.0002052038908e-01, 1.015592977178647e-01, 1.030980824970879e-01, 1.046368524885498e-01, 1.061756298172634e-01, 1.07714407145977e-01, 1.092531844746906e-01, 1.107919692539848e-01, 1.123307392454468e-01, 1.138695165741604e-01, 1.15408293902874e-01, 1.169470712315876e-01, 1.184858485604433e-01, 1.200246260023438e-01, 1.215634033310217e-01, 1.23102180659771e-01, 1.24640950651233e-01, 1.261797427676367e-01, 1.277185053088022e-01, 1.292572974249218e-01, 1.307960599660873e-01, 1.323348374084141e-01, 1.338736295245336e-01, 1.354123920656992e-01, 1.369511841818187e-01, 1.384899467229843e-01, 1.400287241647427e-01, 1.415675162814306e-01, 1.431062788225962e-01, 1.446450709387157e-01, 1.461838334798813e-01, 1.477226109216396e-01, 1.492614030383276e-01, 1.508001655794932e-01, 1.523389576956127e-01, 1.538777202367783e-01]
senAnaWinSpe.din4108.V_flow=[1.192428171634674e-01, 1.192973181589918e-01, 1.194606795843782e-01, 1.197324543809445e-01, 1.201119050128661e-01, 1.205980107188225e-01, 1.211894972590181e-01, 1.218848229350763e-01, 1.226822285839545e-01, 1.235797333006221e-01, 1.24575175344944e-01, 1.256662157455961e-01, 1.26850410711611e-01, 1.281251764648068e-01, 1.294878128552316e-01, 1.309355944395065e-01, 1.324657198032352e-01, 1.340753726269518e-01, 1.357617386472193e-01, 1.375219826221259e-01, 1.393533051013947e-01, 1.412529516802881e-01, 1.432181885270713e-01, 1.452463577088717e-01, 1.473348716593515e-01, 1.494811773300171e-01, 1.516828558265238e-01, 1.539375026092803e-01, 1.562428336536083e-01, 1.585966325997368e-01, 1.609967797994614e-01, 1.634412431412522e-01, 1.659280496810271e-01, 1.684553337330084e-01, 1.710212951107314e-01, 1.736242175102234e-01, 1.76262470633534e-01, 1.789344685379591e-01, 1.816387636525162e-01, 1.843738976729671e-01, 1.871385425329208e-01, 1.899313953473678e-01, 1.927512342150421e-01, 1.955968832122149e-01, 1.984672518909239e-01, 2.013612687587738e-01, 2.042779354368278e-01, 2.07216283345061e-01, 2.101754042518723e-01, 2.13154462110745e-01, 2.161526083946228e-01, 2.191690533411098e-01, 2.222030667893286e-01, 2.252539188943018e-01, 2.283209681995504e-01, 2.314035445451736e-01, 2.34501036982994e-01, 2.376128792654756e-01, 2.407384753102181e-01, 2.438773482850369e-01, 2.470289617776871e-01, 2.50192853851603e-01, 2.533685327661918e-01, 2.565555809649397e-01, 2.597535818073442e-01, 2.62962132692337e-01, 2.661808461897273e-01, 2.694093944711265e-01, 2.72647344842681e-01, 2.75894459961833e-01, 2.791503667831421e-01, 2.824147672833842e-01, 2.856873634376303e-01, 2.889679011653085e-01, 2.922561137279595e-01, 2.955517172813416e-01, 2.988545032086296e-01, 3.021642032877853e-01, 3.054805930723063e-01, 3.08803465771128e-01, 3.121326267719269e-01, 3.154678515423443e-01, 3.188090090166856e-01, 3.221558268564065e-01, 3.255082198824565e-01, 3.288659453392029e-01, 3.322288563625289e-01, 3.355968360816298e-01, 3.389696712493215e-01, 3.423473069862444e-01, 3.457295000553131e-01, 3.491161634409084e-01, 3.525072102899796e-01, 3.559024567182751e-01, 3.5930184827332e-01, 3.627051711082458e-01, 3.661123682155242e-01, 3.695233529336621e-01, 3.729380006005058e-01, 3.763562273312998e-01, 3.797778785228729e-01]
senAnaWinSpe.ashrae.V_flow=[2.565068304538727e-01, 2.595552205180471e-01, 2.684927579328493e-01, 2.827615718293086e-01, 3.016059684351785e-01, 3.242290914058685e-01, 3.498987789501805e-01, 3.779948686632826e-01, 4.080163501777712e-01, 4.395690041232326e-01, 4.723460078239441e-01, 5.061095871563659e-01, 5.40674908217211e-01, 5.758976509755647e-01, 6.11664244181932e-01, 6.478846073150635e-01, 6.844867380246088e-01, 7.21412521812039e-01, 7.586147963229051e-01, 7.960546106237217e-01, 8.337000012397766e-01, 8.715244893207118e-01, 9.095055279511085e-01, 9.476244631710703e-01, 9.858651392060771e-01, 1.024214029312134e+00, 1.062659538740071e+00, 1.10119114467248e+00, 1.139800566982689e+00, 1.178479872980425e+00, 1.217222571372986e+00, 1.256022609548644e+00, 1.29487500721255e+00, 1.333775181257369e+00, 1.372718773877715e+00, 1.411702632904053e+00, 1.450723327674758e+00, 1.489777784791709e+00, 1.528863687087568e+00, 1.567978583213709e+00, 1.607120275497437e+00, 1.646287001779965e+00, 1.685476973917156e+00, 1.724688335952471e+00, 1.763920031319405e+00, 1.803170680999756e+00, 1.84243885448205e+00, 1.881723717294438e+00, 1.921023889911691e+00, 1.960338912658421e+00, 1.999667644500732e+00, 2.039009370181753e+00, 2.078363255233044e+00, 2.11772839666527e+00, 2.157104693051629e+00, 2.196491479873657e+00, 2.235887803459313e+00, 2.275293425387743e+00, 2.314707680860822e+00, 2.354130468917852e+00, 2.393561363220215e+00, 2.432999648514445e+00, 2.472445086379691e+00, 2.51189725026133e+00, 2.551356039562458e+00, 2.590821266174316e+00, 2.630292214845715e+00, 2.669768885572107e+00, 2.709250851662451e+00, 2.748738251220354e+00, 2.788230657577515e+00, 2.827727832315351e+00, 2.867229537015286e+00, 2.906735583291171e+00, 2.946245871055406e+00, 2.98576021194458e+00, 3.02527860595642e+00, 3.064800576251494e+00, 3.104325934359529e+00, 3.143855057210936e+00, 3.183387279510498e+00, 3.222922889571961e+00, 3.262461737706055e+00, 3.302003308213805e+00, 3.341547878439272e+00, 3.381095170974731e+00, 3.420644847677792e+00, 3.460197762589906e+00, 3.499752684488066e+00, 3.539310367803594e+00, 3.578870058059692e+00, 3.618431894064813e+00, 3.657996253136936e+00, 3.697562619081418e+00, 3.7371312697107e+00, 3.7767014503479e+00, 3.816273538315544e+00, 3.855848149441135e+00, 3.895423813678371e+00, 3.935001762691355e+00, 3.974581003189087e+00]
senAnaWinDir.gidsPhaff.V_flow=[1.90394327044487e-01, 1.90394327044487e-01]
senAnaWinDir.warrenParkins.V_flow=[2.5e-01, 2.5e-01]
senAnaWinDir.larsenHeiselberg.V_flow=[1.224514171481133e-01, 1.291624455612994e-01, 1.363107410870282e-01, 1.438311031256615e-01, 1.516682202836455e-01, 1.597754657268524e-01, 1.681137809914647e-01, 1.766504357618014e-01, 1.853580315378264e-01, 1.942135861943193e-01, 2.031977474689484e-01, 2.122941740410532e-01, 2.21489052540899e-01, 2.265417281839607e-01, 2.273863705027212e-01, 2.2823166847229e-01, 2.290776220926672e-01, 2.299242313638526e-01, 2.307714823949713e-01, 2.316193582649648e-01, 2.324678599834442e-01, 1.881154931280384e-01, 1.888128813754687e-01, 1.895107034196716e-01, 1.902089559331721e-01, 1.909076720476151e-01, 1.843506780524192e-01, 1.778340966688206e-01, 1.713625012898887e-01, 1.649412126751658e-01, 3.308498561382294e-01, 3.157127653607721e-01, 3.006480705876481e-01, 2.856671440937578e-01, 2.707840643734151e-01, 2.560157179832458e-01, 2.413833002584777e-01, 2.26913101381505e-01, 2.149166418870393e-01, 2.053331823651179e-01, 1.958707273006439e-01, 1.865477622862697e-01, 1.773862814899849e-01, 1.684127023321014e-01, 1.596586339661701e-01, 1.51162251830101e-01, 1.429695559692205e-01, 1.351358000292093e-01, 1.277270752354681e-01, 1.208215493836033e-01, 1.145103499293327e-01, 1.208078477535934e-01, 1.277011769957132e-01, 1.350991580931599e-01, 1.429235262905349e-01, 1.511080265045166e-01, 1.595973007804437e-01, 1.683452447645768e-01, 1.773135489315766e-01, 1.864705146707618e-01, 1.957896500825882e-01, 2.052488715921663e-01, 2.148296867919496e-01, 2.268248075372432e-01, 2.412950108787349e-01, 2.55927711725235e-01, 2.706965349530779e-01, 2.855804251477438e-01, 3.005621444774271e-01, 3.156279777527855e-01, 3.307663202285767e-01, 1.648216010553962e-01, 1.712445292739087e-01, 1.777179862365294e-01, 1.84236743771948e-01, 1.907961219549179e-01, 1.900958412171445e-01, 1.893963800449419e-01, 1.886977715697335e-01, 1.880000240300476e-01, 2.324720472097397e-01, 2.316235336233318e-01, 2.307756079958751e-01, 2.299283163012745e-01, 2.290816274781548e-01, 2.28235587477684e-01, 2.273901733208676e-01, 2.26545391856328e-01, 2.214926508551059e-01, 2.122976580183173e-01, 2.032011747360229e-01, 1.942169410864543e-01, 1.853611897892472e-01, 1.766534165329499e-01, 1.681164330433918e-01, 1.59777820110321e-01, 1.516701884000738e-01, 1.438325348201995e-01, 1.363115898146443e-01, 1.291625384756474e-01, 1.224514171481133e-01]
senAnaWinDir.caciolo.V_flow=[2.650964558124542e-01, 2.650964558124542e-01, 2.650964558124542e-01, 2.650964558124542e-01, 2.650964558124542e-01, 2.650964558124542e-01, 2.650964558124542e-01, 2.650964558124542e-01, 2.650964558124542e-01, 2.650964558124542e-01, 2.650964558124542e-01, 2.650964558124542e-01, 2.650964558124542e-01, 2.650964558124542e-01, 2.650964558124542e-01, 2.650964558124542e-01, 2.650964558124542e-01, 2.650964558124542e-01, 2.650964558124542e-01, 2.650964558124542e-01, 2.650964558124542e-01, 2.650964558124542e-01, 2.650964558124542e-01, 2.650964558124542e-01, 2.650964558124542e-01, 2.650964558124542e-01, 2.944972179830074e-02, 2.944972179830074e-02, 2.944972179830074e-02, 2.944972179830074e-02, 2.944972179830074e-02, 2.944972179830074e-02, 2.944972179830074e-02, 2.944972179830074e-02, 2.944972179830074e-02, 2.944972179830074e-02, 2.944972179830074e-02, 2.944972179830074e-02, 2.944972179830074e-02, 2.944972179830074e-02, 2.944972179830074e-02, 2.944972179830074e-02, 2.944972179830074e-02, 2.944972179830074e-02, 2.944972179830074e-02, 2.944972179830074e-02, 2.944972179830074e-02, 2.944972179830074e-02, 2.944972179830074e-02, 2.944972179830074e-02, 2.944972179830074e-02, 2.944972179830074e-02, 2.944972179830074e-02, 2.944972179830074e-02, 2.944972179830074e-02, 2.944972179830074e-02, 2.944972179830074e-02, 2.944972179830074e-02, 2.944972179830074e-02, 2.944972179830074e-02, 2.944972179830074e-02, 2.944972179830074e-02, 2.944972179830074e-02, 2.944972179830074e-02, 2.944972179830074e-02, 2.944972179830074e-02, 2.944972179830074e-02, 2.944972179830074e-02, 2.944972179830074e-02, 2.944972179830074e-02, 2.944972179830074e-02, 2.944972179830074e-02, 2.944972179830074e-02, 2.944972179830074e-02, 2.944972179830074e-02, 2.944972179830074e-02, 2.650964558124542e-01, 2.650964558124542e-01, 2.650964558124542e-01, 2.650964558124542e-01, 2.650964558124542e-01, 2.650964558124542e-01, 2.650964558124542e-01, 2.650964558124542e-01, 2.650964558124542e-01, 2.650964558124542e-01, 2.650964558124542e-01, 2.650964558124542e-01, 2.650964558124542e-01, 2.650964558124542e-01, 2.650964558124542e-01, 2.650964558124542e-01, 2.650964558124542e-01, 2.650964558124542e-01, 2.650964558124542e-01, 2.650964558124542e-01, 2.650964558124542e-01, 2.650964558124542e-01, 2.650964558124542e-01, 2.650964558124542e-01, 2.650964558124542e-01]
senAnaWinDir.tang.V_flow=[1.156304255127907e-01, 1.156304255127907e-01]
senAnaWinDir.vdi2078.V_flow=[1.128604486584663e-01, 1.128604486584663e-01]
senAnaWinDir.din16798.V_flow=[1.538777202367783e-01, 1.538777202367783e-01]
senAnaWinDir.din4108.V_flow=[3.797778785228729e-01, 3.797778785228729e-01]
senAnaWinDir.ashrae.V_flow=[3.974581003189087e+00, 3.938599825441536e+00, 3.902619839786879e+00, 3.866641287324105e+00, 3.830664160011845e+00, 3.794688701629639e+00, 3.758714684479812e+00, 3.722742314818784e+00, 3.686771635528832e+00, 3.650802603729332e+00, 3.614835500717163e+00, 3.578870066633962e+00, 3.542906539898257e+00, 3.506944639225805e+00, 3.470985165605944e+00, 3.435027599334717e+00, 3.399071940411553e+00, 3.363118665673044e+00, 3.327167732262053e+00, 3.291218987477115e+00, 3.255272626876831e+00, 3.219328607614865e+00, 3.183387296648805e+00, 3.147448761016432e+00, 3.111512933668597e+00, 3.075579881668091e+00, 3.039649690695081e+00, 3.003722684824441e+00, 2.967798692740172e+00, 2.931878124158662e+00, 2.895960807800293e+00, 2.860047067725158e+00, 2.824136989549759e+00, 2.788230640457397e+00, 2.752328430081466e+00, 2.716430187225342e+00, 2.680536235912736e+00, 2.644646661704444e+00, 2.608761770304665e+00, 2.572881732823622e+00, 2.537006616592407e+00, 2.501136745582117e+00, 2.465272358208241e+00, 2.429414102277659e+00, 2.393561397407338e+00, 2.357714891433716e+00, 2.321874822775371e+00, 2.286041906683495e+00, 2.250216075556892e+00, 2.214397702993792e+00, 2.178587198257446e+00, 2.214397702993792e+00, 2.250216075556892e+00, 2.286041906683495e+00, 2.321874822775372e+00, 2.357714891433716e+00, 2.393561397407338e+00, 2.429414102277659e+00, 2.465272358208241e+00, 2.501136745582117e+00, 2.537006616592407e+00, 2.572881732822806e+00, 2.608761855852461e+00, 2.644646576145281e+00, 2.680536235913552e+00, 2.716430187225342e+00, 2.752328430080651e+00, 2.788230726060899e+00, 2.824136903939437e+00, 2.860047067725974e+00, 2.895960807800293e+00, 2.931878124157845e+00, 2.9677987783846e+00, 3.003722599169782e+00, 3.039649690695899e+00, 3.075579881668091e+00, 3.11151293366778e+00, 3.147448846694965e+00, 3.183387210963451e+00, 3.21932860761534e+00, 3.255272626876831e+00, 3.291218858917502e+00, 3.327167817970143e+00, 3.363118579959269e+00, 3.399072068996746e+00, 3.435027599334717e+00, 3.470985037012225e+00, 3.50694472496459e+00, 3.542906454158334e+00, 3.578870195244733e+00, 3.614835500717163e+00, 3.650802475101457e+00, 3.686771699847008e+00, 3.722742250496346e+00, 3.75871481312474e+00, 3.794688701629639e+00, 3.830664020636917e+00, 3.866641351655083e+00, 3.902619770090248e+00, 3.9385999621541e+00, 3.974581003189087e+00]
