last-generated=2021-05-09
statistics-initialization=
{
  "nonlinear": "0, 0, 8, 0, 0, 0, 0, 1, 0, 1, 1, 1",
  "numerical Jacobians": "0"
}
statistics-simulation=
{
  "linear": "24",
  "nonlinear": "0, 0, 8, 0, 1, 0, 1, 1, 1",
  "number of continuous time states": "74",
  "numerical Jacobians": "0"
}
time=[0e+00, 1e+03]
pmpNorth.m_flow=[-0e+00, 3.940263509750366e+00, 5.780935764312744e+00, 5.808557033538818e+00, 5.689335823059082e+00, 5.604323863983154e+00, 5.557217121124268e+00, 5.540600776672363e+00, 5.547810077667236e+00, 5.572281837463379e+00, 5.607223987579346e+00, 5.646755695343018e+00, 5.681643962860107e+00, 5.721845149993896e+00, 5.762679576873779e+00, 5.800496101379395e+00, 5.83441162109375e+00, 5.864458084106445e+00, 5.890842914581299e+00, 5.913851737976074e+00, 5.933783531188965e+00, 5.95090913772583e+00, 5.965390205383301e+00, 5.977396011352539e+00, 5.98707103729248e+00, 5.994525909423828e+00, 5.999836921691895e+00, 6.39130973815918e+00, 6.808254718780518e+00, 6.981492042541504e+00, 7.000439167022705e+00, 6.957546234130859e+00, 6.904160499572754e+00, 6.857442855834961e+00, 6.818737506866455e+00, 6.7847580909729e+00, 6.752568244934082e+00, 6.719139575958252e+00, 6.68217945098877e+00, 6.642555236816406e+00, 6.599846363067627e+00, 6.552388668060303e+00, 6.499032497406006e+00, 6.439064025878906e+00, 6.371935844421387e+00, 6.297025680541992e+00, 6.213579654693604e+00, 6.120823860168457e+00, 6.01792573928833e+00, 5.904001235961914e+00, 5.778128623962402e+00, 4.468204975128174e+00, 1.749637722969055e+00, 5.36545991897583e-01, 1.090738922357559e-01, 2.315359562635422e-02, 1.43402423709631e-02, 1.323479041457176e-02, 1.233155559748411e-02, 1.132404804229736e-02, 1.023189909756184e-02, 9.082941338419914e-03, 7.907476276159286e-03, 6.735149770975113e-03, 5.597343202680349e-03, 4.526105243712664e-03, 3.549650078639388e-03, 2.690498484298587e-03, 1.963082933798432e-03, 1.371904043480754e-03, 9.135257569141686e-04, 5.753489094786346e-04, 3.392849757801741e-04, 1.84924530913122e-04, 9.176751336781308e-05, 4.100703881704248e-05, 1.682633592281491e-05, 7.066837497404777e-06, 3.712480065587442e-06, 3.082133389398223e-06, 3.568398824427277e-06, 4.001130491815275e-06, 3.521159669617191e-06, 2.492318571967189e-06, 1.531290990897105e-06, 8.657107741782966e-07, 4.461360276764026e-07, 2.191873562651381e-07, 1.052887625974108e-07, 4.60079085939924e-08, 1.947764971532706e-08, 9.214241813992885e-09, 4.811874454446752e-09, 2.542309918140973e-09, 1.305749619540109e-09, 7.28232918412175e-10, 5.112836820586608e-10, 5.029090477393083e-10, 5.673541081385736e-10, 6.595388124530643e-10, 6.559975895825687e-10]
pmpSouth.m_flow=[0e+00, 3.545600891113281e+00, 5.229345798492432e+00, 5.277126789093018e+00, 5.183050155639648e+00, 5.114251136779785e+00, 5.076239109039307e+00, 5.063394069671631e+00, 5.070379257202148e+00, 5.091803550720215e+00, 5.122029304504395e+00, 5.155563831329346e+00, 5.186088085174561e+00, 5.221214294433594e+00, 5.256625175476074e+00, 5.289448261260986e+00, 5.318986892700195e+00, 5.34526252746582e+00, 5.368434906005859e+00, 5.388726234436035e+00, 5.406370639801025e+00, 5.421579837799072e+00, 5.434477806091309e+00, 5.445198059082031e+00, 5.453855991363525e+00, 5.460537910461426e+00, 5.465304851531982e+00, 5.778444290161133e+00, 6.1065354347229e+00, 6.244116306304932e+00, 6.263262271881104e+00, 6.233721733093262e+00, 6.194432735443115e+00, 6.158894062042236e+00, 6.128528594970703e+00, 6.101089477539062e+00, 6.074480533599854e+00, 6.043420314788818e+00, 6.012546062469482e+00, 5.980756282806396e+00, 5.945413112640381e+00, 5.905575275421143e+00, 5.860711574554443e+00, 5.810431480407715e+00, 5.754367351531982e+00, 5.69205379486084e+00, 5.622910976409912e+00, 5.546338558197021e+00, 5.461676120758057e+00, 5.368204116821289e+00, 5.26514720916748e+00, 4.081794738769531e+00, 1.599341630935669e+00, 4.939285516738892e-01, 9.653641283512115e-02, 1.960951834917068e-02, 1.213581580668688e-02, 1.13684730604291e-02, 1.070582028478384e-02, 9.921140968799591e-03, 9.048023261129856e-03, 8.113977499306202e-03, 7.143230177462101e-03, 6.158004980534315e-03, 5.182824563235044e-03, 4.244870506227016e-03, 3.370728809386492e-03, 2.584593137726188e-03, 1.905253506265581e-03, 1.34306971449405e-03, 9.005331667140126e-04, 5.70133444853127e-04, 3.374561201781034e-04, 1.843782520154491e-04, 9.163254435406998e-05, 4.098004137631506e-05, 1.682178481132723e-05, 6.965341526665725e-06, 3.401773483346915e-06, 2.646163238750887e-06, 2.667442913661944e-06, 2.477354883012595e-06, 1.940936044775299e-06, 1.32538559682871e-06, 8.062502843131369e-07, 4.535321806997672e-07, 2.325784009826748e-07, 1.135865872470276e-07, 5.416364601273926e-08, 2.346319050161583e-08, 9.836430336918056e-09, 4.604562953147706e-09, 2.378758079402132e-09, 1.243506742021339e-09, 6.3228794422443e-10, 3.496369582745018e-10, 2.433477030994169e-10, 2.377082142235309e-10, 2.66619143429736e-10, 3.08473496746231e-10, 3.056518926847218e-10]
