last-generated=2021-05-06
statistics-simulation=
{
  "linear": " ",
  "nonlinear": " ",
  "numerical Jacobians": "0"
}
time=[0e+00, 8.64e+06]
chePre.PIn=[9.95e+04, 9.9e+04, 9.78e+04, 9.95e+04, 9.91e+04, 9.88e+04, 1.006e+05, 1.017e+05, 1.006e+05, 9.92e+04, 9.98e+04, 9.84e+04, 9.97e+04, 9.88e+04, 1.001e+05, 9.97e+04, 9.9e+04, 9.9e+04, 9.88e+04, 9.9e+04, 9.9e+04, 9.83e+04, 1.006e+05, 1.004e+05, 9.87e+04, 9.9e+04, 9.95e+04, 9.91e+04, 9.82e+04, 1.002e+05, 1.003e+05, 9.97e+04, 1e+05, 9.88e+04, 9.82e+04, 9.88e+04, 1e+05, 1.009e+05, 1.006e+05, 9.94e+04, 9.95e+04, 9.92e+04, 9.92e+04, 9.77e+04, 9.84e+04, 9.95e+04, 1.001e+05, 9.96e+04, 9.86e+04, 9.89e+04, 9.93e+04, 9.94e+04, 9.76e+04, 9.79e+04, 9.66e+04, 9.71e+04, 9.89e+04, 9.84e+04, 9.93e+04, 9.93e+04, 9.91e+04, 1.001e+05, 9.84e+04, 9.84e+04, 1.01e+05, 1.002e+05, 9.91e+04, 1e+05, 9.99e+04, 9.88e+04, 9.82e+04, 9.96e+04, 9.92e+04, 9.99e+04, 9.97e+04, 9.94e+04, 1e+05, 9.92e+04, 9.92e+04, 1.002e+05, 9.96e+04, 9.89e+04, 9.81e+04, 9.98e+04, 1.002e+05, 9.87e+04, 9.77e+04, 9.8e+04, 9.95e+04, 9.87e+04, 9.77e+04, 9.85e+04, 9.93e+04, 1.004e+05, 1.005e+05, 1.004e+05, 9.96e+04, 9.89e+04, 9.86e+04, 1.005e+05, 9.99e+04]
chePre.pAtm=[9.95e+04, 9.9e+04, 9.78e+04, 9.95e+04, 9.91e+04, 9.88e+04, 1.006e+05, 1.017e+05, 1.006e+05, 9.92e+04, 9.98e+04, 9.84e+04, 9.97e+04, 9.88e+04, 1.001e+05, 9.97e+04, 9.9e+04, 9.9e+04, 9.88e+04, 9.9e+04, 9.9e+04, 9.83e+04, 1.006e+05, 1.004e+05, 9.87e+04, 9.9e+04, 9.95e+04, 9.91e+04, 9.82e+04, 1.002e+05, 1.003e+05, 9.97e+04, 1e+05, 9.88e+04, 9.82e+04, 9.88e+04, 1e+05, 1.009e+05, 1.006e+05, 9.94e+04, 9.95e+04, 9.92e+04, 9.92e+04, 9.77e+04, 9.84e+04, 9.95e+04, 1.001e+05, 9.96e+04, 9.86e+04, 9.89e+04, 9.93e+04, 9.94e+04, 9.76e+04, 9.79e+04, 9.66e+04, 9.71e+04, 9.89e+04, 9.84e+04, 9.93e+04, 9.93e+04, 9.91e+04, 1.001e+05, 9.84e+04, 9.84e+04, 1.01e+05, 1.002e+05, 9.91e+04, 1e+05, 9.99e+04, 9.88e+04, 9.82e+04, 9.96e+04, 9.92e+04, 9.99e+04, 9.97e+04, 9.94e+04, 1e+05, 9.92e+04, 9.92e+04, 1.002e+05, 9.96e+04, 9.89e+04, 9.81e+04, 9.98e+04, 1.002e+05, 9.87e+04, 9.77e+04, 9.8e+04, 9.95e+04, 9.87e+04, 9.77e+04, 9.85e+04, 9.93e+04, 1.004e+05, 1.005e+05, 1.004e+05, 9.96e+04, 9.89e+04, 9.86e+04, 1.005e+05, 9.99e+04]
