last-generated=2021-05-09
statistics-initialization=
{
  "nonlinear": "1",
  "numerical Jacobians": "0"
}
statistics-simulation=
{
  "linear": " ",
  "nonlinear": "1, 0",
  "number of continuous time states": "4",
  "numerical Jacobians": "0"
}
time=[0e+00, 2.4e+02]
dam.m_flow=[2e+00, 1.918332580051682e+00, 1.833030230750684e+00, 1.743559591591018e+00, 1.649242297244033e+00, 1.549193382263184e+00, 1.442220550885698e+00, 1.326649865557142e+00, 1.200000089608263e+00, 1.058300518844233e+00, 8.944271802902222e-01, 6.928202725730367e-01, 3.737259431473062e-01, -3.737259431473062e-01, -6.928204528265858e-01, -8.944271802902222e-01, -1.058300397613417e+00, -1.20000008960843e+00, -1.326649865556988e+00, -1.442220638655692e+00, -1.549193382263184e+00, -1.649242219866947e+00, -1.743559627942459e+00, -1.833030195965281e+00, -1.918332629550918e+00, -2e+00, -1.967825806238101e+00, -1.878836294615447e+00, -1.740106968164235e+00, -1.559390417312123e+00, -1.349876642227173e+00, -1.130019565717334e+00, -9.18913921407398e-01, -7.308719970768227e-01, -5.734219277987914e-01, -4.484426975250244e-01, -3.480920184863675e-01, -2.66754692284337e-01, -2.013969000309722e-01, -1.503284448108601e-01, -1.119068562984467e-01, -8.392213346819283e-02, -6.389185765582449e-02, -4.959334068000908e-02, -3.931187673826473e-02, -3.18249948322773e-02, -2.61218081429147e-02, -1.852645451811832e-02, -1.115622992985481e-02, -6.042046904389831e-03, -3.078104695305228e-03, -1.525984648550357e-03, -7.548379589714524e-04, -3.793153029362365e-04, -1.960656612070443e-04, -1.051004874170758e-04, -5.871450192355898e-05, -3.426827451462815e-05, -2.090844732261497e-05, -1.332748239439632e-05, -8.86104771780083e-06, -6.131819445558313e-06, -4.405093488128933e-06, -3.276348950763952e-06, -2.515790191471402e-06, -1.988815029108082e-06, -1.614284216247606e-06, -1.341873222232385e-06, -1.139580160402283e-06, -9.865176555822735e-07, -8.687612762514618e-07, -7.768078057925359e-07, -7.040522679874459e-07, -6.45810294866289e-07, -5.9870171397168e-07, -5.602531700787949e-07, -5.286174052160522e-07, -5.024069505430814e-07, -4.805551476031252e-07, -4.622408064002032e-07, -4.46818660293502e-07, -4.337788636952057e-07, -4.227155006720604e-07, -4.132986821757897e-07, -4.052632696854685e-07, -3.983897158832406e-07, -3.924990471528292e-07, -3.87441707878827e-07, -3.830935163024716e-07, -3.793520964740994e-07, -3.761292362014501e-07, -3.733488191767258e-07, -3.709538163128932e-07, -3.688853074430497e-07, -3.670959685720714e-07, -3.655528360013705e-07, -3.642156767124763e-07, -3.630570702401168e-07, -3.620549750524482e-07, -3.611848761006464e-07, -3.604309029014985e-07]
vav.m_flow=[2e+00, 1.918332580051682e+00, 1.833030230750684e+00, 1.743559591591018e+00, 1.649242297244033e+00, 1.549193382263184e+00, 1.442220550885698e+00, 1.326649865557142e+00, 1.200000089608263e+00, 1.058300518844233e+00, 8.944271802902222e-01, 6.928202725730367e-01, 3.469959246805281e-01, -3.469959246805281e-01, -6.928204528265858e-01, -8.944271802902222e-01, -1.058300397613417e+00, -1.20000008960843e+00, -1.326649865556988e+00, -1.442220638655692e+00, -1.549193382263184e+00, -1.649242219866947e+00, -1.743559627942459e+00, -1.833030195965281e+00, -1.918332629550918e+00, -2e+00, -1.967825806238101e+00, -1.878836294615447e+00, -1.740106968164235e+00, -1.559390417312123e+00, -1.349876642227173e+00, -1.130019565717334e+00, -9.18913921407398e-01, -7.308719970768227e-01, -5.731103086399552e-01, -4.215496182441711e-01, -2.865826949796231e-01, -1.912011184079332e-01, -1.289872372574848e-01, -8.902416674127574e-02, -6.312067061662674e-02, -4.602091934061497e-02, -3.448700667346576e-02, -2.653195081872424e-02, -2.092416480239854e-02, -1.688787527382374e-02, -1.383496643476372e-02, -9.792473983870169e-03, -5.888776480219016e-03, -3.187348983695167e-03, -1.623428310267627e-03, -8.047595425671511e-04, -3.98067905000302e-04, -2.000316162177793e-04, -1.033945295593295e-04, -5.542423605220392e-05, -3.096277071469154e-05, -1.807117575052799e-05, -1.102594443922125e-05, -7.028167048588229e-06, -4.672819159168284e-06, -3.233577202529225e-06, -2.32299868077997e-06, -1.727762287665497e-06, -1.326686364346122e-06, -1.048789158630825e-06, -8.512827636598023e-07, -7.076284779087008e-07, -6.009504996367994e-07, -5.202339385870395e-07, -4.581358155064663e-07, -4.096447766406722e-07, -3.712775811821643e-07, -3.405640368942916e-07, -3.157216225203275e-07, -2.954460285309324e-07, -2.787631009911446e-07, -2.649411662136499e-07, -2.534177536188426e-07, -2.43759808576674e-07, -2.356270272230176e-07, -2.287505777588849e-07, -2.229163767524543e-07, -2.179504803703403e-07, -2.137130609218825e-07, -2.100883307321055e-07, -2.069819159553846e-07, -2.043149610298106e-07, -2.020219769276869e-07, -2.000489634531251e-07, -1.983493973511941e-07, -1.968831748004201e-07, -1.956201757940863e-07, -1.945293620130172e-07, -1.935857647877909e-07, -1.927720063576999e-07, -1.920668620986013e-07, -1.914558829905877e-07, -1.909274225882568e-07, -1.904685842305566e-07, -1.900709918345456e-07]
dam.dp=[5e+00, 4.599999920527121e+00, 4.199999841054439e+00, 3.799999920527172e+00, 3.400000158945593e+00, 3e+00, 2.599999841054407e+00, 2.199999920527266e+00, 1.800000079472544e+00, 1.400000039736525e+00, 1e+00, 5.999999602634757e-01, 1.813970218697891e-01, -1.813970218697891e-01, -6.000002781531776e-01, -1e+00, -1.399999721847012e+00, -1.80000007947305e+00, -2.199999920526761e+00, -2.600000158944456e+00, -3e+00, -3.399999841055544e+00, -3.800000079473238e+00, -4.199999682108562e+00, -4.600000158943697e+00, -5e+00, -5.159576715931533e+00, -5.587467487362189e+00, -6.215034438312637e+00, -6.960376753630853e+00, -7.722291469573975e+00, -8.403819636472466e+00, -8.944496500339188e+00, -9.33228245317486e+00, -9.5885153953451e+00, -9.72342586517334e+00, -9.799254376913854e+00, -9.851451815523538e+00, -9.890003245400006e+00, -9.918775573663167e+00, -9.939889907836914e+00, -9.955062857828487e+00, -9.965846049810436e+00, -9.973513611147251e+00, -9.979015353212748e+00, -9.983016967773438e+00, -9.986063001590702e+00, -9.990117067559709e+00, -9.994050030075082e+00, -9.99677753574602e+00, -9.998358726501465e+00, -9.999186515413994e+00, -9.999597549050428e+00, -9.999797821208629e+00, -9.9998950956433e+00, -9.999943733215332e+00, -9.999968528796064e+00, -9.999981880175861e+00, -9.999988555914266e+00, -9.999993324267658e+00, -9.999995231628418e+00, -9.999997138977051e+00, -9.999998092645304e+00, -9.999998092651367e+00, -9.999999046325684e+00, -9.999999046325684e+00, -9.999999046325684e+00, -9.999999046325684e+00, -9.999999046325684e+00, -9.999999046325684e+00, -1e+01, -1e+01, -1e+01, -1e+01, -1e+01, -1e+01, -1e+01, -1e+01, -1e+01, -1e+01, -1e+01, -1e+01, -1e+01, -1e+01, -1e+01, -1e+01, -1e+01, -1e+01, -1e+01, -1e+01, -1e+01, -1e+01, -1e+01, -1e+01, -1e+01, -1e+01, -1e+01, -1e+01, -1e+01, -1e+01, -1e+01]
vav.dp=[1e+01, 9.199999841054241e+00, 8.399999682108877e+00, 7.599999841054344e+00, 6.800000317891186e+00, 6e+00, 5.199999682108814e+00, 4.399999841054533e+00, 3.600000158945088e+00, 2.80000007947305e+00, 2e+00, 1.199999920526951e+00, 3.999997516480644e-01, -3.999997516480644e-01, -1.200000556306355e+00, -2e+00, -2.799999443694024e+00, -3.6000001589461e+00, -4.399999841053521e+00, -5.200000317888913e+00, -6e+00, -6.799999682111087e+00, -7.600000158946476e+00, -8.399999364217123e+00, -9.200000317887394e+00, -1e+01, -1e+01, -1e+01, -1e+01, -1e+01, -1e+01, -1e+01, -1e+01, -1e+01, -1e+01, -1e+01, -1e+01, -1e+01, -1e+01, -1e+01, -1e+01, -1e+01, -1e+01, -1e+01, -1e+01, -1e+01, -1e+01, -1e+01, -1e+01, -1e+01, -1e+01, -1e+01, -1e+01, -1e+01, -1e+01, -1e+01, -1e+01, -1e+01, -1e+01, -1e+01, -1e+01, -1e+01, -1e+01, -1e+01, -1e+01, -1e+01, -1e+01, -1e+01, -1e+01, -1e+01, -1e+01, -1e+01, -1e+01, -1e+01, -1e+01, -1e+01, -1e+01, -1e+01, -1e+01, -1e+01, -1e+01, -1e+01, -1e+01, -1e+01, -1e+01, -1e+01, -1e+01, -1e+01, -1e+01, -1e+01, -1e+01, -1e+01, -1e+01, -1e+01, -1e+01, -1e+01, -1e+01, -1e+01, -1e+01, -1e+01, -1e+01]
res.dp=[5e+00, 4.599999920527121e+00, 4.199999841054439e+00, 3.799999920527172e+00, 3.400000158945593e+00, 3e+00, 2.599999841054407e+00, 2.199999920527266e+00, 1.800000079472544e+00, 1.400000039736525e+00, 1e+00, 5.999999602634757e-01, 2.18602729778299e-01, -2.18602729778299e-01, -6.000002781531776e-01, -1e+00, -1.399999721847012e+00, -1.80000007947305e+00, -2.199999920526761e+00, -2.600000158944456e+00, -3e+00, -3.399999841055544e+00, -3.800000079473238e+00, -4.199999682108562e+00, -4.600000158943697e+00, -5e+00, -4.840423284068467e+00, -4.412532512637811e+00, -3.784965561688879e+00, -3.039623007952084e+00, -2.277708530426025e+00, -1.596180363527154e+00, -1.055503499663086e+00, -6.677173084084559e-01, -4.114843066335713e-01, -2.765742838382721e-01, -2.007455783830411e-01, -1.485481248698288e-01, -1.099969632168656e-01, -8.122408361225746e-02, -6.011055782437325e-02, -4.493722040311891e-02, -3.415422958754484e-02, -2.648645031786013e-02, -2.098457600642211e-02, -1.698300242424011e-02, -1.393697698973992e-02, -9.882681915424175e-03, -5.950405782598316e-03, -3.222491030855079e-03, -1.641664654016495e-03, -8.13859558010455e-04, -4.025804000055615e-04, -2.023015094512044e-04, -1.04568354584037e-04, -5.605359547189437e-05, -3.131439908568285e-05, -1.827641246813854e-05, -1.115117178412985e-05, -7.107990761924457e-06, -4.725892267742893e-06, -3.270303704297381e-06, -2.34938313303617e-06, -1.747386220760704e-06, -1.341754768784748e-06, -1.060701265487296e-06, -8.609515971564863e-07, -7.156657412611138e-07, -6.077760855477155e-07, -5.261427572223271e-07, -4.633393189124035e-07, -4.142975229495182e-07, -3.754945391371248e-07, -3.444321458934093e-07, -3.193075902587028e-07, -2.988016944982519e-07, -2.819293074137054e-07, -2.679503717282323e-07, -2.56296076826838e-07, -2.465284243959111e-07, -2.383032864372581e-07, -2.313487339358178e-07, -2.254482679725193e-07, -2.204259685640213e-07, -2.161404171305283e-07, -2.124745179798992e-07, -2.093328175690651e-07, -2.066355794300888e-07, -2.043165467648641e-07, -2.023211228563508e-07, -2.006022583600497e-07, -1.991193664382065e-07, -1.978420429458844e-07, -1.967388230572068e-07, -1.9578451088755e-07, -1.949615153762352e-07, -1.942483561764655e-07, -1.936304421982749e-07, -1.930959847998946e-07, -1.926319310782099e-07, -1.922298196177508e-07]
