last-generated=2021-05-19
statistics-initialization=
{
  "linear": "30, 100",
  "nonlinear": "1, 1, 1, 0, 1, 0",
  "numerical Jacobians": "0"
}
statistics-simulation=
{
  "linear": "0, 0, 0, 0, 0, 0, 0, 0, 0, 0, 0, 0, 0, 0, 0, 0, 0, 0, 0, 0, 0, 0, 0, 0, 0, 0, 0,   0, 0, 0, 0, 0, 0, 0, 0, 0, 0, 0, 0, 0, 0, 0, 0, 0, 0, 0, 0, 0, 0, 0, 0, 0, 0,   0, 0, 0, 0, 0, 0, 0",
  "nonlinear": " ",
  "number of continuous time states": "120",
  "numerical Jacobians": "0"
}
time=[0e+00, 1.5e+04]
TBor1UTubDyn.T=[2.931499938964844e+02, 2.941492919921875e+02, 2.944513549804688e+02, 2.946117553710938e+02, 2.948703918457031e+02, 2.951921081542969e+02, 2.955205383300781e+02, 2.958465576171875e+02, 2.961623229980469e+02, 2.964593811035156e+02, 2.967317504882812e+02, 2.96976318359375e+02, 2.971919555664062e+02, 2.973791198730469e+02, 2.97539306640625e+02, 2.976747131347656e+02, 2.977879028320312e+02, 2.978815307617188e+02, 2.97958251953125e+02, 2.980205078125e+02, 2.980706176757812e+02, 2.981106262207031e+02, 2.981423034667969e+02, 2.981672058105469e+02, 2.981865844726562e+02, 2.982015991210938e+02, 2.982131042480469e+02, 2.982218933105469e+02, 2.982284851074219e+02, 2.982334594726562e+02, 2.982370910644531e+02, 2.982397766113281e+02, 2.982417297363281e+02, 2.982431335449219e+02, 2.982441101074219e+02, 2.982447814941406e+02, 2.982452392578125e+02, 2.982455444335938e+02, 2.982457275390625e+02, 2.982458190917969e+02, 2.982458801269531e+02, 2.982459106445312e+02, 2.982459106445312e+02, 2.982458801269531e+02, 2.98245849609375e+02, 2.982458190917969e+02, 2.982458190917969e+02, 2.982457885742188e+02, 2.982457580566406e+02, 2.982457580566406e+02, 2.982457275390625e+02, 2.982457275390625e+02, 2.982457275390625e+02, 2.982456970214844e+02, 2.982456970214844e+02, 2.982456970214844e+02, 2.982456665039062e+02, 2.982456665039062e+02, 2.982456665039062e+02, 2.982456665039062e+02, 2.982456665039062e+02, 2.982456665039062e+02, 2.982456665039062e+02, 2.982456665039062e+02, 2.982456665039062e+02, 2.982456665039062e+02, 2.982456665039062e+02, 2.982456665039062e+02, 2.982456665039062e+02, 2.982456665039062e+02, 2.982456665039062e+02, 2.982456665039062e+02, 2.982456665039062e+02, 2.982456665039062e+02, 2.982456665039062e+02, 2.982456665039062e+02, 2.982456665039062e+02, 2.982456665039062e+02, 2.982456665039062e+02, 2.982456665039062e+02, 2.982456665039062e+02, 2.982456665039062e+02, 2.982456665039062e+02, 2.982456665039062e+02, 2.982456359863281e+02, 2.982456359863281e+02, 2.982456359863281e+02, 2.982456359863281e+02, 2.982456359863281e+02, 2.982456359863281e+02, 2.982456359863281e+02, 2.982456665039062e+02, 2.982456665039062e+02, 2.982456665039062e+02, 2.982456665039062e+02, 2.982456665039062e+02, 2.982456665039062e+02, 2.982456665039062e+02, 2.982456665039062e+02, 2.982456665039062e+02, 2.982456665039062e+02]
TBor1UTubSteSta.T=[2.982456665039062e+02, 2.982456665039062e+02]
TBor2UTubDyn.T=[2.931499938964844e+02, 2.939396667480469e+02, 2.941200866699219e+02, 2.941587524414062e+02, 2.941589050292969e+02, 2.941519775390625e+02, 2.941582336425781e+02, 2.941962280273438e+02, 2.942784729003906e+02, 2.944077758789062e+02, 2.94577880859375e+02, 2.947763366699219e+02, 2.949882507324219e+02, 2.951994934082031e+02, 2.953985290527344e+02, 2.955773620605469e+02, 2.957315368652344e+02, 2.958596496582031e+02, 2.959624633789062e+02, 2.960423278808594e+02, 2.961023254394531e+02, 2.961458129882812e+02, 2.961761169433594e+02, 2.961961975097656e+02, 2.962086486816406e+02, 2.96215576171875e+02, 2.962186889648438e+02, 2.9621923828125e+02, 2.962182312011719e+02, 2.962163391113281e+02, 2.962140197753906e+02, 2.96211669921875e+02, 2.962094116210938e+02, 2.962073974609375e+02, 2.962056884765625e+02, 2.962042541503906e+02, 2.96203125e+02, 2.962022094726562e+02, 2.962015380859375e+02, 2.962010192871094e+02, 2.962006530761719e+02, 2.962004089355469e+02, 2.962002563476562e+02, 2.962001647949219e+02, 2.962001037597656e+02, 2.962000732421875e+02, 2.962000732421875e+02, 2.962001037597656e+02, 2.962001342773438e+02, 2.962001342773438e+02, 2.962001647949219e+02, 2.962001953125e+02, 2.962002258300781e+02, 2.962002258300781e+02, 2.962002563476562e+02, 2.962002563476562e+02, 2.962002868652344e+02, 2.962002868652344e+02, 2.962002868652344e+02, 2.962002868652344e+02, 2.962002868652344e+02, 2.962002868652344e+02, 2.962002868652344e+02, 2.962002868652344e+02, 2.962002868652344e+02, 2.962002563476562e+02, 2.962002563476562e+02, 2.962002563476562e+02, 2.962002563476562e+02, 2.962002563476562e+02, 2.962002563476562e+02, 2.962002563476562e+02, 2.962002563476562e+02, 2.962002563476562e+02, 2.962002563476562e+02, 2.962002563476562e+02, 2.962002563476562e+02, 2.962002563476562e+02, 2.962002563476562e+02, 2.962002563476562e+02, 2.962002563476562e+02, 2.962002868652344e+02, 2.962002868652344e+02, 2.962002868652344e+02, 2.962002868652344e+02, 2.962002868652344e+02, 2.962002868652344e+02, 2.962002868652344e+02, 2.962002868652344e+02, 2.962002868652344e+02, 2.962002868652344e+02, 2.962002868652344e+02, 2.962002868652344e+02, 2.962002868652344e+02, 2.962002868652344e+02, 2.962002868652344e+02, 2.962002868652344e+02, 2.962002868652344e+02, 2.962002868652344e+02, 2.962002868652344e+02, 2.962002868652344e+02]
TBor2UTubSteSta.T=[2.962002563476562e+02, 2.962002563476562e+02]
