last-generated=2021-05-09
statistics-initialization=
{
  "nonlinear": "1, 0, 0, 0",
  "numerical Jacobians": "0"
}
statistics-simulation=
{
  "linear": " ",
  "nonlinear": "1, 0",
  "number of continuous time states": "1",
  "numerical Jacobians": "0"
}
time=[0e+00, 2e+01]
pump_dp.m_flow=[2.886288464069366e-01, 2.886288464069366e-01, 2.886288464069366e-01, 9.851566128234762e-17, 6.12434377205895e-19, 8.878809676715015e-21, 2.886288464069366e-01, 2.886288464069366e-01, 9.853919955243354e-17, 6.125800245322176e-19, 8.880930942621816e-21, 2.886288464069366e-01, 2.886288464069366e-01, 9.853898712160121e-17, 6.125800245309706e-19, 8.880930942621816e-21, 2.886288464069366e-01, 2.886288464069366e-01, 9.853898712160184e-17, 6.125800245309745e-19, 8.880930942621816e-21, 2.886288464069366e-01, 2.886288464069366e-01, 9.853898712080073e-17, 6.125934066686551e-19, 8.880930942621816e-21, 2.886288464069366e-01, 2.886288464069366e-01, 9.853898712080073e-17, 1.428587421836849e-18, 8.880930942621816e-21, 2.886288464069366e-01, 2.886288464069366e-01, 9.853898712080073e-17, 1.428587421836807e-18, 8.880930942621816e-21, 2.886288464069366e-01, 2.886288464069366e-01, 9.853898712080199e-17, 1.428587421836807e-18, 8.880930942621816e-21, 2.886288464069366e-01, 2.886288464069366e-01, 9.854037311570949e-17, 1.428587421836807e-18, 8.880930942621816e-21, 2.886288464069366e-01, 2.886288464069366e-01, 9.854037311570949e-17, 1.428587421836807e-18, 8.880930942621816e-21, 2.886288464069366e-01, 2.886288464069366e-01, 9.854037311570365e-17, 1.428587421836807e-18, 8.880930942621816e-21, 2.886288464069366e-01, 2.886288464069366e-01, 9.854037311570949e-17, 1.428587421836891e-18, 8.880930942621816e-21, 2.886288464069366e-01, 2.886288464069366e-01, 9.854037311570949e-17, 1.428587421836807e-18, 8.880930942621816e-21, 2.886288464069366e-01, 2.886288464069366e-01, 9.854037311570365e-17, 1.428587421836891e-18, 8.880930942621816e-21, 2.886288464069366e-01, 2.886288464069366e-01, 9.854037311570949e-17, 1.428587421836807e-18, 8.880930942621816e-21, 2.886288464069366e-01, 2.886288464069366e-01, 9.854037311570365e-17, 1.428587421836807e-18, 8.880930942621816e-21, 2.886288464069366e-01, 2.886288464069366e-01, 9.854037308587075e-17, 1.428562784233097e-18, 8.880930942621816e-21, 2.886288464069366e-01, 2.886288464069366e-01, 9.854037308585909e-17, 1.428562784233097e-18, 8.880930942621816e-21, 2.886288464069366e-01, 2.886288464069366e-01, 9.854037308585909e-17, 1.42856278423317e-18, 8.880930942621816e-21, 2.886288464069366e-01, 2.886288464069366e-01, 9.854037308585909e-17, 1.428562784233097e-18, 8.880930942621816e-21]
