last-generated=2019-05-28
statistics-simulation=
{
  "linear": " ",
  "nonlinear": " ",
  "numerical Jacobians": "0"
}
vessel.enthalpyPort_a.m_flow=[5e-01, 5.626665949821472e-01, 3.756550550460815e-01, 6.840623021125793e-01, 2.591231763362885e-01, 7.938926219940186e-01, 1.5772645175457e-01, 8.852566480636583e-01, 7.783603668212891e-02, 9.524134993553162e-01, 2.447174116969109e-02, 9.911436438560486e-01, 9.866358013823628e-04, 9.99013364315033e-01, 8.85637477040326e-03, 9.755282402038574e-01, 4.758647456765175e-02, 9.221639633178719e-01, 1.147433817386627e-01, 8.422735333442688e-01, 2.061073780059814e-01, 7.408768534660339e-01, 3.15937727689743e-01, 6.243449449539185e-01, 4.373333752155304e-01, 5e-01, 5.626665949821472e-01, 3.756550550460815e-01, 6.840623021125731e-01, 2.591231763362885e-01, 7.938926219940186e-01, 1.5772645175457e-01, 8.852566480636597e-01, 7.783603668212891e-02, 9.524134993553119e-01, 2.447174116969101e-02, 9.911436438560486e-01, 9.866358013823628e-04, 9.99013364315033e-01, 8.856374770402908e-03, 9.755282402038574e-01, 4.758647456765175e-02, 9.221639633178711e-01, 1.147433817386627e-01, 8.422735333442688e-01, 2.061073780059814e-01, 7.408768534660339e-01, 3.15937727689743e-01, 6.243449449539185e-01, 4.373333752155304e-01, 5e-01, 5.626665949821472e-01, 3.756550550460815e-01, 6.840623021125793e-01, 2.591231763362885e-01, 7.938926219940067e-01, 1.577264517545812e-01, 8.852566480636644e-01, 7.783603668212891e-02, 9.524134993553162e-01, 2.447174116969109e-02, 9.911436438560486e-01, 9.866358013823628e-04, 9.99013364315033e-01, 8.856374770402908e-03, 9.755282402038574e-01, 4.758647456765175e-02, 9.221639633178711e-01, 1.14743381738658e-01, 8.422735333442575e-01, 2.061073780059933e-01, 7.408768534660339e-01, 3.15937727689743e-01, 6.243449449539185e-01, 4.373333752155304e-01, 5e-01, 5.626665949821472e-01, 3.756550550460815e-01, 6.840623021125793e-01, 2.591231763362885e-01, 7.938926219940186e-01, 1.5772645175457e-01, 8.852566480636597e-01, 7.783603668212891e-02, 9.524134993553162e-01, 2.447174116969109e-02, 9.911436438560486e-01, 9.866358013823628e-04, 9.99013364315033e-01, 8.856374770402908e-03, 9.755282402038574e-01, 4.758647456765175e-02, 9.221639633178711e-01, 1.147433817386627e-01, 8.422735333442688e-01, 2.061073780059814e-01, 7.408768534660339e-01, 3.15937727689743e-01, 6.243449449539185e-01, 4.373333752155304e-01, 5e-01]
vessel1.enthalpyPort_a.m_flow=[5e-01, 4.373333752155304e-01, 6.243449449539185e-01, 3.15937727689743e-01, 7.408768534660339e-01, 2.061073780059814e-01, 8.422735333442688e-01, 1.14743381738664e-01, 9.221639633178711e-01, 4.758647456765175e-02, 9.755282402038574e-01, 8.856374770402908e-03, 9.99013364315033e-01, 9.866358013823628e-04, 9.911436438560483e-01, 2.447174116969109e-02, 9.524134993553162e-01, 7.783603668212809e-02, 8.852566480636597e-01, 1.5772645175457e-01, 7.938926219940186e-01, 2.591231763362885e-01, 6.840623021125793e-01, 3.756550550460815e-01, 5.626665949821472e-01, 5e-01, 4.373333752155304e-01, 6.243449449539185e-01, 3.159377276897493e-01, 7.408768534660339e-01, 2.061073780059814e-01, 8.422735333442688e-01, 1.147433817386627e-01, 9.221639633178711e-01, 4.758647456765597e-02, 9.755282402038575e-01, 8.856374770402908e-03, 9.99013364315033e-01, 9.866358013823628e-04, 9.911436438560486e-01, 2.447174116969109e-02, 9.524134993553162e-01, 7.783603668212891e-02, 8.852566480636597e-01, 1.5772645175457e-01, 7.938926219940186e-01, 2.591231763362885e-01, 6.840623021125793e-01, 3.756550550460815e-01, 5.626665949821472e-01, 5e-01, 4.373333752155304e-01, 6.243449449539185e-01, 3.15937727689743e-01, 7.408768534660339e-01, 2.061073780059933e-01, 8.422735333442576e-01, 1.14743381738658e-01, 9.221639633178711e-01, 4.758647456765175e-02, 9.755282402038574e-01, 8.856374770402908e-03, 9.99013364315033e-01, 9.866358013823628e-04, 9.911436438560486e-01, 2.447174116969109e-02, 9.524134993553162e-01, 7.783603668212891e-02, 8.852566480636644e-01, 1.577264517545812e-01, 7.938926219940068e-01, 2.591231763362885e-01, 6.840623021125793e-01, 3.756550550460815e-01, 5.626665949821472e-01, 5e-01, 4.373333752155304e-01, 6.243449449539185e-01, 3.15937727689743e-01, 7.408768534660339e-01, 2.061073780059814e-01, 8.422735333442688e-01, 1.147433817386627e-01, 9.221639633178711e-01, 4.758647456765175e-02, 9.755282402038574e-01, 8.856374770402908e-03, 9.99013364315033e-01, 9.866358013823628e-04, 9.911436438560486e-01, 2.447174116969109e-02, 9.524134993553162e-01, 7.783603668212891e-02, 8.852566480636597e-01, 1.5772645175457e-01, 7.938926219940186e-01, 2.591231763362885e-01, 6.840623021125793e-01, 3.756550550460815e-01, 5.626665949821472e-01, 5e-01]
time=[0e+00, 1.728e+05]
