last-generated=2021-05-09
statistics-simulation=
{
  "linear": " ",
  "nonlinear": " ",
  "number of continuous time states": "1",
  "numerical Jacobians": "0"
}
time=[0e+00, 3.6e+03]
hex.m1_flow=[1.000000014901161e-01, 1.000000014901161e-01, 1.000000014901161e-01, 1.000000014901161e-01, 1.000000014901161e-01, 1.000000014901161e-01, 1.000000014901161e-01, 1.000000014901161e-01, 1.000000014901161e-01, 1.000000014901161e-01, 1.000000014901161e-01, 9.009999781847e-02, 8.020000159740448e-02, 7.029999792575836e-02, 6.040000170469283e-02, 5.050000175833702e-02, 4.06000018119812e-02, 3.070000000298023e-02, 2.080000005662441e-02, 1.090000011026859e-02, 1.000000047497451e-03, 1.000000047497451e-03, 1.000000047497451e-03, 1.000000047497451e-03, 1.000000047497451e-03, 1.000000047497451e-03, 1.000000047497451e-03, 1.000000047497451e-03, 1.000000047497451e-03, 1.000000047497451e-03, 1.000000047497451e-03, 1.000000047497451e-03, 1.000000047497451e-03, 1.000000047497451e-03, 1.000000047497451e-03, 1.000000047497451e-03, 1.000000047497451e-03, 1.000000047497451e-03, 1.000000047497451e-03, 1.000000047497451e-03, 1.000000047497451e-03, 1.000000047497451e-03, 1.000000047497451e-03, 1.000000047497451e-03, 1.000000047497451e-03, 1.000000047497451e-03, 1.000000047497451e-03, 1.000000047497451e-03, 1.000000047497451e-03, 1.000000047497451e-03, 1.000000047497451e-03, 1.000000047497451e-03, 1.000000047497451e-03, 1.000000047497451e-03, 1.000000047497451e-03, 1.000000047497451e-03, 1.000000047497451e-03, 1.000000047497451e-03, 1.000000047497451e-03, 1.000000047497451e-03, 1.000000047497451e-03, 1.000000047497451e-03, 1.000000047497451e-03, 1.000000047497451e-03, 1.000000047497451e-03, 1.000000047497451e-03, 1.000000047497451e-03, 1.000000047497451e-03, 1.000000047497451e-03, 1.000000047497451e-03, 1.000000047497451e-03, 1.000000047497451e-03, 1.000000047497451e-03, 1.000000047497451e-03, 1.000000047497451e-03, 1.000000047497451e-03, 1.000000047497451e-03, 1.000000047497451e-03, 1.000000047497451e-03, 1.000000047497451e-03, 1.000000047497451e-03, 1.000000047497451e-03, 1.000000047497451e-03, 1.000000047497451e-03, 1.000000047497451e-03, 1.000000047497451e-03, 1.000000047497451e-03, 1.000000047497451e-03, 1.000000047497451e-03, 1.000000047497451e-03, 1.000000047497451e-03, 1.000000047497451e-03, 1.000000047497451e-03, 1.000000047497451e-03, 1.000000047497451e-03, 1.000000047497451e-03, 1.000000047497451e-03, 1.000000047497451e-03, 1.000000047497451e-03, 1.000000047497451e-03, 1.000000047497451e-03]
hex.m2_flow=[1.400000005960464e-01, 1.400000005960464e-01, 1.400000005960464e-01, 1.400000005960464e-01, 1.400000005960464e-01, 1.400000005960464e-01, 1.400000005960464e-01, 1.400000005960464e-01, 1.400000005960464e-01, 1.400000005960464e-01, 1.400000005960464e-01, 1.400000005960464e-01, 1.400000005960464e-01, 1.400000005960464e-01, 1.400000005960464e-01, 1.400000005960464e-01, 1.400000005960464e-01, 1.400000005960464e-01, 1.400000005960464e-01, 1.400000005960464e-01, 1.400000005960464e-01, 1.400000005960464e-01, 1.400000005960464e-01, 1.400000005960464e-01, 1.400000005960464e-01, 1.400000005960464e-01, 1.400000005960464e-01, 1.400000005960464e-01, 1.400000005960464e-01, 1.400000005960464e-01, 1.400000005960464e-01, 1.400000005960464e-01, 1.400000005960464e-01, 1.400000005960464e-01, 1.400000005960464e-01, 1.400000005960464e-01, 1.400000005960464e-01, 1.400000005960464e-01, 1.400000005960464e-01, 1.400000005960464e-01, 1.400000005960464e-01, 1.400000005960464e-01, 1.400000005960464e-01, 1.400000005960464e-01, 1.400000005960464e-01, 1.400000005960464e-01, 1.400000005960464e-01, 1.400000005960464e-01, 1.400000005960464e-01, 1.400000005960464e-01, 1.400000005960464e-01, 1.120000034570694e-01, 8.399999886751175e-02, 5.60000017285347e-02, 2.800000086426717e-02, -7.140166331002833e-15, -2.800000086426753e-02, -5.60000017285347e-02, -8.399999886751175e-02, -1.120000034570694e-01, -1.400000005960464e-01, -1.260000020265579e-01, -1.120000034570694e-01, -9.799999743700027e-02, -8.399999886751175e-02, -7.000000029802322e-02, -5.60000017285347e-02, -4.199999943375587e-02, -2.800000086426735e-02, -1.400000043213367e-02, 0e+00, 0e+00, 0e+00, 0e+00, 0e+00, 0e+00, 0e+00, 0e+00, 0e+00, 0e+00, 0e+00, 0e+00, 0e+00, 0e+00, 0e+00, 0e+00, 0e+00, 0e+00, 0e+00, 0e+00, 0e+00, 0e+00, 0e+00, 0e+00, 0e+00, 0e+00, 0e+00, 0e+00, 0e+00, 0e+00, 0e+00]
hex.QMax_flow=[3.58412890625e+03, 3.58412890625e+03, 3.58412890625e+03, 3.58412890625e+03, 3.58412890625e+03, 3.58412890625e+03, 3.58412890625e+03, 3.58412890625e+03, 3.58412890625e+03, 3.58412890625e+03, 3.58412890625e+03, 3.58412890625e+03, 3.58412890625e+03, 3.58412890625e+03, 3.58412890625e+03, 3.58412890625e+03, 3.58412890625e+03, 3.211219970703125e+03, 2.175679931640625e+03, 1.140140014648438e+03, 1.045999984741211e+02, 1.045999984741211e+02, 1.045999984741211e+02, 1.045999984741211e+02, 1.045999984741211e+02, 1.045999984741211e+02, 1.045999984741211e+02, 1.045999984741211e+02, 1.045999984741211e+02, 1.045999984741211e+02, 1.045999984741211e+02, 1.045999984741211e+02, 1.045999984741211e+02, 1.045999984741211e+02, 1.045999984741211e+02, 1.045999984741211e+02, 1.045999984741211e+02, 1.045999984741211e+02, 1.045999984741211e+02, 1.045999984741211e+02, 1.045999984741211e+02, 1.045999984741211e+02, 1.045999984741211e+02, 1.045999984741211e+02, 1.045999984741211e+02, 1.045999984741211e+02, 1.045999984741211e+02, 1.045999984741211e+02, 1.045999984741211e+02, 1.045999984741211e+02, 1.045999984741211e+02, 1.045999984741211e+02, 1.045999984741211e+02, 1.045999984741211e+02, 1.045999984741211e+02, 1.807440131152824e-10, 1.045999984741211e+02, 1.045999984741211e+02, 1.045999984741211e+02, 1.045999984741211e+02, 1.045999984741211e+02, 1.045999984741211e+02, 1.045999984741211e+02, 1.045999984741211e+02, 1.045999984741211e+02, 1.045999984741211e+02, 1.045999984741211e+02, 1.045999984741211e+02, 1.045999984741211e+02, 1.045999984741211e+02, 0e+00, 0e+00, 0e+00, 0e+00, 0e+00, 0e+00, 0e+00, 0e+00, 0e+00, 0e+00, 0e+00, 0e+00, 0e+00, 0e+00, 0e+00, 0e+00, 0e+00, 0e+00, 0e+00, 0e+00, 0e+00, 0e+00, 0e+00, 0e+00, 0e+00, 0e+00, 0e+00, 0e+00, 0e+00, 0e+00, 0e+00]
hex.Q1_flow=[2.107042724609375e+03, 2.107042724609375e+03, 2.107042724609375e+03, 2.107042724609375e+03, 2.107042724609375e+03, 2.107042724609375e+03, 2.107042724609375e+03, 2.107042724609375e+03, 2.107042724609375e+03, 2.107042724609375e+03, 2.107042724609375e+03, 2.046235961914062e+03, 1.975120849609375e+03, 1.89084765625e+03, 1.789424194335937e+03, 1.665087158203125e+03, 1.509211059570312e+03, 1.308297729492188e+03, 1.039947998046875e+03, 6.63527099609375e+02, 1.038804626464844e+02, 1.038804626464844e+02, 1.038804626464844e+02, 1.038804626464844e+02, 1.038804626464844e+02, 1.038804626464844e+02, 1.038804626464844e+02, 1.038804626464844e+02, 1.038804626464844e+02, 1.038804626464844e+02, 1.038804626464844e+02, 1.038804626464844e+02, 1.038804626464844e+02, 1.038804626464844e+02, 1.038804626464844e+02, 1.038804626464844e+02, 1.038804626464844e+02, 1.038804626464844e+02, 1.038804626464844e+02, 1.038804626464844e+02, 1.038804626464844e+02, 1.038804626464844e+02, 1.038804626464844e+02, 1.038804626464844e+02, 1.038804626464844e+02, 1.038804626464844e+02, 1.038804626464844e+02, 1.038804626464844e+02, 1.038804626464844e+02, 1.038804626464844e+02, 1.038804626464844e+02, 1.037940063476562e+02, 1.036411361694336e+02, 1.032998733520508e+02, 1.019769973754883e+02, 2.638284619010426e-12, 1.019661865234375e+02, 1.032966766357422e+02, 1.036394577026367e+02, 1.037929077148438e+02, 1.038796615600586e+02, 1.038415756225586e+02, 1.037929077148438e+02, 1.037285461425781e+02, 1.036394577026367e+02, 1.035082244873047e+02, 1.032966766357422e+02, 1.029038925170898e+02, 1.019661865234375e+02, 9.803285980224609e+01, 0e+00, 0e+00, 0e+00, 0e+00, 0e+00, 0e+00, 0e+00, 0e+00, 0e+00, 0e+00, 0e+00, 0e+00, 0e+00, 0e+00, 0e+00, 0e+00, 0e+00, 0e+00, 0e+00, 0e+00, 0e+00, 0e+00, 0e+00, 0e+00, 0e+00, 0e+00, 0e+00, 0e+00, 0e+00, 0e+00, 0e+00]
hex.Q2_flow=[-2.107042724609375e+03, -2.107042724609375e+03, -2.107042724609375e+03, -2.107042724609375e+03, -2.107042724609375e+03, -2.107042724609375e+03, -2.107042724609375e+03, -2.107042724609375e+03, -2.107042724609375e+03, -2.107042724609375e+03, -2.107042724609375e+03, -2.046235961914062e+03, -1.975120849609375e+03, -1.89084765625e+03, -1.789424194335937e+03, -1.665087158203125e+03, -1.509211059570312e+03, -1.308297729492188e+03, -1.039947998046875e+03, -6.63527099609375e+02, -1.038804626464844e+02, -1.038804626464844e+02, -1.038804626464844e+02, -1.038804626464844e+02, -1.038804626464844e+02, -1.038804626464844e+02, -1.038804626464844e+02, -1.038804626464844e+02, -1.038804626464844e+02, -1.038804626464844e+02, -1.038804626464844e+02, -1.038804626464844e+02, -1.038804626464844e+02, -1.038804626464844e+02, -1.038804626464844e+02, -1.038804626464844e+02, -1.038804626464844e+02, -1.038804626464844e+02, -1.038804626464844e+02, -1.038804626464844e+02, -1.038804626464844e+02, -1.038804626464844e+02, -1.038804626464844e+02, -1.038804626464844e+02, -1.038804626464844e+02, -1.038804626464844e+02, -1.038804626464844e+02, -1.038804626464844e+02, -1.038804626464844e+02, -1.038804626464844e+02, -1.038804626464844e+02, -1.037940063476562e+02, -1.036411361694336e+02, -1.032998733520508e+02, -1.019769973754883e+02, -2.638284619010426e-12, -1.019661865234375e+02, -1.032966766357422e+02, -1.036394577026367e+02, -1.037929077148438e+02, -1.038796615600586e+02, -1.038415756225586e+02, -1.037929077148438e+02, -1.037285461425781e+02, -1.036394577026367e+02, -1.035082244873047e+02, -1.032966766357422e+02, -1.029038925170898e+02, -1.019661865234375e+02, -9.803285980224609e+01, -0e+00, -0e+00, -0e+00, -0e+00, -0e+00, -0e+00, -0e+00, -0e+00, -0e+00, -0e+00, -0e+00, -0e+00, -0e+00, -0e+00, -0e+00, -0e+00, -0e+00, -0e+00, -0e+00, -0e+00, -0e+00, -0e+00, -0e+00, -0e+00, -0e+00, -0e+00, -0e+00, -0e+00, -0e+00, -0e+00, -0e+00]
hex.hA.hA_1=[3.606768188476562e+02, 3.606768188476562e+02, 3.606768188476562e+02, 3.606768188476562e+02, 3.606768188476562e+02, 3.606768188476562e+02, 3.606768188476562e+02, 3.606768188476562e+02, 3.606768188476562e+02, 3.606768188476562e+02, 3.606768188476562e+02, 3.300914611816406e+02, 2.989967346191406e+02, 2.673192749023438e+02, 2.349630889892578e+02, 2.017975616455078e+02, 1.6763525390625e+02, 1.321861267089844e+02, 9.494499206542969e+01, 5.481895446777344e+01, 2.340982246398926e+01, 2.340982246398926e+01, 2.340982246398926e+01, 2.340982246398926e+01, 2.340982246398926e+01, 2.340982246398926e+01, 2.340982246398926e+01, 2.340982246398926e+01, 2.340982246398926e+01, 2.340982246398926e+01, 2.340982246398926e+01, 2.340982246398926e+01, 2.340982246398926e+01, 2.340982246398926e+01, 2.340982246398926e+01, 2.340982246398926e+01, 2.340982246398926e+01, 2.340982246398926e+01, 2.340982246398926e+01, 2.340982246398926e+01, 2.340982246398926e+01, 2.340982246398926e+01, 2.340982246398926e+01, 2.340982246398926e+01, 2.340982246398926e+01, 2.340982246398926e+01, 2.340982246398926e+01, 2.340982246398926e+01, 2.340982246398926e+01, 2.340982246398926e+01, 2.340982246398926e+01, 2.340982246398926e+01, 2.340982246398926e+01, 2.340982246398926e+01, 2.340982246398926e+01, 2.340982246398926e+01, 2.340982246398926e+01, 2.340982246398926e+01, 2.340982246398926e+01, 2.340982246398926e+01, 2.340982246398926e+01, 2.340982246398926e+01, 2.340982246398926e+01, 2.340982246398926e+01, 2.340982246398926e+01, 2.340982246398926e+01, 2.340982246398926e+01, 2.340982246398926e+01, 2.340982246398926e+01, 2.340982246398926e+01, 2.340982246398926e+01, 2.340982246398926e+01, 2.340982246398926e+01, 2.340982246398926e+01, 2.340982246398926e+01, 2.340982246398926e+01, 2.340982246398926e+01, 2.340982246398926e+01, 2.340982246398926e+01, 2.340982246398926e+01, 2.340982246398926e+01, 2.340982246398926e+01, 2.340982246398926e+01, 2.340982246398926e+01, 2.340982246398926e+01, 2.340982246398926e+01, 2.340982246398926e+01, 2.340982246398926e+01, 2.340982246398926e+01, 2.340982246398926e+01, 2.340982246398926e+01, 2.340982246398926e+01, 2.340982246398926e+01, 2.340982246398926e+01, 2.340982246398926e+01, 2.340982246398926e+01, 2.340982246398926e+01, 2.340982246398926e+01, 2.340982246398926e+01, 2.340982246398926e+01, 2.340982246398926e+01]
hex.hA.hA_2=[2.404512176513672e+02, 2.404512176513672e+02, 2.404512176513672e+02, 2.404512176513672e+02, 2.404512176513672e+02, 2.404512176513672e+02, 2.404512176513672e+02, 2.404512176513672e+02, 2.404512176513672e+02, 2.404512176513672e+02, 2.404512176513672e+02, 2.404512176513672e+02, 2.404512176513672e+02, 2.404512176513672e+02, 2.404512176513672e+02, 2.404512176513672e+02, 2.404512176513672e+02, 2.404512176513672e+02, 2.404512176513672e+02, 2.404512176513672e+02, 2.404512176513672e+02, 2.404512176513672e+02, 2.404512176513672e+02, 2.404512176513672e+02, 2.404512176513672e+02, 2.404512176513672e+02, 2.404512176513672e+02, 2.404512176513672e+02, 2.404512176513672e+02, 2.404512176513672e+02, 2.404512176513672e+02, 2.404512176513672e+02, 2.404512176513672e+02, 2.404512176513672e+02, 2.404512176513672e+02, 2.404512176513672e+02, 2.404512176513672e+02, 2.404512176513672e+02, 2.404512176513672e+02, 2.404512176513672e+02, 2.404512176513672e+02, 2.404512176513672e+02, 2.404512176513672e+02, 2.404512176513672e+02, 2.404512176513672e+02, 2.404512176513672e+02, 2.404512176513672e+02, 2.404512176513672e+02, 2.404512176513672e+02, 2.404512176513672e+02, 2.404512176513672e+02, 2.011402435302734e+02, 1.597893981933594e+02, 1.155247344970703e+02, 6.635153198242153e+01, 1.829229545593274e+01, 6.63515319824222e+01, 1.155247344970703e+02, 1.597893981933594e+02, 2.011402435302734e+02, 2.404512176513672e+02, 2.210146179199219e+02, 2.011402435302734e+02, 1.807612762451172e+02, 1.597893981933594e+02, 1.381029510498047e+02, 1.155247344970703e+02, 9.177490997314453e+01, 6.635153198242188e+01, 3.810894775390625e+01, 1.829229545593262e+01, 1.829229545593262e+01, 1.829229545593262e+01, 1.829229545593262e+01, 1.829229545593262e+01, 1.829229545593262e+01, 1.829229545593262e+01, 1.829229545593262e+01, 1.829229545593262e+01, 1.829229545593262e+01, 1.829229545593262e+01, 1.829229545593262e+01, 1.829229545593262e+01, 1.829229545593262e+01, 1.829229545593262e+01, 1.829229545593262e+01, 1.829229545593262e+01, 1.829229545593262e+01, 1.829229545593262e+01, 1.829229545593262e+01, 1.829229545593262e+01, 1.829229545593262e+01, 1.829229545593262e+01, 1.829229545593262e+01, 1.829229545593262e+01, 1.829229545593262e+01, 1.829229545593262e+01, 1.829229545593262e+01, 1.829229545593262e+01, 1.829229545593262e+01, 1.829229545593262e+01]
