last-generated=2024-12-16
statistics-simulation=
{
  "linear": " ",
  "nonlinear": " ",
  "number of continuous time states": "3",
  "numerical Jacobians": "0"
}
time=[1.0368e+07, 1.05408e+07]
pvt.PEle=[0e+00, 0e+00, 0e+00, 0e+00, 0e+00, 0e+00, 0e+00, 0e+00, 0e+00, 0e+00, 0e+00, 0e+00, 0e+00, 0e+00, 0e+00, 4.528518676757812e+01, 1.542820129394531e+02, 2.748499450683594e+02, 4.025543212890625e+02, 5.17582275390625e+02, 5.949520874023438e+02, 3.70523193359375e+02, 2.462821502685547e+02, 4.956688842773438e+02, 7.27772216796875e+02, 8.313567504882812e+02, 8.123155517578125e+02, 6.187950439453125e+02, 4.091544494628906e+02, 2.412779998779297e+02, 1.264820785522461e+02, 1.280812835693359e+02, 1.596397247314453e+02, 1.844789886474609e+02, 1.937689666748047e+02, 1.941854553222656e+02, 1.808716888427734e+02, 1.337353057861328e+02, 6.31741828918457e+01, 1.135594367980957e+01, 3.764497995376587e+00, 1.789102554321289e+00, 1.482111930847168e+00, 1.717015266418457e+00, 1.272033214569092e+00, 0e+00, 0e+00, 0e+00, 0e+00, 0e+00, 0e+00, 0e+00, 0e+00, 0e+00, 0e+00, 0e+00, 0e+00, 0e+00, 0e+00, 0e+00, 0e+00, 0e+00, 0e+00, 0e+00, 0e+00, 0e+00, 1.968862152099609e+01, 1.050625839233398e+02, 2.426177215576172e+02, 4.650311889648438e+02, 6.358137817382812e+02, 7.245419921875e+02, 8.05599609375e+02, 8.863677978515625e+02, 9.566016845703125e+02, 1.101188598632812e+03, 1.1700166015625e+03, 1.05655712890625e+03, 9.17029052734375e+02, 7.860899658203125e+02, 6.637952880859375e+02, 5.543444213867188e+02, 4.429135131835938e+02, 3.328895263671875e+02, 2.309698791503906e+02, 1.724985809326172e+02, 1.571857452392578e+02, 1.203615036010742e+02, 6.570040130615234e+01, 0e+00, 0e+00, 0e+00, 0e+00, 0e+00, 0e+00, 0e+00, 0e+00, 0e+00, 0e+00, 0e+00, 0e+00]
pvt.vol[1].T=[2.931499938964844e+02, 2.922305908203125e+02, 2.923358459472656e+02, 2.923518676757812e+02, 2.923225708007812e+02, 2.922480773925781e+02, 2.921661376953125e+02, 2.920836486816406e+02, 2.920007629394531e+02, 2.919512023925781e+02, 2.9204931640625e+02, 2.921271362304688e+02, 2.922022705078125e+02, 2.923003540039062e+02, 2.924026184082031e+02, 2.930715026855469e+02, 2.94420654296875e+02, 2.959663391113281e+02, 2.976017150878906e+02, 2.991490478515625e+02, 3.003834533691406e+02, 2.988267517089844e+02, 2.963522033691406e+02, 2.983143920898438e+02, 3.015744934082031e+02, 3.032112426757812e+02, 3.03594482421875e+02, 3.017567443847656e+02, 2.991199035644531e+02, 2.969503784179688e+02, 2.951560668945312e+02, 2.947642517089844e+02, 2.950672607421875e+02, 2.954081726074219e+02, 2.955910949707031e+02, 2.9562255859375e+02, 2.955483093261719e+02, 2.950788269042969e+02, 2.942739868164062e+02, 2.934881591796875e+02, 2.932399291992188e+02, 2.9318896484375e+02, 2.931767883300781e+02, 2.931784362792969e+02, 2.931758728027344e+02, 2.931517639160156e+02, 2.931127624511719e+02, 2.930699462890625e+02, 2.930232238769531e+02, 2.929666748046875e+02, 2.929066467285156e+02, 2.928675231933594e+02, 2.928385620117188e+02, 2.927916259765625e+02, 2.927383728027344e+02, 2.926800842285156e+02, 2.926184387207031e+02, 2.925680541992188e+02, 2.925286865234375e+02, 2.924930114746094e+02, 2.924620666503906e+02, 2.924452209472656e+02, 2.924388427734375e+02, 2.924813232421875e+02, 2.926236877441406e+02, 2.928180236816406e+02, 2.930559692382812e+02, 2.938607788085938e+02, 2.953994140625e+02, 2.978816223144531e+02, 3.003722229003906e+02, 3.017107543945312e+02, 3.02744384765625e+02, 3.037889709472656e+02, 3.0470947265625e+02, 3.061803588867188e+02, 3.075407409667969e+02, 3.066944274902344e+02, 3.050595397949219e+02, 3.034582214355469e+02, 3.018930358886719e+02, 3.005368041992188e+02, 2.991571044921875e+02, 2.977629699707031e+02, 2.964212951660156e+02, 2.954575805664062e+02, 2.95169677734375e+02, 2.947391662597656e+02, 2.941597595214844e+02, 2.932560729980469e+02, 2.92906494140625e+02, 2.927370300292969e+02, 2.926075134277344e+02, 2.925551147460938e+02, 2.925372314453125e+02, 2.925634765625e+02, 2.925897827148438e+02, 2.925540466308594e+02, 2.925112609863281e+02, 2.925314331054688e+02, 2.9256201171875e+02]
pvt.vol[2].T=[2.931499938964844e+02, 2.914743347167969e+02, 2.916174011230469e+02, 2.916657104492188e+02, 2.916202087402344e+02, 2.914897766113281e+02, 2.913387145996094e+02, 2.91186279296875e+02, 2.910331726074219e+02, 2.909268493652344e+02, 2.910827941894531e+02, 2.912383728027344e+02, 2.913715515136719e+02, 2.915541076660156e+02, 2.917308044433594e+02, 2.928195190429688e+02, 2.952259216308594e+02, 2.980614318847656e+02, 3.010726013183594e+02, 3.039620361328125e+02, 3.063192138671875e+02, 3.041719970703125e+02, 2.993945922851562e+02, 3.021683959960938e+02, 3.081723327636719e+02, 3.114370422363281e+02, 3.124477233886719e+02, 3.094862060546875e+02, 3.047169189453125e+02, 3.006422424316406e+02, 2.971827087402344e+02, 2.961765441894531e+02, 2.966480712890625e+02, 2.972883911132812e+02, 2.976668090820312e+02, 2.977473449707031e+02, 2.976490478515625e+02, 2.968575439453125e+02, 2.954243469238281e+02, 2.939177856445312e+02, 2.933476867675781e+02, 2.932301330566406e+02, 2.932014465332031e+02, 2.932024841308594e+02, 2.9319970703125e+02, 2.931594543457031e+02, 2.930888061523438e+02, 2.930095825195312e+02, 2.929233703613281e+02, 2.928204345703125e+02, 2.927080078125e+02, 2.926300354003906e+02, 2.925762023925781e+02, 2.924923706054688e+02, 2.92394287109375e+02, 2.922872314453125e+02, 2.92172607421875e+02, 2.920762939453125e+02, 2.920014038085938e+02, 2.919346923828125e+02, 2.918758544921875e+02, 2.918424377441406e+02, 2.918271789550781e+02, 2.918939819335938e+02, 2.921376953125e+02, 2.924937438964844e+02, 2.929162292480469e+02, 2.942600708007812e+02, 2.969856567382812e+02, 3.01365478515625e+02, 3.060660400390625e+02, 3.08696044921875e+02, 3.106139831542969e+02, 3.125275573730469e+02, 3.142288513183594e+02, 3.167360534667969e+02, 3.193769226074219e+02, 3.182246704101562e+02, 3.153513488769531e+02, 3.1243603515625e+02, 3.095646057128906e+02, 3.070651550292969e+02, 3.045455017089844e+02, 3.019784545898438e+02, 2.994789123535156e+02, 2.975885009765625e+02, 2.969565734863281e+02, 2.961971130371094e+02, 2.951716918945312e+02, 2.935198669433594e+02, 2.927390747070312e+02, 2.924170837402344e+02, 2.921605529785156e+02, 2.920513305664062e+02, 2.920114440917969e+02, 2.920511474609375e+02, 2.921044006347656e+02, 2.9205078125e+02, 2.919673156738281e+02, 2.919922790527344e+02, 2.920514526367188e+02]
pvt.vol[3].T=[2.931499938964844e+02, 2.909075622558594e+02, 2.909847717285156e+02, 2.910727844238281e+02, 2.910213623046875e+02, 2.90850830078125e+02, 2.906420593261719e+02, 2.9043017578125e+02, 2.902174072265625e+02, 2.900560302734375e+02, 2.902362670898438e+02, 2.904627990722656e+02, 2.906444702148438e+02, 2.90896484375e+02, 2.911356811523438e+02, 2.924811401367188e+02, 2.956848754882812e+02, 2.995859375e+02, 3.037457885742188e+02, 3.07777587890625e+02, 3.111165466308594e+02, 3.089682922363281e+02, 3.023668518066406e+02, 3.051021423339844e+02, 3.132117614746094e+02, 3.180464782714844e+02, 3.197744445800781e+02, 3.1624560546875e+02, 3.098630981445312e+02, 3.041495971679688e+02, 2.992184448242188e+02, 2.974542846679688e+02, 2.979567260742188e+02, 2.988465881347656e+02, 2.994186401367188e+02, 2.99565673828125e+02, 2.994688110351562e+02, 2.984707336425781e+02, 2.965588989257812e+02, 2.944241943359375e+02, 2.934827880859375e+02, 2.932754516601562e+02, 2.932250366210938e+02, 2.932230529785156e+02, 2.93220947265625e+02, 2.931705017089844e+02, 2.930750122070312e+02, 2.929649047851562e+02, 2.9284521484375e+02, 2.927040405273438e+02, 2.925467529296875e+02, 2.924314575195312e+02, 2.923547668457031e+02, 2.922421875e+02, 2.921065979003906e+02, 2.919585571289062e+02, 2.917988891601562e+02, 2.916611022949219e+02, 2.91553955078125e+02, 2.914599609375e+02, 2.913764038085938e+02, 2.913263854980469e+02, 2.913016967773438e+02, 2.913810729980469e+02, 2.916945495605469e+02, 2.92181640625e+02, 2.927544860839844e+02, 2.944573974609375e+02, 2.980768432617188e+02, 3.038953552246094e+02, 3.104533386230469e+02, 3.14312744140625e+02, 3.169939575195312e+02, 3.196093139648438e+02, 3.219542236328125e+02, 3.251882019042969e+02, 3.288832092285156e+02, 3.278046264648438e+02, 3.240726013183594e+02, 3.201170349121094e+02, 3.161990661621094e+02, 3.127569274902344e+02, 3.093145751953125e+02, 3.0578125e+02, 3.02305908203125e+02, 2.995696411132812e+02, 2.985372619628906e+02, 2.975231628417969e+02, 2.961449279785156e+02, 2.939021606445312e+02, 2.926510314941406e+02, 2.921722412109375e+02, 2.91796875e+02, 2.916262817382812e+02, 2.915613403320312e+02, 2.91604736328125e+02, 2.916817016601562e+02, 2.9162353515625e+02, 2.915056457519531e+02, 2.915239868164062e+02, 2.916064147949219e+02]
pvt.vol[1].heatPort.Q_flow=[-1.916602325439453e+02, -1.511187438964844e+02, -1.330361480712891e+02, -1.339658966064453e+02, -1.409934997558594e+02, -1.546721801757812e+02, -1.684261779785156e+02, -1.822487487792969e+02, -1.961423797607422e+02, -1.990168762207031e+02, -1.786981658935547e+02, -1.687440338134766e+02, -1.541193542480469e+02, -1.3893798828125e+02, -1.138256912231445e+02, 3.873868560791016e+01, 2.798580322265625e+02, 5.44103759765625e+02, 8.20328857421875e+02, 1.069508422851562e+03, 1.240028076171875e+03, 7.997557983398438e+02, 5.252289428710938e+02, 1.018382507324219e+03, 1.5110576171875e+03, 1.740388427734375e+03, 1.712916015625e+03, 1.324474243164062e+03, 8.892476196289062e+02, 5.340477905273438e+02, 2.835907287597656e+02, 2.752603149414062e+02, 3.385668334960938e+02, 3.9149072265625e+02, 4.127510375976562e+02, 4.14922119140625e+02, 3.893698120117188e+02, 2.939499816894531e+02, 1.461764221191406e+02, 3.211951065063477e+01, 1.087527847290039e+01, 5.426991939544678e+00, 4.345774173736572e+00, 4.898008823394775e+00, 3.784460306167603e+00, -1.269082903862e+00, -8.125238418579102e+00, -1.544104862213135e+01, -2.34618091583252e+01, -3.352969741821289e+01, -4.318095397949219e+01, -4.854367828369141e+01, -5.383882904052734e+01, -6.232732009887695e+01, -7.140853881835938e+01, -8.149351501464844e+01, -9.162176513671875e+01, -9.938698577880859e+01, -1.056623916625977e+02, -1.115094833374023e+02, -1.162332382202148e+02, -1.188189086914062e+02, -1.1849951171875e+02, -1.077989959716797e+02, -7.955243682861328e+01, -4.664990234375e+01, 2.233952522277832e+00, 1.765217590332031e+02, 4.62106201171875e+02, 9.229269409179688e+02, 1.2879658203125e+03, 1.48240234375e+03, 1.654977783203125e+03, 1.825609375e+03, 1.974182739257812e+03, 2.268718017578125e+03, 2.418393310546875e+03, 2.2004306640625e+03, 1.91735986328125e+03, 1.646875244140625e+03, 1.397528564453125e+03, 1.175031372070312e+03, 9.413605346679688e+02, 7.086004028320312e+02, 4.916798095703125e+02, 3.624495239257812e+02, 3.249807434082031e+02, 2.457348480224609e+02, 1.306703033447266e+02, -1.581219863891602e+01, -4.771109008789062e+01, -7.714630889892578e+01, -9.435526275634766e+01, -1.010869293212891e+02, -1.024720764160156e+02, -9.633867645263672e+01, -9.383635711669922e+01, -1.023137283325195e+02, -1.074434814453125e+02, -1.017266311645508e+02, -9.805732727050781e+01]
pvt.vol[2].heatPort.Q_flow=[-1.916602325439453e+02, -1.302593078613281e+02, -1.13375617980957e+02, -1.151777725219727e+02, -1.217020034790039e+02, -1.337237854003906e+02, -1.454383392333984e+02, -1.571772918701172e+02, -1.689580993652344e+02, -1.702122192382812e+02, -1.517474975585938e+02, -1.440514678955078e+02, -1.310764770507812e+02, -1.182084884643555e+02, -9.502253723144531e+01, 4.582681274414062e+01, 2.572116394042969e+02, 4.846517944335938e+02, 7.202908325195312e+02, 9.284360961914062e+02, 1.063522827148438e+03, 6.447481079101562e+02, 4.405989685058594e+02, 9.080079345703125e+02, 1.312984130859375e+03, 1.487946166992188e+03, 1.439259155273438e+03, 1.091991455078125e+03, 7.28412109375e+02, 4.32126220703125e+02, 2.294297485351562e+02, 2.378312377929688e+02, 2.964367980957031e+02, 3.410354614257812e+02, 3.568378601074219e+02, 3.576958618164062e+02, 3.329502258300781e+02, 2.467140502929688e+02, 1.160696029663086e+02, 2.101654815673828e+01, 8.101859092712402e+00, 4.367498874664307e+00, 3.710924863815308e+00, 4.279141426086426e+00, 3.171032905578613e+00, -1.466761350631714e+00, -7.505707740783691e+00, -1.387315940856934e+01, -2.085762023925781e+01, -2.969842720031738e+01, -3.795385360717773e+01, -4.227949142456055e+01, -4.690182495117188e+01, -5.438404083251953e+01, -6.22374382019043e+01, -7.097586822509766e+01, -7.963275146484375e+01, -8.611791229248047e+01, -9.139715576171875e+01, -9.636578369140625e+01, -1.002955703735352e+02, -1.023755874633789e+02, -1.017354965209961e+02, -9.166667175292969e+01, -6.621891021728516e+01, -3.773657989501953e+01, 6.092204093933105e+00, 1.653568115234375e+02, 4.166793518066406e+02, 8.194638671875e+02, 1.112853149414062e+03, 1.263951049804688e+03, 1.405990844726562e+03, 1.545774536132812e+03, 1.666051513671875e+03, 1.920871826171875e+03, 2.02129345703125e+03, 1.818423706054688e+03, 1.584481689453125e+03, 1.363265869140625e+03, 1.1623193359375e+03, 9.807105712890625e+02, 7.843464965820312e+02, 5.883125610351562e+02, 4.062760009765625e+02, 3.038674011230469e+02, 2.760021667480469e+02, 2.058791809082031e+02, 1.032043991088867e+02, -2.285342216491699e+01, -4.325825881958008e+01, -6.857200622558594e+01, -8.231768035888672e+01, -8.748355865478516e+01, -8.826734924316406e+01, -8.253626251220703e+01, -8.077285766601562e+01, -8.871675109863281e+01, -9.271565246582031e+01, -8.716797637939453e+01, -8.42913818359375e+01]
pvt.vol[3].heatPort.Q_flow=[-1.916602325439453e+02, -1.147547607421875e+02, -9.620995330810547e+01, -9.907170867919922e+01, -1.053867645263672e+02, -1.162247161865234e+02, -1.262647323608398e+02, -1.362656097412109e+02, -1.462869720458984e+02, -1.460062561035156e+02, -1.284052429199219e+02, -1.227246627807617e+02, -1.111017608642578e+02, -1.000981903076172e+02, -7.849462127685547e+01, 5.531058883666992e+01, 2.442059783935547e+02, 4.404500122070312e+02, 6.404412231445312e+02, 8.109815063476562e+02, 9.120819702148438e+02, 4.973572082519531e+02, 3.5486865234375e+02, 8.205901489257812e+02, 1.151687377929688e+03, 1.268375122070312e+03, 1.1925546875e+03, 8.71970458984375e+02, 5.7109716796875e+02, 3.309888305664062e+02, 1.736142120361328e+02, 2.033817901611328e+02, 2.609147033691406e+02, 2.983069458007812e+02, 3.08505126953125e+02, 3.074991760253906e+02, 2.828600769042969e+02, 2.029403381347656e+02, 8.593424987792969e+01, 7.847531795501709e+00, 4.618631839752197e+00, 3.201420307159424e+00, 3.10357666015625e+00, 3.750043392181396e+00, 2.62419056892395e+00, -1.751952528953552e+00, -7.148778438568115e+00, -1.271398830413818e+01, -1.88224925994873e+01, -2.665481948852539e+01, -3.372090148925781e+01, -3.705639266967773e+01, -4.106477355957031e+01, -4.776657485961914e+01, -5.460079956054688e+01, -6.221675109863281e+01, -6.963461303710938e+01, -7.497879028320312e+01, -7.936506652832031e+01, -8.357319641113281e+01, -8.680842590332031e+01, -8.839646911621094e+01, -8.743558502197266e+01, -7.767552185058594e+01, -5.413096237182617e+01, -2.919114875793457e+01, 1.054967021942139e+01, 1.598195953369141e+02, 3.849316711425781e+02, 7.417362670898438e+02, 9.703745727539062e+02, 1.076219604492188e+03, 1.188619018554688e+03, 1.299875610351562e+03, 1.393253295898438e+03, 1.614925415039062e+03, 1.667734375e+03, 1.466515625e+03, 1.274102294921875e+03, 1.098784912109375e+03, 9.42708740234375e+02, 7.994197998046875e+02, 6.371121215820312e+02, 4.745963745117188e+02, 3.244747619628906e+02, 2.480128784179688e+02, 2.317675628662109e+02, 1.689989776611328e+02, 7.645926666259766e+01, -3.30988655090332e+01, -4.092028427124023e+01, -6.203455352783203e+01, -7.25736083984375e+01, -7.607332611083984e+01, -7.618267059326172e+01, -7.058303833007812e+01, -6.946262359619141e+01, -7.724215698242188e+01, -8.029544830322266e+01, -7.4602294921875e+01, -7.236412811279297e+01]
