last-generated=2022-07-25
statistics-simulation=
{
  "linear": " ",
  "nonlinear": " ",
  "number of continuous time states": "1",
  "numerical Jacobians": "0"
}
time=[0e+00, 1e+04]
nSet=[0e+00, 0e+00, 0e+00, 0e+00, 0e+00, 0e+00, 0e+00, 0e+00, 0e+00, 0e+00, 0e+00, 0e+00, 0e+00, 0e+00, 0e+00, 0e+00, 0e+00, 0e+00, 0e+00, 8.305516093969345e-02, 2.111137211322784e-01, 3.851323127746582e-01, 5.998232364654541e-01, 8.486632704734802e-01, 1e+00, 1e+00, 1e+00, 1e+00, 1e+00, 1e+00, 1e+00, 1e+00, 1e+00, 1e+00, 1e+00, 1e+00, 9.951521158218384e-01, 0e+00, 0e+00, 0e+00, 0e+00, 0e+00, 0e+00, 0e+00, 0e+00, 0e+00, 0e+00, 0e+00, 0e+00, 0e+00, 0e+00, 0e+00, 0e+00, 0e+00, 0e+00, 8.305543661117554e-02, 2.111139893531813e-01, 3.85132580995558e-01, 5.99823534488678e-01, 8.486635088920593e-01, 1e+00, 1e+00, 1e+00, 1e+00, 1e+00, 1e+00, 1e+00, 1e+00, 1e+00, 1e+00, 1e+00, 1e+00, 9.951521158218384e-01, 0e+00, 0e+00, 0e+00, 0e+00, 0e+00, 0e+00, 0e+00, 0e+00, 0e+00, 0e+00, 0e+00, 0e+00, 0e+00, 0e+00, 0e+00, 0e+00, 0e+00, 0e+00, 8.305543661117554e-02, 2.111139893531799e-01, 3.851325809955597e-01, 5.99823534488678e-01, 8.486635088920593e-01, 1e+00, 1e+00, 1e+00, 1e+00, 1e+00]
TSet=[3.1e+02, 3.1e+02]
TMea=[3.1e+02, 3.110419006347656e+02, 3.120521240234375e+02, 3.13e+02, 3.138567199707031e+02, 3.145962524414062e+02, 3.151961669921875e+02, 3.156381530761719e+02, 3.159088439941406e+02, 3.16e+02, 3.159088439941406e+02, 3.156381530761719e+02, 3.151961669921875e+02, 3.145962524414062e+02, 3.138567199707031e+02, 3.13e+02, 3.120521240234375e+02, 3.110419006347656e+02, 3.1e+02, 3.089580993652344e+02, 3.079478759765625e+02, 3.07e+02, 3.061432800292969e+02, 3.054037475585938e+02, 3.048038330078125e+02, 3.043618469238281e+02, 3.040911560058594e+02, 3.04e+02, 3.040911560058594e+02, 3.043618469238281e+02, 3.048038330078125e+02, 3.054037475585938e+02, 3.061432800292969e+02, 3.07e+02, 3.079478759765625e+02, 3.089580993652344e+02, 3.1e+02, 3.110419006347656e+02, 3.120521240234375e+02, 3.13e+02, 3.138567199707031e+02, 3.145962524414062e+02, 3.151961669921875e+02, 3.156381530761719e+02, 3.159088439941406e+02, 3.16e+02, 3.159088439941406e+02, 3.156381530761719e+02, 3.151961669921875e+02, 3.145962524414062e+02, 3.138567199707031e+02, 3.13e+02, 3.120521240234375e+02, 3.110419006347656e+02, 3.1e+02, 3.089580993652344e+02, 3.079478759765625e+02, 3.07e+02, 3.061432800292969e+02, 3.054037475585938e+02, 3.048038330078125e+02, 3.043618469238281e+02, 3.040911560058594e+02, 3.04e+02, 3.040911560058594e+02, 3.043618469238281e+02, 3.048038330078125e+02, 3.054037475585938e+02, 3.061432800292969e+02, 3.07e+02, 3.079478759765625e+02, 3.089580993652344e+02, 3.1e+02, 3.110419006347656e+02, 3.120521240234375e+02, 3.13e+02, 3.138567199707031e+02, 3.145962524414062e+02, 3.151961669921875e+02, 3.156381530761719e+02, 3.159088439941406e+02, 3.16e+02, 3.159088439941406e+02, 3.156381530761719e+02, 3.151961669921875e+02, 3.145962524414062e+02, 3.138567199707031e+02, 3.13e+02, 3.120521240234375e+02, 3.110419006347656e+02, 3.1e+02, 3.089580993652344e+02, 3.079478759765625e+02, 3.07e+02, 3.061432800292969e+02, 3.054037475585938e+02, 3.048038330078125e+02, 3.043618469238281e+02, 3.040911560058594e+02, 3.04e+02, 3.040911560058594e+02]
