last-generated=2024-07-19
statistics-initialization=
{
  "linear": "0"
}
statistics-simulation=
{
  "linear": " ",
  "nonlinear": "1, 1",
  "number of continuous time states": "6",
  "numerical Jacobians": "0"
}
time=[0e+00, 1.2e+03]
TSet.y=[3.531499938964844e+02, 3.531499938964844e+02]
combinedHeatPower.senTHot.T=[2.931499938964844e+02, 3.247222900390625e+02, 3.337673950195312e+02, 3.406928405761719e+02, 3.459860534667969e+02, 3.500254211425781e+02, 3.531043701171875e+02, 3.554481506347656e+02, 3.57231201171875e+02, 3.585867309570312e+02, 3.596168518066406e+02, 3.60399169921875e+02, 3.609931030273438e+02, 3.614440002441406e+02, 3.617863464355469e+02, 3.62046142578125e+02, 3.622433166503906e+02, 3.623928833007812e+02, 3.625064086914062e+02, 3.625924987792969e+02, 3.626578369140625e+02, 3.627074279785156e+02, 3.627449951171875e+02, 3.627735290527344e+02, 3.62795166015625e+02, 3.628115844726562e+02, 3.628240661621094e+02, 3.6283349609375e+02, 3.628406677246094e+02, 3.628460998535156e+02, 3.628502197265625e+02, 3.51466796875e+02, 3.426469116210938e+02, 3.359141540527344e+02, 3.307493286132812e+02, 3.267692260742188e+02, 3.236861572265625e+02, 3.212864990234375e+02, 3.194056701660156e+02, 3.179310913085938e+02, 3.168027648925781e+02, 3.159405212402344e+02, 3.152824096679688e+02, 3.147796630859375e+02, 3.143954162597656e+02, 3.141017456054688e+02, 3.138772583007812e+02, 3.137058410644531e+02, 3.135748596191406e+02, 3.134747009277344e+02, 3.133981323242188e+02, 3.133395385742188e+02, 3.132947082519531e+02, 3.132605895996094e+02, 3.132345886230469e+02, 3.132146911621094e+02, 3.131994323730469e+02, 3.25228790283203e+02, 3.348995056152344e+02, 3.422317810058594e+02, 3.477757568359375e+02, 3.519564208984375e+02, 3.551002197265625e+02, 3.574575805664062e+02, 3.592198791503906e+02, 3.605324401855469e+02, 3.615051879882812e+02, 3.622214660644531e+02, 3.62744873046875e+02, 3.631228637695312e+02, 3.633914489746094e+02, 3.63577880859375e+02, 3.637023010253906e+02, 3.637803039550781e+02, 3.63823486328125e+02, 3.638405151367188e+02, 3.638379516601562e+02, 3.638207397460938e+02, 3.637925109863281e+02, 3.637561950683594e+02, 3.637138366699219e+02, 3.636670532226562e+02, 3.636170349121094e+02, 3.635645751953125e+02, 3.635104064941406e+02, 3.63455078125e+02, 3.517401123046875e+02, 3.426918029785156e+02, 3.358100280761719e+02, 3.305563659667969e+02, 3.265324096679688e+02, 3.234400024414062e+02, 3.210558166503906e+02, 3.192101135253906e+02, 3.17780517578125e+02, 3.166877746582031e+02, 3.158526306152344e+02, 3.152152404785156e+02, 3.147283630371094e+02, 3.143562622070312e+02, 3.140718078613281e+02]
