last-generated=2021-05-11
statistics-initialization=
{
  "nonlinear": "9",
  "numerical Jacobians": "0"
}
statistics-simulation=
{
  "linear": " ",
  "nonlinear": "9",
  "numerical Jacobians": "0"
}
time=[0e+00, 1e+00]
sin.ports[1].m_flow=[2.079205363988876e-01, 2.079205363988876e-01, 2.079205363988876e-01, 2.079205363988876e-01, 2.079205363988876e-01, 2.079205363988876e-01, 2.079205363988876e-01, 2.079205363988876e-01, 2.079205363988876e-01, 2.079205363988876e-01, 2.079205363988876e-01, 2.079205363988876e-01, 2.079205363988876e-01, 2.079205363988876e-01, 2.079205363988876e-01, 2.079205363988876e-01, 2.079205363988876e-01, 2.079205363988876e-01, 2.079205363988876e-01, 2.079205363988876e-01, 2.079205363988876e-01, 2.079205363988876e-01, 2.079205363988876e-01, 2.079205363988876e-01, 2.079205363988876e-01, 2.079205363988876e-01, 2.079205363988876e-01, 2.079205363988876e-01, 2.079205363988876e-01, 2.079205363988876e-01, 2.079205363988876e-01, 2.079205363988876e-01, 2.079205363988876e-01, 2.079205363988876e-01, 2.079205363988876e-01, 2.079205363988876e-01, 2.079205363988876e-01, 2.079205363988876e-01, 2.079205363988876e-01, 2.079205363988876e-01, 2.079205363988876e-01, 2.079205363988876e-01, 2.079205363988876e-01, 2.079205363988876e-01, 2.079205363988876e-01, 2.079205363988876e-01, 2.079205363988876e-01, 2.079205363988876e-01, 2.079205363988876e-01, 2.079205363988876e-01, 2.079205363988876e-01, -9.959380032256386e-13, -5.963046230900208e-13, -3.570294187400729e-13, -2.137672537079306e-13, -1.279902844023019e-13, -7.663246974141826e-14, -4.358853743641158e-14, -2.609805490032272e-14, -1.562586256822764e-14, -9.355804353337961e-15, -5.601663178043631e-15, -3.353920780378871e-15, -2.008115386643803e-15, -1.202332254616835e-15, -7.198803949547796e-16, -4.310201020638315e-16, -2.580675341586495e-16, -1.545144732110076e-16, -9.251347699415321e-17, -5.539121093985046e-17, -3.31647495732415e-17, -1.985701248895996e-17, -1.188912055221977e-17, -7.118452012066792e-18, -4.262077884681527e-18, -2.551862377076181e-18, -1.527893504759137e-18, -9.148058876580162e-19, -5.477294443862151e-19, -3.27945684388712e-19, -1.963530959424324e-19, -1.175637919733348e-19, -7.038975583617139e-20, -4.214492757426929e-20, -2.523378939037159e-20, -1.510839447670147e-20, -9.04594853462117e-21, -5.416141112373577e-21, -3.242842200009165e-21, -1.941608543299203e-21, -1.162515746335121e-21, -6.960407507029869e-22, -4.167451031134819e-22, -2.495205628260184e-22, -1.493971050922906e-22, -8.94495260506225e-23, -5.355687198598021e-23, -3.206646206145786e-23, -1.919936497721866e-23, -1.149536315241473e-23]
