last-generated=2021-05-06
statistics-initialization=
{
  "linear": "6"
}
statistics-simulation=
{
  "linear": "0, 4, 0",
  "nonlinear": " ",
  "number of continuous time states": "5",
  "numerical Jacobians": "0"
}
time=[0e+00, 3.1536e+07]
thermalZoneThreeElements.TAir=[2.951499938964844e+02, 2.951436157226562e+02, 2.907467590332031e+02, 2.919103942871094e+02, 2.947775573730469e+02, 2.917029418945312e+02, 2.928723327636719e+02, 2.946701782226563e+02, 2.924613098144531e+02, 2.940457946777344e+02, 2.974692077636719e+02, 2.939086303710938e+02, 2.949182189941406e+02, 3.003769653320313e+02, 2.963240844726562e+02, 2.983425903320312e+02, 3.014743774414063e+02, 2.991314025878906e+02, 3.041855529785156e+02, 3.023321899414062e+02, 3.033091735839844e+02, 3.059135803222656e+02, 3.025057373046875e+02, 3.000747253417969e+02, 3.063069763183594e+02, 3.057632141113281e+02, 3.057402160644531e+02, 3.070937072753906e+02, 3.0446533203125e+02, 3.058093200683594e+02, 3.125855102539062e+02, 3.0602998046875e+02, 3.087662292480469e+02, 3.163518920898438e+02, 3.109681579589844e+02, 3.120415649414062e+02, 3.170940124511719e+02, 3.082229064941406e+02, 3.110163391113281e+02, 3.150081481933594e+02, 3.101944274902344e+02, 3.13350390625e+02, 3.166124938964844e+02, 3.145458312988281e+02, 3.1883671875e+02, 3.13560302734375e+02, 3.088629577636719e+02, 3.119975646972656e+02, 3.090520080566406e+02, 3.097032165527344e+02, 3.176015930175781e+02, 3.111929626464844e+02, 3.118468078613281e+02, 3.174243896484375e+02, 3.106505859375e+02, 3.100832214355469e+02, 3.170587829589844e+02, 3.114567077636719e+02, 3.136201049804687e+02, 3.183133972167969e+02, 3.131545715332031e+02, 3.179240051269531e+02, 3.1034111328125e+02, 3.086843627929687e+02, 3.132060852050781e+02, 3.068056335449219e+02, 3.079441711425781e+02, 3.128969299316406e+02, 3.07852392578125e+02, 3.091976684570312e+02, 3.113765869140625e+02, 3.0822685546875e+02, 3.075078369140625e+02, 3.114376892089844e+02, 3.034156188964844e+02, 3.039239501953125e+02, 3.103901062011719e+02, 3.036340026855469e+02, 3.068780822753906e+02, 3.085913452148437e+02, 3.037550048828125e+02, 3.05260205078125e+02, 3.015745239257812e+02, 3.004509399414063e+02, 3.035584533691406e+02, 2.97005615234375e+02, 2.960984008789063e+02, 3.003964660644531e+02, 2.961008178710937e+02, 2.983304626464844e+02, 2.999244995117188e+02, 2.959650146484375e+02, 2.957536499023437e+02, 2.968093505859375e+02, 2.929547607421875e+02, 2.935943603515625e+02, 2.945530456542969e+02, 2.922118286132812e+02, 2.953901062011719e+02, 2.937484497070312e+02, 2.9268359375e+02]
