last-generated=2021-10-28
statistics-initialization=
{
  "nonlinear": "1, 0, 1",
  "numerical Jacobians": "0"
}
statistics-simulation=
{
  "linear": " ",
  "nonlinear": "1, 1",
  "number of continuous time states": "5",
  "numerical Jacobians": "0"
}
time=[0e+00, 3.6e+03]
dpControlled_dp.mov.dpMachine=[0e+00, 4.99955859375e+04, 5.00000390625e+04, 5.000006640625e+04, 5.00000703125e+04, 5.00000703125e+04, 5.00000703125e+04, 5.00000703125e+04, 5.00000703125e+04, 5.00000703125e+04, 5.00000703125e+04, 5.00000703125e+04, 5.00000703125e+04, 5.00000703125e+04, 5.00000703125e+04, 5.00000703125e+04, 5.00000703125e+04, 5.00000703125e+04, 5.00000703125e+04, 5.00000703125e+04, 5.00000703125e+04, 5.00000703125e+04, 5.00000703125e+04, 5.00000703125e+04, 5.00000703125e+04, 5.00000703125e+04, 5.01322890625e+04, 5.196075000000001e+04, 5.400038281250001e+04, 5.615872265625e+04, 5.8402375e+04, 6.072449609375e+04, 6.312490625e+04, 6.56040390625e+04, 6.8161375e+04, 7.07952265625e+04, 7.35011015625e+04, 7.62696171875e+04, 7.90840625e+04, 8.19373359375e+04, 8.483775e+04, 8.7780828125e+04, 9.076209375e+04, 9.37766640625e+04, 9.68196484375e+04, 9.96595078125e+04, 9.80447421875e+04, 9.630446875e+04, 9.4634328125e+04, 9.30319453125e+04, 9.1495e+04, 9.00211640625e+04, 8.86080859375e+04, 8.72534765625e+04, 8.595506249999999e+04, 8.471060156249999e+04, 8.351792187499999e+04, 8.23748828125e+04, 8.127940625e+04, 8.02294765625e+04, 7.9223140625e+04, 7.82585078125e+04, 7.73337578125e+04, 7.6447125e+04, 7.5596921875e+04, 7.4524890625e+04, 7.3134828125e+04, 7.18166875e+04, 7.0566453125e+04, 6.93798515625e+04, 6.82529453125e+04, 6.71820625e+04, 6.61637890625e+04, 6.519495703125e+04, 6.42726015625e+04, 6.339398828125e+04, 6.278184765625e+04, 6.263887109375e+04, 6.2616953125e+04, 6.26140546875e+04, 6.261369921875e+04, 6.261365625e+04, 6.26136484375e+04, 6.26136484375e+04, 6.261364453125e+04, 6.261364453125e+04, 6.261364453125e+04, 6.261364453125e+04, 6.261364453125e+04, 6.261364453125e+04, 6.261364453125e+04, 6.261364453125e+04, 6.261364453125e+04, 6.261364453125e+04, 6.261364453125e+04, 6.261364453125e+04, 6.261364453125e+04, 6.261364453125e+04, 6.261364453125e+04, 6.261364453125e+04, 6.261364453125e+04]
dpControlled_dp.mov.m_flow=[0e+00, 1.406125647918088e-06, 1.40625081712642e-06, 1.406251726621122e-06, 1.406251726621122e-06, 1.406251726621122e-06, 1.406251726621122e-06, 1.406251726621122e-06, 1.406251726621122e-06, 1.406251726621122e-06, 1.406251726621122e-06, 1.406251726621122e-06, 1.406251726621122e-06, 1.406251726621122e-06, 1.406251726621122e-06, 1.406251726621122e-06, 1.406251726621122e-06, 1.406251726621122e-06, 1.406251726621122e-06, 1.406251726621122e-06, 1.406251726621122e-06, 1.406251726621122e-06, 1.406251726621122e-06, 1.406251726621122e-06, 1.406251726621122e-06, 1.406251726621122e-06, 6.043837871402502e-03, 4.780480265617383e-02, 8.905673027038588e-02, 1.326287984848022e-01, 1.778414398431778e-01, 2.24618211388588e-01, 2.729634046554565e-01, 3.228820860385895e-01, 3.743614554405212e-01, 4.273577332496643e-01, 4.81766402721405e-01, 5.37369430065155e-01, 5.938130021095276e-01, 6.510809659957886e-01, 7.092781662940979e-01, 7.683125138282776e-01, 8.280897736549377e-01, 8.885123729705811e-01, 9.494820833206177e-01, 1.009752631187439e+00, 1.046693682670593e+00, 1.081194281578064e+00, 1.114302754402161e+00, 1.146065592765808e+00, 1.176529765129089e+00, 1.205742001533508e+00, 1.23374879360199e+00, 1.260596036911011e+00, 1.28632915019989e+00, 1.310992360115051e+00, 1.334629416465759e+00, 1.357282638549805e+00, 1.378993272781372e+00, 1.39980149269104e+00, 1.419746041297913e+00, 1.438864469528198e+00, 1.45719301700592e+00, 1.474766373634338e+00, 1.491618394851685e+00, 1.505191683769226e+00, 1.514360904693604e+00, 1.523048639297485e+00, 1.531290292739868e+00, 1.539113402366638e+00, 1.546543955802917e+00, 1.553606033325195e+00, 1.560321927070618e+00, 1.566712617874146e+00, 1.572797298431396e+00, 1.578594326972961e+00, 1.581845879554749e+00, 1.582471370697021e+00, 1.582562327384949e+00, 1.582574009895325e+00, 1.582575440406799e+00, 1.582575678825378e+00, 1.582575678825378e+00, 1.582575678825378e+00, 1.582575678825378e+00, 1.582575678825378e+00, 1.582575678825378e+00, 1.582575678825378e+00, 1.582575678825378e+00, 1.582575678825378e+00, 1.582575678825378e+00, 1.582575678825378e+00, 1.582575678825378e+00, 1.582575678825378e+00, 1.582575678825378e+00, 1.582575678825378e+00, 1.582575678825378e+00, 1.582575678825378e+00, 1.582575678825378e+00, 1.582575678825378e+00, 1.582575678825378e+00]
m_flow_nominal=[1e+00, 1e+00]
dp_nominal=[1e+05, 1e+05]
val.y_actual=[0e+00, 4.48771528956364e-27, 2.710664303961155e-28, 2.689804556733497e-28, 1.136961427830581e-28, 3.443785125287644e-29, 2.563221968544295e-29, 1.682658811800946e-29, 8.020955798259594e-30, 4.385275903369705e-30, 5.573575055214822e-30, 6.761873830901747e-30, 7.950172606588671e-30, 9.138471382275596e-30, 1.032677091027891e-29, 1.151506968596583e-29, 1.136145345109303e-29, 9.901158448162554e-30, 8.440863445232082e-30, 6.980568442301609e-30, 5.520273815529329e-30, 4.059978812598856e-30, 2.59968399774748e-30, 1.139389088856555e-30, -3.209058200343696e-31, -1.781200822964842e-30, 6.465155631303787e-03, 2.340723574161535e-02, 4.294212907552725e-02, 6.288079172372818e-02, 8.287324756383896e-02, 1.028723865747452e-01, 1.228722855448723e-01, 1.428722888231277e-01, 1.62872239947319e-01, 1.828722506761551e-01, 2.0287224650383e-01, 2.228722423315048e-01, 2.428722381591797e-01, 2.628722488880157e-01, 2.828722298145294e-01, 3.028722405433655e-01, 3.228722512722015e-01, 3.428722321987152e-01, 3.628722429275513e-01, 3.828722536563873e-01, 4.02872234582901e-01, 4.228722453117371e-01, 4.428722560405731e-01, 4.628722369670868e-01, 4.828722476959229e-01, 5.028722286224365e-01, 5.22872269153595e-01, 5.428722500801086e-01, 5.628722310066224e-01, 5.828722715377809e-01, 6.028722524642945e-01, 6.228722333908081e-01, 6.428722143173218e-01, 6.628722548484802e-01, 6.828722357749939e-01, 7.028722167015076e-01, 7.22872257232666e-01, 7.428722381591797e-01, 7.628722190856934e-01, 7.828722596168518e-01, 8.028722405433655e-01, 8.228722214698792e-01, 8.428722620010376e-01, 8.628722429275513e-01, 8.828722238540649e-01, 9.028722643852234e-01, 9.228722453117371e-01, 9.428722262382507e-01, 9.628722667694092e-01, 9.828722476959229e-01, 9.964073300361633e-01, 9.994656443595886e-01, 9.99930202960968e-01, 9.999914169311523e-01, 9.999988675117493e-01, 9.999998211860657e-01, 9.999999403953552e-01, 9.999999403953552e-01, 1e+00, 1e+00, 1e+00, 1e+00, 1e+00, 1e+00, 1e+00, 1e+00, 1e+00, 1e+00, 1e+00, 1e+00, 1e+00, 1e+00, 1e+00, 1e+00, 1e+00]
elEnergy=[0e+00, 4.35565086081624e-03, 9.544285014271736e-03, 1.473301742225885e-02, 1.992174983024597e-02, 2.511048316955566e-02, 3.029921650886536e-02, 3.548794984817506e-02, 4.067668318748474e-02, 4.586541652679443e-02, 5.105414986610413e-02, 5.624288320541382e-02, 6.143161654472351e-02, 6.66203498840332e-02, 7.180908322334291e-02, 7.699781656265259e-02, 8.218654990196228e-02, 8.737528324127197e-02, 9.256401658058167e-02, 9.775274991989136e-02, 1.02941483259201e-01, 1.081302165985107e-01, 1.133189499378204e-01, 1.185076832771301e-01, 1.236964166164398e-01, 1.288851499557495e-01, 4.35040807723999e+00, 1.041622772216803e+02, 3.711288146972668e+02, 8.21576171875e+02, 1.477753662109375e+03, 2.362255859375e+03, 3.49915966796875e+03, 4.91422216796875e+03, 6.634892578125e+03, 8.6902041015625e+03, 1.111049609375e+04, 1.392675e+04, 1.7169349609375e+04, 2.0867822265625e+04, 2.5053765625e+04, 2.9759767578125e+04, 3.50186953125e+04, 4.08635078125e+04, 4.7327078125e+04, 5.444089453125e+04, 6.195105859375e+04, 6.9580625e+04, 7.7314484375e+04, 8.5140390625e+04, 9.30472109375e+04, 1.010248203125e+05, 1.090640859375e+05, 1.171567421875e+05, 1.252953281250001e+05, 1.334731093750001e+05, 1.416840156250001e+05, 1.49922578125e+05, 1.58183921875e+05, 1.66463671875e+05, 1.74757859375e+05, 1.83063046875e+05, 1.9137609375e+05, 1.99694203125e+05, 2.08014953125e+05, 2.16327609375e+05, 2.2455278125e+05, 2.3267490625e+05, 2.406975625e+05, 2.48624375e+05, 2.56458859375e+05, 2.642045e+05, 2.7186453125e+05, 2.7944221875e+05, 2.86940625e+05, 2.9436271875e+05, 3.0171515625e+05, 3.09035e+05, 3.163485e+05, 3.236610625e+05, 3.309735e+05, 3.3828590625e+05, 3.4559834375e+05, 3.5291075e+05, 3.6022315625e+05, 3.6753559375e+05, 3.74848e+05, 3.821604375e+05, 3.8947284375e+05, 3.9678528125e+05, 4.040976875e+05, 4.1141009375e+05, 4.1872253125e+05, 4.260349375e+05, 4.33347375e+05, 4.4065978125e+05, 4.4797221875e+05, 4.55284625e+05, 4.625970625e+05, 4.6990946875e+05, 4.77221875e+05]
