last-generated=2019-05-24
statistics-simulation=
{
  "linear": " ",
  "nonlinear": " ",
  "number of continuous time states": "2",
  "numerical Jacobians": "0"
}
booleanOnOffBoiler.y=[1e+00, 1e+00, 1e+00, 1e+00, 1e+00, 1e+00, 1e+00, 1e+00, 1e+00, 1e+00, 1e+00, 1e+00, 1e+00, 1e+00, 1e+00, 1e+00, 1e+00, 1e+00, 1e+00, 1e+00, 1e+00, 1e+00, 1e+00, 1e+00, 1e+00, 1e+00, 0e+00, 0e+00, 0e+00, 0e+00, 0e+00, 0e+00, 0e+00, 0e+00, 0e+00, 0e+00, 0e+00, 0e+00, 0e+00, 0e+00, 0e+00, 0e+00, 0e+00, 0e+00, 0e+00, 0e+00, 0e+00, 0e+00, 0e+00, 0e+00, 0e+00, 1e+00, 1e+00, 1e+00, 1e+00, 1e+00, 1e+00, 1e+00, 1e+00, 1e+00, 1e+00, 1e+00, 1e+00, 1e+00, 1e+00, 1e+00, 1e+00, 1e+00, 1e+00, 1e+00, 1e+00, 1e+00, 1e+00, 1e+00, 1e+00, 1e+00, 0e+00, 0e+00, 0e+00, 0e+00, 0e+00, 0e+00, 0e+00, 0e+00, 0e+00, 0e+00, 0e+00, 0e+00, 0e+00, 0e+00, 0e+00, 0e+00, 0e+00, 0e+00, 0e+00, 0e+00, 0e+00, 0e+00, 0e+00, 0e+00, 0e+00]
time=[0e+00, 7.2e+04]
temperatureSensor_before.T=[2.831499938964844e+02, 2.831499938964844e+02]
temperatureSensor_after.T=[3.231499938964844e+02, 3.063919372558594e+02, 3.059342651367188e+02, 3.059216918945312e+02, 3.059214782714844e+02, 3.059214782714844e+02, 3.059214782714844e+02, 3.065180053710938e+02, 3.077103576660156e+02, 3.08924072265625e+02, 3.101385498046875e+02, 3.1135302734375e+02, 3.125674743652344e+02, 3.137819519042969e+02, 3.149964294433594e+02, 3.162109069824219e+02, 3.174253845214844e+02, 3.186398620605469e+02, 3.198543395996094e+02, 3.210688171386719e+02, 3.222832946777344e+02, 3.234977722167969e+02, 3.247122497558594e+02, 3.259267272949219e+02, 3.271412048339844e+02, 3.283556823730469e+02, 2.8438427734375e+02, 2.831838989257812e+02, 2.831509704589844e+02, 2.831500854492188e+02, 2.831498413085938e+02, 2.831499633789062e+02, 2.831499938964844e+02, 2.831499938964844e+02, 2.831499938964844e+02, 2.831499938964844e+02, 2.831499938964844e+02, 2.831499938964844e+02, 2.831499938964844e+02, 2.831499938964844e+02, 2.831499938964844e+02, 2.831499938964844e+02, 2.831499938964844e+02, 2.831499938964844e+02, 2.831499938964844e+02, 2.831499938964844e+02, 2.831499938964844e+02, 2.831499938964844e+02, 2.831499938964844e+02, 2.831499938964844e+02, 2.831499938964844e+02, 3.569830017089844e+02, 3.589985656738281e+02, 3.590534057617188e+02, 3.59054931640625e+02, 3.59054931640625e+02, 3.590549011230469e+02, 3.590549011230469e+02, 3.590549011230469e+02, 3.590549011230469e+02, 3.590549011230469e+02, 3.590549011230469e+02, 3.590549011230469e+02, 3.590549011230469e+02, 3.590549011230469e+02, 3.590549011230469e+02, 3.590549011230469e+02, 3.590549011230469e+02, 3.590549011230469e+02, 3.590549011230469e+02, 3.590549011230469e+02, 3.590549011230469e+02, 3.590549011230469e+02, 3.590549011230469e+02, 3.590549011230469e+02, 3.590549011230469e+02, 2.85221923828125e+02, 2.83206298828125e+02, 2.831514587402344e+02, 2.831499328613281e+02, 2.831499633789062e+02, 2.831499938964844e+02, 2.831499938964844e+02, 2.831499938964844e+02, 2.831499938964844e+02, 2.831499938964844e+02, 2.831499938964844e+02, 2.831499938964844e+02, 2.831499938964844e+02, 2.831499938964844e+02, 2.831499938964844e+02, 2.831499938964844e+02, 2.831499938964844e+02, 2.831499938964844e+02, 2.831499938964844e+02, 2.831499938964844e+02, 2.831499938964844e+02, 2.831499938964844e+02, 2.831499938964844e+02, 2.831499938964844e+02, 2.831499938964844e+02]
