last-generated=2020-10-09
statistics-simulation=
{
  "linear": " ",
  "nonlinear": " ",
  "number of continuous time states": "16",
  "numerical Jacobians": "0"
}
time=[0e+00, 8.64e+04]
CO2SenWes.C=[0e+00, 0e+00, 0e+00, 0e+00, 0e+00, 1.857115705661272e-07, 1.75567166138535e-07, 1.648390366426611e-07, 1.560445213044659e-07, 1.472500059662707e-07, 1.384554906280755e-07, 1.309360015966377e-07, 1.239335318814483e-07, 1.169310550608316e-07, 1.102396041119391e-07, 1.043514146203961e-07, 9.871609307765539e-08, 9.333363237828961e-08, 8.82040325222988e-08, 8.332730061511029e-08, 7.870342955129672e-08, 7.432556969888537e-08, 7.016139136339916e-08, 6.623924519999491e-08, 6.255913831409998e-08, 5.912106360028702e-08, 5.592502105855601e-08, 5.297101424162065e-08, 5.023889571020844e-08, 4.651976581726558e-08, 4.295612754390277e-08, 3.954798444283369e-08, 3.629533651405836e-08, 3.319818020486309e-08, 3.025651906796155e-08, 2.747035310335378e-08, 2.483968053468288e-08, 2.23645013619489e-08, 2.004481736150865e-08, 1.788062498064846e-08, 1.587192954843886e-08, 1.401872573580931e-08, 1.232101709547351e-08, 1.077880273925302e-08, 9.392081778969441e-09, 8.160855102801179e-09, 7.085122266659027e-09, 6.164883270542987e-09, 5.400138558542267e-09, 4.790887686567658e-09, 4.337131098708369e-09, 4.038868350875191e-09, 3.896099443068124e-09, 3.908824819376377e-09, 4.077044035710742e-09, 4.40075753616043e-09, 4.621408145055731e-09, 3.762788747252451e-09, 2.957371236789186e-09, 2.205155391621361e-09, 1.506141433793573e-09, 8.603292522835204e-10, 2.677188470912029e-10, -2.71689754027804e-10, -7.578965788290759e-10, -1.190901599557037e-09, -1.570704788456112e-09, -1.897306312059754e-09, -2.170705837301059e-09, -2.390903697246925e-09, -2.557899891897363e-09, -2.671693977163159e-09, -2.732286619178126e-09, -2.739677151808451e-09, -2.693866019143343e-09, -2.594853221182802e-09, -2.44263831383762e-09, -2.237221963241609e-09, -1.978603503260956e-09, -1.666783489007173e-09, -1.301761587413353e-09, -8.83537909501797e-10, -4.121124275169308e-10, 1.125148585412461e-10, 4.695462352266588e-10, 4.28417440412332e-10, 3.949582050299938e-10, 3.691686123463711e-10, 3.510486068503127e-10, 3.405982440529698e-10, 3.378174684431912e-10, 3.427062800209768e-10, 3.55264734297478e-10, 3.754927757615434e-10, 4.033904321687487e-10, 4.389577035190939e-10, 4.821945620570034e-10, 5.331010632936284e-10, 5.916771517178177e-10, 6.579228273295712e-10, 7.318381456400402e-10]
CO2SenEas.C=[0e+00, 0e+00, 0e+00, 0e+00, 0e+00, 1.863530485479714e-07, 1.731955308059696e-07, 1.62502914236029e-07, 1.538541880563571e-07, 1.452054618766851e-07, 1.365567214861585e-07, 1.291195133035217e-07, 1.221735743683894e-07, 1.152276212224024e-07, 1.0859142918207e-07, 1.027552087862205e-07, 9.717081894677904e-08, 9.183825255831833e-08, 8.675751672626575e-08, 8.192861145062125e-08, 7.735152962595748e-08, 7.302533333586325e-08, 6.894551063396648e-08, 6.511601213787799e-08, 6.153684495302514e-08, 5.820799131583954e-08, 5.51294654371759e-08, 5.230126376432054e-08, 4.970130973447338e-08, 4.600502023777153e-08, 4.246423301879076e-08, 3.907894807753109e-08, 3.584916186127884e-08, 3.277488147546137e-08, 2.985610336736498e-08, 2.709282398427605e-08, 2.448504865526502e-08, 2.203277382761826e-08, 1.973600127769259e-08, 1.759473100548803e-08, 1.560896301100456e-08, 1.377869551788535e-08, 1.210393119066566e-08, 1.058466825298865e-08, 9.220907593032734e-09, 8.012648322619498e-09, 6.959891329927359e-09, 6.062636170867108e-09, 5.320882845438746e-09, 4.734631797731481e-09, 4.303882139566895e-09, 4.028634759123406e-09, 3.908889212311806e-09, 3.944645055042884e-09, 4.135903619584269e-09, 4.482663573668336e-09, 4.724300062264312e-09, 3.876793996937529e-09, 3.081679134098181e-09, 2.338955473746296e-09, 1.648622904859565e-09, 1.01068153846029e-09, 4.251314023040464e-10, -1.080275868758918e-10, -5.887954013239494e-10, -1.017172013284551e-09, -1.39315758929115e-09, -1.71675185178799e-09, -1.987954911797376e-09, -2.206766991363905e-09, -2.373187646398377e-09, -2.487217320989998e-09, -2.548855793094162e-09, -2.55810306271087e-09, -2.514959129840122e-09, -2.419424216526522e-09, -2.271497878680862e-09, -2.071180560392349e-09, -1.818471928594079e-09, -1.513372094308352e-09, -1.155881168557471e-09, -7.459990958302853e-10, -2.837258206156434e-10, 2.309386154530912e-10, 5.874007946715665e-10, 5.657520008028882e-10, 5.5306653701237e-10, 5.493442922777092e-10, 5.545853776212084e-10, 5.687896820205651e-10, 5.919572609869306e-10, 6.24088170031456e-10, 6.651822981318389e-10, 7.152397007992306e-10, 7.742604335447822e-10, 8.422443853461914e-10, 9.191916117146093e-10, 1.005102112650036e-09, 1.099975999174774e-09, 1.203813049244218e-09, 1.316613373880671e-09]
CO2SenTop.C=[0e+00, 0e+00, 0e+00, 0e+00, 0e+00, 3.997768782681987e-09, 7.730635687153153e-09, 1.109886937911142e-08, 1.368996649375731e-08, 1.62810636084032e-08, 1.887216072304909e-08, 2.098460782917755e-08, 2.290296308160578e-08, 2.482132011039084e-08, 2.662219245053166e-08, 2.811964705529135e-08, 2.952158872915334e-08, 3.082801214304709e-08, 3.203892617875681e-08, 3.31543219544983e-08, 3.417420302298524e-08, 3.510094970238242e-08, 3.594578856791486e-08, 3.669887860269228e-08, 3.736021270128731e-08, 3.792979441641364e-08, 3.840762374807127e-08, 3.87937006962602e-08, 3.909660861722841e-08, 3.983157981224394e-08, 4.05116793444904e-08, 4.113691076668147e-08, 4.170727052610346e-08, 4.222275862275637e-08, 4.268337860935389e-08, 4.308912693318234e-08, 4.34400071469554e-08, 4.373601569795937e-08, 4.397715613890796e-08, 4.416342491708747e-08, 4.429482558521158e-08, 4.437135459056663e-08, 4.439301193315259e-08, 4.435980116568317e-08, 4.427171873544467e-08, 4.412876819515077e-08, 4.39309459920878e-08, 4.367825567896944e-08, 4.3370693703082e-08, 4.300826006442549e-08, 4.259095831571358e-08, 4.21187849042326e-08, 4.159174338269622e-08, 4.100983019839077e-08, 4.037304890402993e-08, 3.96813959469e-08, 3.90367667080227e-08, 3.882387034082058e-08, 3.859641850567641e-08, 3.835440409716284e-08, 3.809783422070723e-08, 3.782670532359589e-08, 3.754101740582882e-08, 3.724077402011972e-08, 3.692597161375488e-08, 3.659661018673432e-08, 3.625268973905804e-08, 3.589421382343971e-08, 3.552117533445198e-08, 3.513358137752221e-08, 3.473143195265039e-08, 3.431471995440916e-08, 3.388345248822588e-08, 3.343762600138689e-08, 3.297724049389217e-08, 3.25022995184554e-08, 3.201279596964923e-08, 3.150873695290102e-08, 3.099011891549708e-08, 3.045694541015109e-08, 2.99092093314357e-08, 2.934691956113511e-08, 2.877006899382195e-08, 2.817865940585307e-08, 2.765051299036259e-08, 2.726688563825519e-08, 2.688474864953605e-08, 2.650410024784833e-08, 2.612494220954886e-08, 2.574727275828081e-08, 2.537109189404418e-08, 2.499640139319581e-08, 2.462320125573569e-08, 2.425148792895016e-08, 2.388126496555287e-08, 2.351253236554385e-08, 2.314528835256624e-08, 2.277953470297689e-08, 2.241526786406212e-08, 2.205249316489244e-08, 2.169120527639734e-08]
