last-generated=2022-05-23
statistics-initialization=
{
  "nonlinear": "0",
  "numerical Jacobians": "0"
}
statistics-simulation=
{
  "linear": " ",
  "nonlinear": " ",
  "number of continuous time states": "5",
  "numerical Jacobians": "0"
}
time=[0e+00, 1.728e+05]
vol.T=[2.931499938964844e+02, 2.95150146484375e+02, 2.951503295898438e+02, 2.951504821777344e+02, 2.95150634765625e+02, 2.951507873535156e+02, 2.951509094238281e+02, 2.951510314941406e+02, 2.951511840820312e+02, 2.951513061523438e+02, 2.954037475585938e+02, 2.959230651855469e+02, 2.964556579589844e+02, 2.969931335449219e+02, 2.975270080566406e+02, 2.980488891601562e+02, 2.985505065917969e+02, 2.990239562988281e+02, 2.994617614746094e+02, 2.998570556640625e+02, 3.002035827636719e+02, 3.004958801269531e+02, 3.007293395996094e+02, 3.009002990722656e+02, 3.010059814453125e+02, 3.010448303222656e+02, 3.010161437988281e+02, 3.009204406738281e+02, 3.007591857910156e+02, 3.005349426269531e+02, 3.002512512207031e+02, 2.999125671386719e+02, 2.995242614746094e+02, 2.990924072265625e+02, 2.986238708496094e+02, 2.981260070800781e+02, 2.97606689453125e+02, 2.970740661621094e+02, 2.965365905761719e+02, 2.960027160644531e+02, 2.954808654785156e+02, 2.95148681640625e+02, 2.951488037109375e+02, 2.9514892578125e+02, 2.951490783691406e+02, 2.951492004394531e+02, 2.951493530273438e+02, 2.951495056152344e+02, 2.95149658203125e+02, 2.951498107910156e+02, 2.951499938964844e+02, 2.95150146484375e+02, 2.951503295898438e+02, 2.951504821777344e+02, 2.95150634765625e+02, 2.951507873535156e+02, 2.951509094238281e+02, 2.951510314941406e+02, 2.951511840820312e+02, 2.951513061523438e+02, 2.954037475585938e+02, 2.959230651855469e+02, 2.964556579589844e+02, 2.969931335449219e+02, 2.975270385742188e+02, 2.980488891601562e+02, 2.985505065917969e+02, 2.990239562988281e+02, 2.994617614746094e+02, 2.998570556640625e+02, 3.002035827636719e+02, 3.004958801269531e+02, 3.007293395996094e+02, 3.009002990722656e+02, 3.010059814453125e+02, 3.010448303222656e+02, 3.010161437988281e+02, 3.009204406738281e+02, 3.007591857910156e+02, 3.005349426269531e+02, 3.002512512207031e+02, 2.999125671386719e+02, 2.995242614746094e+02, 2.990924072265625e+02, 2.986238708496094e+02, 2.981260070800781e+02, 2.97606689453125e+02, 2.970740661621094e+02, 2.965365905761719e+02, 2.960027160644531e+02, 2.954808654785156e+02, 2.95148681640625e+02, 2.951488037109375e+02, 2.9514892578125e+02, 2.951490783691406e+02, 2.951492004394531e+02, 2.951493530273438e+02, 2.951495056152344e+02, 2.95149658203125e+02, 2.951498107910156e+02, 2.951499938964844e+02]
beaCooHea.heaToRoo.Q_flow=[2.832e+03, 7.37854736328125e+02, 7.096629028320312e+02, 6.631393432617188e+02, 5.990181274414062e+02, 5.18310791015625e+02, 4.222908020019531e+02, 3.124737243652343e+02, 1.905921783447266e+02, 5.857040786743164e+01, -0e+00, -0e+00, -0e+00, -0e+00, 0e+00, -0e+00, -0e+00, 0e+00, -0e+00, -0e+00, -0e+00, -0e+00, -0e+00, -0e+00, -0e+00, -0e+00, -0e+00, -0e+00, 0e+00, -0e+00, -0e+00, -0e+00, -0e+00, -0e+00, 0e+00, 0e+00, -0e+00, -0e+00, -0e+00, -0e+00, -0e+00, 5.783954238891602e+01, 1.899322814941406e+02, 3.118841247558594e+02, 4.217740783691406e+02, 5.178703002929688e+02, 5.986581420898438e+02, 6.6286474609375e+02, 7.094783325195312e+02, 7.377625122070312e+02, 7.47271240234375e+02, 7.378568115234375e+02, 7.096630859375e+02, 6.63140869140625e+02, 5.990183715820312e+02, 5.18310729980468e+02, 4.222902832031241e+02, 3.12473388671876e+02, 1.905922088623047e+02, 5.857040405273438e+01, -0e+00, -0e+00, -0e+00, -0e+00, -0e+00, -0e+00, -0e+00, -0e+00, 0e+00, 0e+00, 0e+00, -0e+00, -0e+00, -0e+00, -0e+00, -0e+00, -0e+00, -0e+00, -0e+00, -0e+00, -0e+00, -0e+00, -0e+00, -0e+00, -0e+00, -0e+00, -0e+00, -0e+00, -0e+00, -0e+00, -0e+00, 5.783962249755859e+01, 1.899322814941406e+02, 3.118841552734375e+02, 4.217731628417969e+02, 5.17869873046875e+02, 5.986583251953125e+02, 6.628648071289062e+02, 7.094776611328125e+02, 7.37761474609375e+02, 7.472706909179688e+02]
