last-generated=2021-05-09
statistics-simulation=
{
  "linear": " ",
  "nonlinear": " ",
  "number of continuous time states": "1",
  "numerical Jacobians": "0"
}
time=[0e+00, 6e+01]
senDyn.port_a.m_flow=[1.000000014901161e-01, 9.799999751647298e-02, 9.600000099341047e-02, 9.399999662240374e-02, 9.200000049670451e-02, 9.000000357627869e-02, 8.799999920527227e-02, 8.600000228484772e-02, 8.399999950329162e-02, 8.20000025828677e-02, 7.999999821186066e-02, 7.800000129143421e-02, 7.599999692042969e-02, 7.400000158945419e-02, 7.199999562900376e-02, 7.000000029802322e-02, 6.800000496704268e-02, 6.599999900658972e-02, 6.40000036756193e-02, 6.199999771516634e-02, 5.999999865889549e-02, 5.799999960263649e-02, 5.600000109274637e-02, 5.400000203649155e-02, 5.199999980132891e-02, 5.000000074505806e-02, 4.800000168878721e-02, 4.600000263251636e-02, 4.399999721847201e-02, 4.199999816220118e-02, 3.999999910593033e-02, 3.800000004967132e-02, 3.600000099341233e-02, 3.39999993046109e-02, 3.200000024835189e-02, 2.999999932944775e-02, 2.800000213582206e-02, 2.600000307955121e-02, 2.399999766550685e-02, 2.1999998609236e-02, 1.999999955296516e-02, 1.800000049670025e-02, 1.600000330306863e-02, 1.399999788901835e-02, 1.199999883275047e-02, 9.999999776482582e-03, 8.000001651534309e-03, 6.000002595266432e-03, 3.999997646874489e-03, 1.999998823437614e-03, -2.359223927328458e-16, -1.999998823437614e-03, -3.999997646874489e-03, -6.000002595266432e-03, -7.999995293829819e-03, -9.999999776482582e-03, -1.200000519045794e-02, -1.399999788897791e-02, -1.600000330310904e-02, -1.799999413900165e-02, -1.999999955296516e-02, -2.200000496692868e-02, -2.399999766546644e-02, -2.600000307959162e-02, -2.799999577810569e-02, -2.999999932944775e-02, -3.200000660605642e-02, -3.399999930457048e-02, -3.600000099345276e-02, -3.799999369196681e-02, -3.999999910593033e-02, -4.200000451989382e-02, -4.399999721843158e-02, -4.600000263255678e-02, -4.799999533109454e-02, -5.000000074505806e-02, -5.200000615902158e-02, -5.399999885753565e-02, -5.600000427168454e-02, -5.7999993244932e-02, -5.999999865889549e-02, -6.200000407285901e-02, -6.400000049668704e-02, -6.600000218552195e-02, -6.799999860925526e-02, -7.000000029802322e-02, -7.200000198679118e-02, -7.39999984105245e-02, -7.600000009935938e-02, -7.799999652318744e-02, -7.999999821186066e-02, -8.200000735111447e-02, -8.399999632436193e-02, -8.600000546377744e-02, -8.799999443702487e-02, -9.000000357627869e-02, -9.200000526495189e-02, -9.399999423819934e-02, -9.600000337761484e-02, -9.799999235086231e-02, -1.000000014901161e-01]
senDyn.v=[1.061032962799072e+01, 1.039812279590793e+01, 1.018591596382513e+01, 9.973710043254945e+00, 9.761503253333826e+00, 9.549296379089355e+00, 9.337089504845643e+00, 9.124883584274864e+00, 8.912676878676796e+00, 8.700470004432526e+00, 8.488264083862305e+00, 8.276057209617766e+00, 8.063850335373496e+00, 7.851644106612587e+00, 7.639437063722384e+00, 7.427230834960938e+00, 7.215024129362333e+00, 7.002817563309019e+00, 6.790610857711489e+00, 6.578404291658175e+00, 6.36619758605957e+00, 6.153991357298124e+00, 5.941784314407653e+00, 5.729578085647279e+00, 5.517371042756809e+00, 5.305164813995361e+00, 5.092958108396756e+00, 4.88075187963531e+00, 4.668544499457076e+00, 4.4563382706926e+00, 4.244132041931152e+00, 4.031925336332547e+00, 3.819718869152523e+00, 3.607511727389836e+00, 3.39530526020981e+00, 3.183098793029785e+00, 2.970892325849761e+00, 2.758685858669735e+00, 2.546478716908564e+00, 2.33427224972778e+00, 2.122066020965576e+00, 1.909859434576262e+00, 1.697652967396236e+00, 1.485445825634307e+00, 1.273239358453903e+00, 1.061033010482788e+00, 8.488264836979279e-01, 6.366200165180926e-01, 4.244129045581085e-01, 2.122064522790542e-01, -2.503214276757416e-14, -2.122064522790542e-01, -4.244129045581085e-01, -6.366200165180926e-01, -8.488258091247946e-01, -1.061033010482788e+00, -1.273240033027608e+00, -1.485445825630017e+00, -1.697652967400524e+00, -1.909858760003693e+00, -2.122066020965576e+00, -2.334272924301106e+00, -2.546478716904276e+00, -2.758685858674022e+00, -2.970891651278707e+00, -3.183098793029785e+00, -3.395305934783894e+00, -3.607511727385548e+00, -3.819718869156813e+00, -4.031924661758464e+00, -4.244132041931152e+00, -4.45633894526668e+00, -4.668544499452786e+00, -4.880751879639599e+00, -5.092957433828736e+00, -5.305164813995361e+00, -5.517371717330891e+00, -5.729577748351124e+00, -5.94178465170381e+00, -6.153990682724043e+00, -6.36619758605957e+00, -6.578404966232259e+00, -6.79061052041533e+00, -7.002817900605175e+00, -7.215023454788249e+00, -7.427230834960938e+00, -7.639437738296468e+00, -7.8516437693167e+00, -8.063850672669384e+00, -8.276056703689616e+00, -8.488264083862305e+00, -8.700470510360677e+00, -8.912676541380909e+00, -9.124883921570753e+00, -9.337088998928794e+00, -9.549296379089355e+00, -9.761503759262041e+00, -9.973709790282275e+00, -1.01859162167978e+01, -1.039812224781803e+01, -1.061032962799072e+01]
senSteSta.v=[1.061032962799072e+01, 1.039812279590793e+01, 1.018591596382513e+01, 9.973710043254945e+00, 9.761503253333826e+00, 9.549296379089355e+00, 9.337089504845643e+00, 9.124883584274864e+00, 8.912676878676796e+00, 8.700470004432526e+00, 8.488264083862305e+00, 8.276057209617766e+00, 8.063850335373496e+00, 7.851644106612587e+00, 7.639437063722384e+00, 7.427230834960938e+00, 7.215024129362333e+00, 7.002817563309019e+00, 6.790610857711489e+00, 6.578404291658175e+00, 6.36619758605957e+00, 6.153991357298124e+00, 5.941784314407653e+00, 5.729578085647279e+00, 5.517371042756809e+00, 5.305164813995361e+00, 5.092958108396756e+00, 4.88075187963531e+00, 4.668544499457076e+00, 4.4563382706926e+00, 4.244132041931152e+00, 4.031925336332547e+00, 3.819718869152523e+00, 3.607511727389836e+00, 3.39530526020981e+00, 3.183098793029785e+00, 2.970892325849761e+00, 2.758685858669735e+00, 2.546478716908564e+00, 2.33427224972778e+00, 2.122066020965576e+00, 1.909859434576262e+00, 1.697652967396236e+00, 1.485445825634307e+00, 1.273239358453903e+00, 1.061033010482788e+00, 8.488264836979279e-01, 6.366200165180926e-01, 4.244129045581085e-01, 2.122064522790542e-01, -2.503214276757416e-14, -2.122064522790542e-01, -4.244129045581085e-01, -6.366200165180926e-01, -8.488258091247946e-01, -1.061033010482788e+00, -1.273240033027608e+00, -1.485445825630017e+00, -1.697652967400524e+00, -1.909858760003693e+00, -2.122066020965576e+00, -2.334272924301106e+00, -2.546478716904276e+00, -2.758685858674022e+00, -2.970891651278707e+00, -3.183098793029785e+00, -3.395305934783894e+00, -3.607511727385548e+00, -3.819718869156813e+00, -4.031924661758464e+00, -4.244132041931152e+00, -4.45633894526668e+00, -4.668544499452786e+00, -4.880751879639599e+00, -5.092957433828736e+00, -5.305164813995361e+00, -5.517371717330891e+00, -5.729577748351124e+00, -5.94178465170381e+00, -6.153990682724043e+00, -6.36619758605957e+00, -6.578404966232259e+00, -6.79061052041533e+00, -7.002817900605175e+00, -7.215023454788249e+00, -7.427230834960938e+00, -7.639437738296468e+00, -7.8516437693167e+00, -8.063850672669384e+00, -8.276056703689616e+00, -8.488264083862305e+00, -8.700470510360677e+00, -8.912676541380909e+00, -9.124883921570753e+00, -9.337088998928794e+00, -9.549296379089355e+00, -9.761503759262041e+00, -9.973709790282275e+00, -1.01859162167978e+01, -1.039812224781803e+01, -1.061032962799072e+01]
