last-generated=2022-05-23
statistics-initialization=
{
  "nonlinear": "1",
  "numerical Jacobians": "0"
}
statistics-simulation=
{
  "linear": " ",
  "nonlinear": "1",
  "number of continuous time states": "11",
  "numerical Jacobians": "0"
}
time=[0e+00, 3.6e+03]
chiller.sigBus.TConInMea=[2.931499938964844e+02, 2.78e+02, 2.78e+02, 2.78e+02, 2.78e+02, 2.78e+02, 2.78e+02, 2.78e+02, 2.78e+02, 2.78e+02, 2.78e+02, 2.78e+02, 2.78e+02, 2.78e+02, 2.781750183105469e+02, 2.799750061035156e+02, 2.817749938964844e+02, 2.835750122070312e+02, 2.85375e+02, 2.871749877929688e+02, 2.889750061035156e+02, 2.907749938964844e+02, 2.925749816894531e+02, 2.94375e+02, 2.961749877929688e+02, 2.979750061035156e+02, 2.997749938964844e+02, 3.015749816894531e+02, 3.03e+02, 3.03e+02, 3.03e+02, 3.03e+02, 3.03e+02, 3.03e+02, 3.03e+02, 3.03e+02, 3.03e+02, 3.03e+02, 3.03e+02, 3.03e+02, 3.03e+02, 3.03e+02, 3.03e+02, 3.03e+02, 3.03e+02, 3.03e+02, 3.03e+02, 3.03e+02, 3.03e+02, 3.03e+02, 3.03e+02, 3.03e+02, 3.03e+02, 3.03e+02, 3.03e+02, 3.03e+02, 3.03e+02, 3.03e+02, 3.03e+02, 3.03e+02, 3.03e+02, 3.03e+02, 3.03e+02, 3.03e+02, 3.03e+02, 3.03e+02, 3.03e+02, 3.03e+02, 3.03e+02, 3.03e+02, 3.03e+02, 3.03e+02, 3.03e+02, 3.03e+02, 3.03e+02, 3.03e+02, 3.03e+02, 3.03e+02, 3.03e+02, 3.03e+02, 3.03e+02, 3.03e+02, 3.03e+02, 3.03e+02, 3.03e+02, 3.03e+02, 3.03e+02, 3.03e+02, 3.03e+02, 3.03e+02, 3.03e+02, 3.03e+02, 3.03e+02, 3.03e+02, 3.03e+02, 3.03e+02, 3.03e+02, 3.03e+02, 3.03e+02, 3.03e+02, 3.03e+02]
chiller.sigBus.TEvaInMea=[3.031499938964844e+02, 2.931605224609375e+02, 2.931605834960938e+02, 2.931684265136719e+02, 2.931761779785156e+02, 2.931836853027344e+02, 2.9319091796875e+02, 2.931978759765625e+02, 2.932045593261719e+02, 2.932110290527344e+02, 2.932172241210938e+02, 2.932231750488281e+02, 2.932288818359375e+02, 2.932343444824219e+02, 2.932395629882812e+02, 2.932445983886719e+02, 2.932493896484375e+02, 2.932539672851562e+02, 2.932583618164062e+02, 2.932625427246094e+02, 2.932665405273438e+02, 2.932703552246094e+02, 2.932739868164062e+02, 2.932774658203125e+02, 2.9328076171875e+02, 2.93283935546875e+02, 2.932869567871094e+02, 2.932898254394531e+02, 2.932925720214844e+02, 2.932952270507812e+02, 2.932977294921875e+02, 2.933001403808594e+02, 2.933024597167969e+02, 2.933046875e+02, 2.933067932128906e+02, 2.93308837890625e+02, 2.93310791015625e+02, 2.933126525878906e+02, 2.93314453125e+02, 2.933161926269531e+02, 2.933178405761719e+02, 2.933194274902344e+02, 2.933209838867188e+02, 2.933224792480469e+02, 2.933239135742188e+02, 2.933252868652344e+02, 2.933266296386719e+02, 2.933279113769531e+02, 2.933291625976562e+02, 2.933303833007812e+02, 2.9333154296875e+02, 2.933327026367188e+02, 2.933339538574219e+02, 2.933353271484375e+02, 2.933368225097656e+02, 2.933384399414062e+02, 2.933401794433594e+02, 2.93342041015625e+02, 2.933440551757812e+02, 2.933461608886719e+02, 2.93348388671875e+02, 2.933507385253906e+02, 2.933531799316406e+02, 2.933557434082031e+02, 2.933584289550781e+02, 2.933612060546875e+02, 2.933641052246094e+02, 2.933670654296875e+02, 2.933701477050781e+02, 2.93373291015625e+02, 2.933765258789062e+02, 2.933798522949219e+02, 2.933832702636719e+02, 2.933867492675781e+02, 2.933902893066406e+02, 2.933938903808594e+02, 2.933975830078125e+02, 2.934013061523438e+02, 2.934050903320312e+02, 2.93408935546875e+02, 2.93412841796875e+02, 2.93416748046875e+02, 2.934207153320312e+02, 2.934247131347656e+02, 2.934287719726562e+02, 2.934328308105469e+02, 2.934369201660156e+02, 2.934410095214844e+02, 2.934451293945312e+02, 2.934492797851562e+02, 2.934534301757812e+02, 2.934575805664062e+02, 2.934617614746094e+02, 2.934659423828125e+02, 2.934700927734375e+02, 2.934742736816406e+02, 2.934784545898438e+02, 2.934826354980469e+02, 2.934867858886719e+02, 2.934909362792969e+02, 2.934950866699219e+02]
chiller.sigBus.TConOutMea=[2.931499938964844e+02, 2.855783081054688e+02, 2.824364013671875e+02, 2.811531982421875e+02, 2.80622802734375e+02, 2.803974609375e+02, 2.802958068847656e+02, 2.80244384765625e+02, 2.802134704589844e+02, 2.801910705566406e+02, 2.801722106933594e+02, 2.801549682617188e+02, 2.801385192871094e+02, 2.8012255859375e+02, 2.801144714355469e+02, 2.808053283691406e+02, 2.821346435546875e+02, 2.837231750488281e+02, 2.854172973632812e+02, 2.8715478515625e+02, 2.889104919433594e+02, 2.906740417480469e+02, 2.924414367675781e+02, 2.942109069824219e+02, 2.95981689453125e+02, 2.977535400390625e+02, 2.995243835449219e+02, 3.012873229980469e+02, 3.030058898925781e+02, 3.039564819335938e+02, 3.043377380371094e+02, 3.044885559082031e+02, 3.045461120605469e+02, 3.045659790039062e+02, 3.045706176757812e+02, 3.04569091796875e+02, 3.045651550292969e+02, 3.045603332519531e+02, 3.045551452636719e+02, 3.045498657226562e+02, 3.045446166992188e+02, 3.045393981933594e+02, 3.045342407226562e+02, 3.045291442871094e+02, 3.045241394042969e+02, 3.045191955566406e+02, 3.045143127441406e+02, 3.04509521484375e+02, 3.045047912597656e+02, 3.045001220703125e+02, 3.044955444335938e+02, 3.028396911621094e+02, 3.021511840820312e+02, 3.018709106445312e+02, 3.017568054199219e+02, 3.017103271484375e+02, 3.016913452148438e+02, 3.0168359375e+02, 3.016803894042969e+02, 3.016790771484375e+02, 3.016784973144531e+02, 3.016781921386719e+02, 3.016780395507812e+02, 3.016779174804688e+02, 3.016778259277344e+02, 3.01677734375e+02, 3.016776428222656e+02, 3.016775512695312e+02, 3.016774597167969e+02, 3.016773681640625e+02, 3.016772766113281e+02, 3.016771850585938e+02, 3.016770629882812e+02, 3.016769714355469e+02, 3.016768493652344e+02, 3.016767272949219e+02, 3.016766357421875e+02, 3.01676513671875e+02, 3.016763916015625e+02, 3.0167626953125e+02, 3.016761474609375e+02, 3.01676025390625e+02, 3.016759033203125e+02, 3.0167578125e+02, 3.016756591796875e+02, 3.01675537109375e+02, 3.016754150390625e+02, 3.0167529296875e+02, 3.016751403808594e+02, 3.016750183105469e+02, 3.016748962402344e+02, 3.016747741699219e+02, 3.016746520996094e+02, 3.016744995117188e+02, 3.016743774414062e+02, 3.016742553710938e+02, 3.016741027832031e+02, 3.016739807128906e+02, 3.016738586425781e+02, 3.016737365722656e+02, 3.01673583984375e+02]
chiller.sigBus.TEvaOutMea=[3.031499938964844e+02, 3.028995666503906e+02, 3.026094970703125e+02, 3.023240051269531e+02, 3.020430297851562e+02, 3.017664794921875e+02, 3.014943237304688e+02, 3.012264404296875e+02, 3.009627685546875e+02, 3.007032775878906e+02, 3.004479064941406e+02, 3.001965026855469e+02, 2.999490966796875e+02, 2.997055969238281e+02, 2.994659118652344e+02, 2.992310791015625e+02, 2.990021362304688e+02, 2.987790222167969e+02, 2.985615539550781e+02, 2.983496704101562e+02, 2.981431884765625e+02, 2.979420166015625e+02, 2.977460632324219e+02, 2.975552062988281e+02, 2.973693237304688e+02, 2.971883239746094e+02, 2.970124816894531e+02, 2.968430786132812e+02, 2.966810607910156e+02, 2.965235900878906e+02, 2.963683776855469e+02, 2.962154235839844e+02, 2.960646362304688e+02, 2.959160461425781e+02, 2.957695922851562e+02, 2.956252136230469e+02, 2.9548291015625e+02, 2.953426818847656e+02, 2.952044372558594e+02, 2.950681762695312e+02, 2.949338684082031e+02, 2.94801513671875e+02, 2.946710205078125e+02, 2.945424194335938e+02, 2.944156799316406e+02, 2.942907409667969e+02, 2.941675720214844e+02, 2.940462036132812e+02, 2.939265441894531e+02, 2.938086242675781e+02, 2.936923522949219e+02, 2.937636108398438e+02, 2.938630981445312e+02, 2.939621887207031e+02, 2.940606079101562e+02, 2.941581726074219e+02, 2.942548522949219e+02, 2.943506469726562e+02, 2.94445556640625e+02, 2.945395812988281e+02, 2.946327209472656e+02, 2.947250366210938e+02, 2.948164672851562e+02, 2.949070434570312e+02, 2.949967956542969e+02, 2.950857238769531e+02, 2.951738586425781e+02, 2.952611694335938e+02, 2.9534765625e+02, 2.954333801269531e+02, 2.95518310546875e+02, 2.956024780273438e+02, 2.956858825683594e+02, 2.957685241699219e+02, 2.958504028320312e+02, 2.959315795898438e+02, 2.960119934082031e+02, 2.960917053222656e+02, 2.961706848144531e+02, 2.962489318847656e+02, 2.963265075683594e+02, 2.964033813476562e+02, 2.964795837402344e+02, 2.965550842285156e+02, 2.966299133300781e+02, 2.967040710449219e+02, 2.96777587890625e+02, 2.968504333496094e+02, 2.969226379394531e+02, 2.969942016601562e+02, 2.970651550292969e+02, 2.971354370117188e+02, 2.972051391601562e+02, 2.972742004394531e+02, 2.973426513671875e+02, 2.974105224609375e+02, 2.97477783203125e+02, 2.9754443359375e+02, 2.976105346679688e+02, 2.97676025390625e+02, 2.977409362792969e+02]
chiller.innerCycle.QEva=[-8.248181640625e+03, -9.17833984375e+03, -9.0975615234375e+03, -9.0180576171875e+03, -8.9398095703125e+03, -8.8627978515625e+03, -8.7870029296875e+03, -8.7124033203125e+03, -8.6389814453125e+03, -8.5667177734375e+03, -8.49559375e+03, -8.4255908203125e+03, -8.3566904296875e+03, -8.2888759765625e+03, -8.2118681640625e+03, -8.04186279296875e+03, -7.87514697265625e+03, -7.7116298828125e+03, -7.55121533203125e+03, -7.3938095703125e+03, -7.2393232421875e+03, -7.08766748046875e+03, -6.93875732421875e+03, -6.792509765625e+03, -6.64884326171875e+03, -6.50768017578125e+03, -6.31227880859375e+03, -6.050715332031249e+03, -5.82649755859375e+03, -5.792302734375e+03, -5.75860302734375e+03, -5.7253876953125e+03, -5.69264990234375e+03, -5.6603828125e+03, -5.6285791015625e+03, -5.59723193359375e+03, -5.5663349609375e+03, -5.5358818359375e+03, -5.50586572265625e+03, -5.47627978515625e+03, -5.447119140625e+03, -5.4183759765625e+03, -5.39004541015625e+03, -5.36212109375e+03, -5.33459716796875e+03, -5.3074677734375e+03, -5.28072705078125e+03, -5.25436962890625e+03, -5.2283896484375e+03, -5.20278173828125e+03, -5.17754052734375e+03, 4.80481884765625e+03, 4.8388125e+03, 4.85276708984375e+03, 4.85857470703125e+03, 4.86107861328125e+03, 4.8622470703125e+03, 4.8628818359375e+03, 4.86330859375e+03, 4.86366015625e+03, 4.8639912109375e+03, 4.86432373046875e+03, 4.8646650390625e+03, 4.8650185546875e+03, 4.86538623046875e+03, 4.86576708984375e+03, 4.86616162109375e+03, 4.86656884765625e+03, 4.8669892578125e+03, 4.867421875e+03, 4.8678662109375e+03, 4.86832177734375e+03, 4.86878857421875e+03, 4.86926513671875e+03, 4.86975146484375e+03, 4.87024658203125e+03, 4.87075048828125e+03, 4.87126220703125e+03, 4.87178173828125e+03, 4.8723076171875e+03, 4.87284033203125e+03, 4.87337841796875e+03, 4.87392236328125e+03, 4.874470703125e+03, 4.8750234375e+03, 4.875580078125e+03, 4.8761396484375e+03, 4.87670263671875e+03, 4.87726806640625e+03, 4.87783544921875e+03, 4.87840478515625e+03, 4.878974609375e+03, 4.8795458984375e+03, 4.8801181640625e+03, 4.8806904296875e+03, 4.8812626953125e+03, 4.881833984375e+03, 4.88240576171875e+03, 4.88297705078125e+03, 4.883546875e+03, 4.884115234375e+03]
chiller.innerCycle.QCon=[8.7290908203125e+03, 9.6593857421875e+03, 9.5819560546875e+03, 9.505748046875e+03, 9.4307451171875e+03, 9.35692578125e+03, 9.2842724609375e+03, 9.2127666015625e+03, 9.142388671875e+03, 9.07312109375e+03, 9.0049453125e+03, 8.9378447265625e+03, 8.87180078125e+03, 8.8067978515625e+03, 8.7337607421875e+03, 8.5796943359375e+03, 8.4303466796875e+03, 8.2855693359375e+03, 8.145212890625e+03, 8.00913330078125e+03, 7.87718798828125e+03, 7.74924072265625e+03, 7.6251572265625e+03, 7.50480859375e+03, 7.38806884765625e+03, 7.274814453125e+03, 7.13802734375e+03, 6.917020019531249e+03, 6.7225595703125e+03, 6.6969189453125e+03, 6.6716494140625e+03, 6.6467431640625e+03, 6.62219482421875e+03, 6.59799951171875e+03, 6.57415185546875e+03, 6.550646484375e+03, 6.527478515625e+03, 6.5046435546875e+03, 6.48213623046875e+03, 6.45995166015625e+03, 6.43808544921875e+03, 6.41653271484375e+03, 6.3952890625e+03, 6.37435009765625e+03, 6.35371142578125e+03, 6.33336865234375e+03, 6.3133173828125e+03, 6.29355322265625e+03, 6.27407275390625e+03, 6.25487060546875e+03, 6.23594384765625e+03, -5.50105078125e+03, -5.51781201171875e+03, -5.52474658203125e+03, -5.52769140625e+03, -5.52902294921875e+03, -5.52970703125e+03, -5.53013720703125e+03, -5.53047265625e+03, -5.530779296875e+03, -5.5310830078125e+03, -5.53139501953125e+03, -5.53171826171875e+03, -5.5320546875e+03, -5.532404296875e+03, -5.532767578125e+03, -5.5331435546875e+03, -5.5335322265625e+03, -5.5339326171875e+03, -5.53434521484375e+03, -5.5347685546875e+03, -5.535203125e+03, -5.53564794921875e+03, -5.53610205078125e+03, -5.5365654296875e+03, -5.53703759765625e+03, -5.53751806640625e+03, -5.538005859375e+03, -5.5385009765625e+03, -5.53900244140625e+03, -5.539509765625e+03, -5.54002294921875e+03, -5.540541015625e+03, -5.54106396484375e+03, -5.5415908203125e+03, -5.54212109375e+03, -5.54265478515625e+03, -5.54319140625e+03, -5.54373046875e+03, -5.54427099609375e+03, -5.5448134765625e+03, -5.54535693359375e+03, -5.5459013671875e+03, -5.54644677734375e+03, -5.5469921875e+03, -5.54753759765625e+03, -5.54808203125e+03, -5.548626953125e+03, -5.54917138671875e+03, -5.54971435546875e+03, -5.55025634765625e+03]
chiller.innerCycle.Pel=[4.809090881347656e+02, 4.810459594726562e+02, 4.843949279785156e+02, 4.876910400390625e+02, 4.9093505859375e+02, 4.941278381347656e+02, 4.972702331542969e+02, 5.003630065917969e+02, 5.034069519042969e+02, 5.064028930664062e+02, 5.093516235351562e+02, 5.122538452148438e+02, 5.151103515625e+02, 5.179218139648438e+02, 5.218932495117188e+02, 5.378319091796875e+02, 5.551990356445312e+02, 5.7393896484375e+02, 5.93997802734375e+02, 6.153233032226562e+02, 6.378648071289062e+02, 6.61572998046875e+02, 6.863999633789062e+02, 7.12299072265625e+02, 7.392252197265625e+02, 7.6713427734375e+02, 8.257485961914062e+02, 8.663045654296876e+02, 8.960620727539062e+02, 9.046162109375e+02, 9.130464477539062e+02, 9.2135546875e+02, 9.295450439453125e+02, 9.37616943359375e+02, 9.455728759765625e+02, 9.5341455078125e+02, 9.611436157226562e+02, 9.6876171875e+02, 9.762704467773438e+02, 9.836715087890625e+02, 9.909663696289062e+02, 9.981565551757812e+02, 1.00524365234375e+03, 1.012229125976562e+03, 1.019114440917969e+03, 1.025901123046875e+03, 1.032590454101562e+03, 1.039183959960938e+03, 1.045682983398438e+03, 1.052088989257812e+03, 1.058403198242188e+03, 6.9623193359375e+02, 6.789993896484375e+02, 6.71979736328125e+02, 6.691168823242188e+02, 6.679443359375e+02, 6.674598999023438e+02, 6.672552490234375e+02, 6.67164306640625e+02, 6.671192016601562e+02, 6.67091796875e+02, 6.670712890625e+02, 6.670533447265625e+02, 6.670359497070312e+02, 6.67018310546875e+02, 6.670004272460938e+02, 6.669819946289062e+02, 6.669630126953125e+02, 6.669434204101562e+02, 6.669232788085938e+02, 6.669025268554688e+02, 6.668811645507812e+02, 6.668593139648438e+02, 6.668369750976562e+02, 6.66814208984375e+02, 6.66791015625e+02, 6.667673950195312e+02, 6.667434692382812e+02, 6.667191162109375e+02, 6.666945190429688e+02, 6.666695556640625e+02, 6.666443481445312e+02, 6.66618896484375e+02, 6.665932006835938e+02, 6.665672607421875e+02, 6.665411987304688e+02, 6.665149536132812e+02, 6.664885864257812e+02, 6.664620971679688e+02, 6.664354858398438e+02, 6.664088134765625e+02, 6.66382080078125e+02, 6.663552856445312e+02, 6.663284912109375e+02, 6.663016357421875e+02, 6.662747802734375e+02, 6.662479858398438e+02, 6.6622119140625e+02, 6.661943969726562e+02, 6.661676635742188e+02, 6.661409912109375e+02]
