last-generated=2025-12-09
statistics-initialization=
{
  "linear": "4, 4, 4, 4, 4"
}
statistics-simulation=
{
  "linear": "0, 4, 0, 0, 4, 0, 0, 4, 0, 0, 4, 0, 0, 4, 0",
  "nonlinear": "0, 1, 0, 1, 0, 1, 0, 1, 0, 1, 0, 1, 0, 1, 0, 1, 0, 1, 0, 1, 0, 1, 0, 1, 0, 1, 0,   1, 0, 1",
  "number of continuous time states": "50",
  "numerical Jacobians": "0"
}
time=[0e+00, 3.590256875e+05]
multizone.TAir[1]=[2.931499938964844e+02, 2.868214040622817e+02, 2.861695005328708e+02, 2.858127067946911e+02, 2.854762458472782e+02, 2.84958197732581e+02, 2.847007577342987e+02, 2.848090173523055e+02, 2.846042690688295e+02, 2.854969988000393e+02, 2.859698586206436e+02, 2.859150744668407e+02, 2.855054537118912e+02, 2.854422453402784e+02, 2.85998387649999e+02, 2.867800038142204e+02, 2.861606352309333e+02, 2.848223911980788e+02, 2.845166437708855e+02, 2.842694391294003e+02, 2.840754660851161e+02, 2.837110904658159e+02, 2.83556932288403e+02, 2.832169556381543e+02, 2.829036290615082e+02, 2.828967935748895e+02, 2.82494314248795e+02, 2.822377297924518e+02, 2.819068910186344e+02, 2.818192438895119e+02, 2.817408371149699e+02, 2.816033117410448e+02, 2.814919810304828e+02, 2.825692716330369e+02, 2.833210909732175e+02, 2.831843187159337e+02, 2.823997905157089e+02, 2.821512041872554e+02, 2.829725676755269e+02, 2.833221509968693e+02, 2.826349700035519e+02, 2.813669917090346e+02, 2.809486860374133e+02, 2.808091204704867e+02, 2.806500745136473e+02, 2.803851237576008e+02, 2.801234917311456e+02, 2.799465535264409e+02, 2.797464188090007e+02, 2.795854828603162e+02, 2.794418542257945e+02, 2.793797781650384e+02, 2.793309684583876e+02, 2.791461608628114e+02, 2.789488136110306e+02, 2.787317392875618e+02, 2.78644118934319e+02, 2.797683266111533e+02, 2.808255041828473e+02, 2.802720163938173e+02, 2.793772872746786e+02, 2.792106102619578e+02, 2.80401956390667e+02, 2.812915863454328e+02, 2.802288601555719e+02, 2.788742545538328e+02, 2.78373775755914e+02, 2.781564021774504e+02, 2.778996142424265e+02, 2.776744700229327e+02, 2.774292098441124e+02, 2.772368914227115e+02, 2.770614102233887e+02, 2.768589934104655e+02, 2.766485323197895e+02, 2.76487136188875e+02, 2.762295214576933e+02, 2.759439338376681e+02, 2.758061242183049e+02, 2.756000111699528e+02, 2.755446116395404e+02, 2.765204757735252e+02, 2.773211250153541e+02, 2.769775833811102e+02, 2.761788575348536e+02, 2.758930585430463e+02, 2.767974997378244e+02, 2.774287500638148e+02, 2.768403602323228e+02, 2.755768543246428e+02, 2.750546042304039e+02, 2.748490653157552e+02, 2.746858855869505e+02, 2.745127711206754e+02, 2.743535028305266e+02, 2.741320267235438e+02, 2.739966318934123e+02, 2.738427961524168e+02, 2.736858379635281e+02, 2.734203167034149e+02, 2.731499938964844e+02]
multizone.TAir[2]=[2.931499938964844e+02, 2.868214040622817e+02, 2.861695005328708e+02, 2.858127067946911e+02, 2.854762458472782e+02, 2.84958197732581e+02, 2.847007577342987e+02, 2.850511075320774e+02, 2.848609778137638e+02, 2.855556462680817e+02, 2.859480934011671e+02, 2.860499753760297e+02, 2.859507978937785e+02, 2.860618129880693e+02, 2.862352553360581e+02, 2.867421852339109e+02, 2.86216129993693e+02, 2.85259524990657e+02, 2.846682239158631e+02, 2.843678795101696e+02, 2.84171524725914e+02, 2.838067838867982e+02, 2.83652289190091e+02, 2.83312034990867e+02, 2.829985486406962e+02, 2.829915040736728e+02, 2.825888400728332e+02, 2.823321861567974e+02, 2.820013711278916e+02, 2.819137544337538e+02, 2.818352659351031e+02, 2.820680539315435e+02, 2.821491080196574e+02, 2.828004118720373e+02, 2.832788933133368e+02, 2.836816632784686e+02, 2.833545536697388e+02, 2.834390439799415e+02, 2.835973496925566e+02, 2.834017592554437e+02, 2.828023643411e+02, 2.820192753418081e+02, 2.812922232010524e+02, 2.810567674219767e+02, 2.808900560800129e+02, 2.806238320508003e+02, 2.803611926544719e+02, 2.80183201903105e+02, 2.799817046328227e+02, 2.798193991098298e+02, 2.796744009009997e+02, 2.796109552659353e+02, 2.79560775984976e+02, 2.793746510953374e+02, 2.791759690816879e+02, 2.794406894276672e+02, 2.797517780611808e+02, 2.802357771125953e+02, 2.808506326012929e+02, 2.808957078288925e+02, 2.806436870848338e+02, 2.809632969846415e+02, 2.813980138312764e+02, 2.814628966964318e+02, 2.804957281504313e+02, 2.797434133018741e+02, 2.789277228294372e+02, 2.785580265642007e+02, 2.782866682828691e+02, 2.780595336466948e+02, 2.778126034241782e+02, 2.776188198692322e+02, 2.774419327964783e+02, 2.772381649507682e+02, 2.770265111547258e+02, 2.768638305673866e+02, 2.766040578819487e+02, 2.763163031009091e+02, 2.761763566729228e+02, 2.763546114526802e+02, 2.766876358149688e+02, 2.77153194244957e+02, 2.775108116744783e+02, 2.77662971505848e+02, 2.774458676766077e+02, 2.775949504848851e+02, 2.778947204508464e+02, 2.777873305224308e+02, 2.77212273279688e+02, 2.76517152699746e+02, 2.75767622332573e+02, 2.753836276102649e+02, 2.752005309451421e+02, 2.750244414895535e+02, 2.748621982521057e+02, 2.746377395166291e+02, 2.744994072352092e+02, 2.743426497356892e+02, 2.741827922116915e+02, 2.739144019688606e+02, 2.736412353515625e+02]
multizone.TAir[3]=[2.931499938964844e+02, 2.868214040622817e+02, 2.861695005328708e+02, 2.858127067946911e+02, 2.854762458472782e+02, 2.84958197732581e+02, 2.847007577342987e+02, 2.850511075320774e+02, 2.848609778137638e+02, 2.855556462680817e+02, 2.859480934011671e+02, 2.860499753760297e+02, 2.859507978937785e+02, 2.860618129880693e+02, 2.862352553360581e+02, 2.867421852339109e+02, 2.86216129993693e+02, 2.85259524990657e+02, 2.846682239158631e+02, 2.843678795101696e+02, 2.84171524725914e+02, 2.838067838867982e+02, 2.83652289190091e+02, 2.83312034990867e+02, 2.829985486406962e+02, 2.829915040736728e+02, 2.825888400728332e+02, 2.823321861567974e+02, 2.820013711278916e+02, 2.819137544337538e+02, 2.818352659351031e+02, 2.820680539315435e+02, 2.821491080196574e+02, 2.828004118720373e+02, 2.832788933133368e+02, 2.836816632784686e+02, 2.833545536697388e+02, 2.834390439799415e+02, 2.835973496925566e+02, 2.834017592554437e+02, 2.828023643411e+02, 2.820192753418081e+02, 2.812922232010524e+02, 2.810567674219767e+02, 2.808900560800129e+02, 2.806238320508003e+02, 2.803611926544719e+02, 2.80183201903105e+02, 2.799817046328227e+02, 2.798193991098298e+02, 2.796744009009997e+02, 2.796109552659353e+02, 2.79560775984976e+02, 2.793746510953374e+02, 2.791759690816879e+02, 2.794406894276672e+02, 2.797517780611808e+02, 2.802357771125953e+02, 2.808506326012929e+02, 2.808957078288925e+02, 2.806436870848338e+02, 2.809632969846415e+02, 2.813980138312764e+02, 2.814628966964318e+02, 2.804957281504313e+02, 2.797434133018741e+02, 2.789277228294372e+02, 2.785580265642007e+02, 2.782866682828691e+02, 2.780595336466948e+02, 2.778126034241782e+02, 2.776188198692322e+02, 2.774419327964783e+02, 2.772381649507682e+02, 2.770265111547258e+02, 2.768638305673866e+02, 2.766040578819487e+02, 2.763163031009091e+02, 2.761763566729228e+02, 2.763546114526802e+02, 2.766876358149688e+02, 2.77153194244957e+02, 2.775108116744783e+02, 2.77662971505848e+02, 2.774458676766077e+02, 2.775949504848851e+02, 2.778947204508464e+02, 2.777873305224308e+02, 2.77212273279688e+02, 2.76517152699746e+02, 2.75767622332573e+02, 2.753836276102649e+02, 2.752005309451421e+02, 2.750244414895535e+02, 2.748621982521057e+02, 2.746377395166291e+02, 2.744994072352092e+02, 2.743426497356892e+02, 2.741827922116915e+02, 2.739144019688606e+02, 2.736412353515625e+02]
multizone.TAir[4]=[2.931499938964844e+02, 2.868214040622817e+02, 2.861695005328708e+02, 2.858127067946911e+02, 2.854762458472782e+02, 2.84958197732581e+02, 2.847007577342987e+02, 2.850511075320774e+02, 2.848609778137638e+02, 2.855556462680817e+02, 2.859480934011671e+02, 2.860499753760297e+02, 2.859507978937785e+02, 2.860618129880693e+02, 2.862352553360581e+02, 2.867421852339109e+02, 2.86216129993693e+02, 2.85259524990657e+02, 2.846682239158631e+02, 2.843678795101696e+02, 2.84171524725914e+02, 2.838067838867982e+02, 2.83652289190091e+02, 2.83312034990867e+02, 2.829985486406962e+02, 2.829915040736728e+02, 2.825888400728332e+02, 2.823321861567974e+02, 2.820013711278916e+02, 2.819137544337538e+02, 2.818352659351031e+02, 2.820680539315435e+02, 2.821491080196574e+02, 2.828004118720373e+02, 2.832788933133368e+02, 2.836816632784686e+02, 2.833545536697388e+02, 2.834390439799415e+02, 2.835973496925566e+02, 2.834017592554437e+02, 2.828023643411e+02, 2.820192753418081e+02, 2.812922232010524e+02, 2.810567674219767e+02, 2.808900560800129e+02, 2.806238320508003e+02, 2.803611926544719e+02, 2.80183201903105e+02, 2.799817046328227e+02, 2.798193991098298e+02, 2.796744009009997e+02, 2.796109552659353e+02, 2.79560775984976e+02, 2.793746510953374e+02, 2.791759690816879e+02, 2.794406894276672e+02, 2.797517780611808e+02, 2.802357771125953e+02, 2.808506326012929e+02, 2.808957078288925e+02, 2.806436870848338e+02, 2.809632969846415e+02, 2.813980138312764e+02, 2.814628966964318e+02, 2.804957281504313e+02, 2.797434133018741e+02, 2.789277228294372e+02, 2.785580265642007e+02, 2.782866682828691e+02, 2.780595336466948e+02, 2.778126034241782e+02, 2.776188198692322e+02, 2.774419327964783e+02, 2.772381649507682e+02, 2.770265111547258e+02, 2.768638305673866e+02, 2.766040578819487e+02, 2.763163031009091e+02, 2.761763566729228e+02, 2.763546114526802e+02, 2.766876358149688e+02, 2.77153194244957e+02, 2.775108116744783e+02, 2.77662971505848e+02, 2.774458676766077e+02, 2.775949504848851e+02, 2.778947204508464e+02, 2.777873305224308e+02, 2.77212273279688e+02, 2.76517152699746e+02, 2.75767622332573e+02, 2.753836276102649e+02, 2.752005309451421e+02, 2.750244414895535e+02, 2.748621982521057e+02, 2.746377395166291e+02, 2.744994072352092e+02, 2.743426497356892e+02, 2.741827922116915e+02, 2.739144019688606e+02, 2.736412353515625e+02]
multizone.TAir[5]=[2.931499938964844e+02, 2.868214040622817e+02, 2.861695005328708e+02, 2.858127067946911e+02, 2.854762458472782e+02, 2.84958197732581e+02, 2.847007577342987e+02, 2.850511075320774e+02, 2.848609778137638e+02, 2.855556462680817e+02, 2.859480934011671e+02, 2.860499753760297e+02, 2.859507978937785e+02, 2.860618129880693e+02, 2.862352553360581e+02, 2.867421852339109e+02, 2.86216129993693e+02, 2.85259524990657e+02, 2.846682239158631e+02, 2.843678795101696e+02, 2.84171524725914e+02, 2.838067838867982e+02, 2.83652289190091e+02, 2.83312034990867e+02, 2.829985486406962e+02, 2.829915040736728e+02, 2.825888400728332e+02, 2.823321861567974e+02, 2.820013711278916e+02, 2.819137544337538e+02, 2.818352659351031e+02, 2.820680539315435e+02, 2.821491080196574e+02, 2.828004118720373e+02, 2.832788933133368e+02, 2.836816632784686e+02, 2.833545536697388e+02, 2.834390439799415e+02, 2.835973496925566e+02, 2.834017592554437e+02, 2.828023643411e+02, 2.820192753418081e+02, 2.812922232010524e+02, 2.810567674219767e+02, 2.808900560800129e+02, 2.806238320508003e+02, 2.803611926544719e+02, 2.80183201903105e+02, 2.799817046328227e+02, 2.798193991098298e+02, 2.796744009009997e+02, 2.796109552659353e+02, 2.79560775984976e+02, 2.793746510953374e+02, 2.791759690816879e+02, 2.794406894276672e+02, 2.797517780611808e+02, 2.802357771125953e+02, 2.808506326012929e+02, 2.808957078288925e+02, 2.806436870848338e+02, 2.809632969846415e+02, 2.813980138312764e+02, 2.814628966964318e+02, 2.804957281504313e+02, 2.797434133018741e+02, 2.789277228294372e+02, 2.785580265642007e+02, 2.782866682828691e+02, 2.780595336466948e+02, 2.778126034241782e+02, 2.776188198692322e+02, 2.774419327964783e+02, 2.772381649507682e+02, 2.770265111547258e+02, 2.768638305673866e+02, 2.766040578819487e+02, 2.763163031009091e+02, 2.761763566729228e+02, 2.763546114526802e+02, 2.766876358149688e+02, 2.77153194244957e+02, 2.775108116744783e+02, 2.77662971505848e+02, 2.774458676766077e+02, 2.775949504848851e+02, 2.778947204508464e+02, 2.777873305224308e+02, 2.77212273279688e+02, 2.76517152699746e+02, 2.75767622332573e+02, 2.753836276102649e+02, 2.752005309451421e+02, 2.750244414895535e+02, 2.748621982521057e+02, 2.746377395166291e+02, 2.744994072352092e+02, 2.743426497356892e+02, 2.741827922116915e+02, 2.739144019688606e+02, 2.736412353515625e+02]
weaDat.weaBus.TDryBul=[2.803500061035156e+02, 2.803500061035156e+02, 2.803500061035156e+02, 2.798540657389323e+02, 2.792564954827415e+02, 2.775729925588502e+02, 2.775499877929688e+02, 2.79217793327766e+02, 2.781509467190846e+02, 2.808818098860264e+02, 2.820202177939945e+02, 2.825329590609619e+02, 2.8313050744826e+02, 2.837288896810903e+02, 2.842290214943324e+02, 2.869363184968631e+02, 2.870499877929688e+02, 2.84384577375413e+02, 2.8425e+02, 2.837757110243056e+02, 2.8375e+02, 2.821466078096707e+02, 2.825202171332465e+02, 2.810496070761998e+02, 2.799214560832978e+02, 2.8190113573326e+02, 2.794470267799165e+02, 2.7878653671875e+02, 2.771788144819048e+02, 2.786165723578877e+02, 2.802200972746213e+02, 2.808996722157849e+02, 2.803456446142747e+02, 2.834463398159504e+02, 2.84732329658651e+02, 2.86994860560921e+02, 2.870499877929688e+02, 2.870499877929688e+02, 2.870499877929688e+02, 2.855416944106209e+02, 2.858850573796166e+02, 2.84449667840403e+02, 2.838068348958333e+02, 2.84721991556406e+02, 2.848500061035156e+02, 2.833570367894172e+02, 2.821869335875511e+02, 2.824704383184354e+02, 2.821149419596354e+02, 2.824836804144965e+02, 2.830688003622161e+02, 2.850463436894417e+02, 2.868107425226635e+02, 2.861077932015949e+02, 2.854376951205253e+02, 2.844137395370007e+02, 2.842050020416438e+02, 2.847574454744498e+02, 2.861988551378356e+02, 2.854002182197912e+02, 2.876953167120616e+02, 2.886511347631963e+02, 2.891661008680555e+02, 2.892544313981009e+02, 2.874310543518067e+02, 2.870419002358041e+02, 2.861464942002614e+02, 2.854588054394351e+02, 2.840444600121604e+02, 2.832620409737746e+02, 2.822583835673332e+02, 2.820499877929688e+02, 2.820499877929688e+02, 2.815685487377378e+02, 2.810501498806424e+02, 2.814305417013447e+02, 2.7970251653862e+02, 2.779042611875428e+02, 2.788911256522497e+02, 2.783851834132671e+02, 2.794872984690665e+02, 2.810992583690166e+02, 2.819168371694353e+02, 2.820279691055634e+02, 2.82899918967247e+02, 2.836119709917439e+02, 2.8375e+02, 2.833022082750718e+02, 2.836540636762705e+02, 2.832945183874819e+02, 2.831499938964844e+02, 2.82697760025337e+02, 2.825499877929688e+02, 2.821758364908854e+02, 2.820499877929688e+02, 2.807870888088809e+02, 2.811642122879028e+02, 2.810812737521701e+02, 2.809500122070312e+02, 2.789002194275379e+02, 2.771696472167969e+02]
