last-generated=2021-05-09
statistics-initialization=
{
  "nonlinear": "1, 0, 0",
  "numerical Jacobians": "0"
}
statistics-simulation=
{
  "linear": " ",
  "nonlinear": "1, 0, 0, 0, 0, 0, 0",
  "numerical Jacobians": "0"
}
time=[0e+00, 1e+00]
sin.ports[1].m_flow=[9.82457160949707e-01, 9.82457160949707e-01, 9.82457160949707e-01, 9.82457160949707e-01, 9.82457160949707e-01, 9.82457160949707e-01, 9.82457160949707e-01, 9.82457160949707e-01, 9.82457160949707e-01, 9.82457160949707e-01, 9.82457160949707e-01, 9.82457160949707e-01, 9.82457160949707e-01, 9.82457160949707e-01, 9.82457160949707e-01, 9.82457160949707e-01, 9.82457160949707e-01, 9.82457160949707e-01, 9.82457160949707e-01, 9.82457160949707e-01, 9.82457160949707e-01, 9.82457160949707e-01, 9.82457160949707e-01, 9.82457160949707e-01, 9.82457160949707e-01, 9.82457160949707e-01, 9.82457160949707e-01, 9.82457160949707e-01, 9.82457160949707e-01, 9.82457160949707e-01, 9.82457160949707e-01, 9.82457160949707e-01, 9.82457160949707e-01, 9.82457160949707e-01, 9.82457160949707e-01, 9.82457160949707e-01, 9.82457160949707e-01, 9.82457160949707e-01, 9.82457160949707e-01, 9.82457160949707e-01, 9.82457160949707e-01, 9.82457160949707e-01, 9.82457160949707e-01, 9.82457160949707e-01, 9.82457160949707e-01, 9.82457160949707e-01, 9.82457160949707e-01, 9.82457160949707e-01, 9.82457160949707e-01, 9.82457160949707e-01, 9.82457160949707e-01, 4.411396595238593e-12, 4.411396595238593e-12, 4.411396595238593e-12, 4.411396595238593e-12, 4.411396595238593e-12, 4.411396595238593e-12, 4.411396595238593e-12, 4.411396595238593e-12, 4.411396595238593e-12, 4.411396595238593e-12, 4.411396595238593e-12, 4.411396595238593e-12, 4.411396595238593e-12, 4.411396595238593e-12, 4.411396595238593e-12, 4.411396595238593e-12, 4.411396595238593e-12, 4.411396595238593e-12, 4.411396595238593e-12, 4.411396595238593e-12, 4.411396595238593e-12, 4.411396595238593e-12, 4.411396595238593e-12, 4.411396595238593e-12, 4.411396595238593e-12, 4.411396595238593e-12, 4.411396595238593e-12, 4.411396595238593e-12, 4.411396595238593e-12, 4.411396595238593e-12, 4.411396595238593e-12, 4.411396595238593e-12, 4.411396595238593e-12, 4.411396595238593e-12, 4.411396595238593e-12, 4.411396595238593e-12, 4.411396595238593e-12, 4.411396595238593e-12, 4.411396595238593e-12, 4.411396595238593e-12, 4.411396595238593e-12, 4.411396595238593e-12, 4.411396595238593e-12, 4.411396595238593e-12, 4.411396595238593e-12, 4.411396595238593e-12, 4.411396595238593e-12, 4.411396595238593e-12, 4.411396595238593e-12, 4.411396595238593e-12]
