last-generated=2020-11-12
statistics-initialization=
{
  "linear": "0, 0, 0, 0, 0, 0",
  "nonlinear": "2",
  "numerical Jacobians": "0"
}
statistics-simulation=
{
  "linear": " ",
  "nonlinear": " ",
  "number of continuous time states": "12",
  "numerical Jacobians": "0"
}
time=[0e+00, 1.4e+03]
senTem1.T=[2.931499938964844e+02, 3.017919692051263e+02, 3.031503386320891e+02, 3.0316259765625e+02, 3.031806749885465e+02, 3.032011677306376e+02, 3.032221419722945e+02, 3.032432390377845e+02, 3.032643112370997e+02, 3.03285407172309e+02, 3.033064861533082e+02, 3.033275737997926e+02, 3.033486610695168e+02, 3.03369733268832e+02, 3.033908024540654e+02, 3.034118482801649e+02, 3.034329193491994e+02, 3.034539704499421e+02, 3.034750162760417e+02, 3.034960621021412e+02, 3.035170992627556e+02, 3.035381232367621e+02, 3.035591686861015e+02, 3.035801881389854e+02, 3.036012075918692e+02, 3.036222178141276e+02, 3.036329379611545e+02, 3.036368408203125e+02]
senTem2.T=[2.931499938964844e+02, 3.017919692051263e+02, 3.031449019820602e+02, 3.029638784903067e+02, 3.02696802586685e+02, 3.023937999584057e+02, 3.020835944281684e+02, 3.017720122160735e+02, 3.0146028080693e+02, 3.011485731336805e+02, 3.00836907280816e+02, 3.00525301332827e+02, 3.002137620713976e+02, 2.999022894965278e+02, 2.995908836082176e+02, 2.99279547797309e+02, 2.989682877152055e+02, 2.98657115418234e+02, 2.983459981282552e+02, 2.980349381058305e+02, 2.977239447699653e+02, 2.97413013599537e+02, 2.971021276403357e+02, 2.96791345666956e+02, 2.964806315104167e+02, 2.961699840404369e+02, 2.960117210105614e+02, 2.959541625976562e+02]
senTem.T=[2.931499938964844e+02, 3.017919692051263e+02, 3.031503273292824e+02, 3.031622111002604e+02, 3.031797440140336e+02, 3.031996399679302e+02, 3.032200170446325e+02, 3.032404577938127e+02, 3.032609234091676e+02, 3.032813890245226e+02, 3.033018546398775e+02, 3.033223202552325e+02, 3.033427745677807e+02, 3.0336321380992e+02, 3.033836530520592e+02, 3.034040922941985e+02, 3.034245315363378e+02, 3.034449496799045e+02, 3.034653795030382e+02, 3.034858059353298e+02, 3.035062188042535e+02, 3.035266316731771e+02, 3.035470445421007e+02, 3.035674574110243e+02, 3.035878476743345e+02, 3.03608224939417e+02, 3.036186165515288e+02, 3.036224060058594e+02]
senRelHum1.phi=[5e-01, 4.299644062548508e-01, 4.19038611429709e-01, 4.218716798005281e-01, 4.260449229199209e-01, 4.307698471310698e-01, 4.355955201166647e-01, 4.404312074184418e-01, 4.452565014362335e-01, 4.500689307848613e-01, 4.548689870186794e-01, 4.596565509283984e-01, 4.644315894003267e-01, 4.691941234064691e-01, 4.739442000418533e-01, 4.786812055993963e-01, 4.834041106112209e-01, 4.881146605368014e-01, 4.928128586875068e-01, 4.974987551018044e-01, 5.021723781102969e-01, 5.068337321281433e-01, 5.114828863261658e-01, 5.161177729382928e-01, 5.207402971055772e-01, 5.253523234967832e-01, 5.27696982577995e-01, 5.285491943359375e-01]
senRelHum2.phi=[5e-01, 4.299644062548508e-01, 4.191695815987057e-01, 4.267438617017534e-01, 4.381131603394026e-01, 4.513020243173764e-01, 4.651501554029959e-01, 4.794260403256357e-01, 4.941326880160673e-01, 5.092540184656779e-01, 5.247727904790713e-01, 5.407002590320729e-01, 5.570467666343406e-01, 5.738219964651414e-01, 5.910361151636383e-01, 6.087239406726979e-01, 6.26942065027025e-01, 6.456392841574586e-01, 6.648285984992981e-01, 6.845222821942082e-01, 7.047329324263113e-01, 7.254743951338309e-01, 7.467619129169134e-01, 7.687038102267701e-01, 7.912351312460723e-01, 8.142770749551279e-01, 8.262791184731472e-01, 8.306820392608643e-01]
senRelHum.phi=[5e-01, 4.299644062548508e-01, 4.190388542634469e-01, 4.218807264610573e-01, 4.260671698016885e-01, 4.308073505943204e-01, 4.356489623034442e-01, 4.405009746551514e-01, 4.453429579734802e-01, 4.501724474959903e-01, 4.549899112295221e-01, 4.597951997945338e-01, 4.645882668318572e-01, 4.693691403041651e-01, 4.741378820236818e-01, 4.788938948401699e-01, 4.83636176880495e-01, 4.883663882443934e-01, 4.93084579706192e-01, 4.977907792285637e-01, 5.024850044721438e-01, 5.071672819278858e-01, 5.118376634739064e-01, 5.164941328543204e-01, 5.211385488510132e-01, 5.25772734924599e-01, 5.281287910025797e-01, 5.289852023124695e-01]
senRelHum1.port_b.Xi_outflow[1]=[9.999999776482582e-03, 9.999999776482582e-03, 1.000231790735766e-02, 1.007909386384266e-02, 1.019060370270853e-02, 1.031660617409665e-02, 1.044552869818829e-02, 1.057503763356327e-02, 1.070464370243343e-02, 1.083426643162966e-02, 1.096389459928981e-02, 1.109352400871339e-02, 1.122315341813697e-02, 1.135278304601893e-02, 1.14824131683067e-02, 1.161204257773028e-02, 1.174167198715387e-02, 1.187130139657745e-02, 1.200093132340246e-02, 1.213056114674718e-02, 1.226019055617076e-02, 1.238982010356806e-02, 1.25194503063405e-02, 1.264907971576408e-02, 1.277870912518766e-02, 1.290833853461124e-02, 1.297273923769409e-02, 1.299603749066591e-02]
senRelHum2.port_b.Xi_outflow[1]=[9.999999776482582e-03, 9.999999776482582e-03, 1.000231790735766e-02, 1.007909386384266e-02, 1.019060370270853e-02, 1.031660617409665e-02, 1.044552869818829e-02, 1.057503763356327e-02, 1.070464370243343e-02, 1.083426643162966e-02, 1.096389459928981e-02, 1.109352400871339e-02, 1.122315341813697e-02, 1.135278304601893e-02, 1.14824131683067e-02, 1.161204257773028e-02, 1.174167198715387e-02, 1.187130139657745e-02, 1.200093132340246e-02, 1.213056114674718e-02, 1.226019055617076e-02, 1.238982010356806e-02, 1.25194503063405e-02, 1.264907971576408e-02, 1.277870912518766e-02, 1.290833853461124e-02, 1.297273923769409e-02, 1.299603749066591e-02]
senRelHum.port_b.Xi_outflow[1]=[9.999999776482582e-03, 9.999999776482582e-03, 1.000231790735766e-02, 1.007909386384266e-02, 1.019060370270853e-02, 1.031660617409665e-02, 1.044552869818829e-02, 1.057503763356327e-02, 1.070464370243343e-02, 1.083426643162966e-02, 1.096389459928981e-02, 1.109352400871339e-02, 1.122315341813697e-02, 1.135278304601893e-02, 1.14824131683067e-02, 1.161204257773028e-02, 1.174167198715387e-02, 1.187130139657745e-02, 1.200093132340246e-02, 1.213056114674718e-02, 1.226019055617076e-02, 1.238982010356806e-02, 1.25194503063405e-02, 1.264907971576408e-02, 1.277870912518766e-02, 1.290833853461124e-02, 1.297273923769409e-02, 1.299603749066591e-02]
