last-generated=2021-05-06
statistics-simulation=
{
  "linear": " ",
  "nonlinear": "1",
  "number of continuous time states": "3",
  "numerical Jacobians": "0"
}
time=[0e+00, 3.1536e+07]
senTem.T=[2.931499938964844e+02, 2.721241149902344e+02, 2.514559631347656e+02, 2.749554138183594e+02, 2.752897033691406e+02, 2.748500671386719e+02, 2.680184631347656e+02, 2.625499877929688e+02, 2.559499969482422e+02, 2.705827331542969e+02, 2.609495239257812e+02, 2.712847900390625e+02, 2.72256591796875e+02, 2.720381774902344e+02, 2.639714660644531e+02, 2.742504272460938e+02, 2.713695373535156e+02, 2.732698364257812e+02, 2.7875e+02, 2.804637756347656e+02, 2.725500183105469e+02, 2.804529418945312e+02, 2.735154418945312e+02, 2.737742919921875e+02, 2.856378784179688e+02, 2.764501342773438e+02, 2.732781677246094e+02, 2.810540161132812e+02, 2.796651611328125e+02, 2.987299194335938e+02, 2.809496459960938e+02, 2.825499877929688e+02, 2.815383911132812e+02, 2.886298217773438e+02, 2.888382873535156e+02, 2.842501525878906e+02, 2.879098205566406e+02, 2.791741638183594e+02, 2.91135986328125e+02, 2.938404541015625e+02, 2.825502014160156e+02, 3.021210021972656e+02, 2.913893737792969e+02, 3.000142211914062e+02, 2.889258117675781e+02, 2.914498901367188e+02, 2.8875e+02, 3.0375e+02, 2.797555847167969e+02, 2.962147827148438e+02, 2.959496154785156e+02, 2.957228393554688e+02, 2.929083557128906e+02, 3.001296997070312e+02, 2.9791015625e+02, 2.998504028320312e+02, 3.010234375e+02, 2.920499877929688e+02, 3.001724243164062e+02, 2.98227294921875e+02, 2.859501037597656e+02, 2.969177551269531e+02, 2.927781677246094e+02, 2.895787048339844e+02, 3.005044555664062e+02, 2.920497741699219e+02, 2.935903015136719e+02, 2.937061157226562e+02, 2.910377502441406e+02, 2.925613403320312e+02, 2.892497863769531e+02, 2.925499877929688e+02, 2.856875305175781e+02, 2.925940856933594e+02, 2.8733935546875e+02, 2.881502990722656e+02, 2.88850830078125e+02, 2.794696960449219e+02, 2.850623779296875e+02, 2.799443054199219e+02, 2.792501525878906e+02, 2.823743896484375e+02, 2.778875122070312e+02, 2.807868957519531e+02, 2.935285339355469e+02, 2.864501037597656e+02, 2.748500061035156e+02, 2.840024108886719e+02, 2.7540380859375e+02, 2.703080139160156e+02, 2.65949951171875e+02, 2.618322143554688e+02, 2.719844970703125e+02, 2.773252258300781e+02, 2.656997680664062e+02, 2.725499267578125e+02, 2.664148559570312e+02, 2.676314392089844e+02, 2.699958190917969e+02, 2.683116455078125e+02, 2.675001831054688e+02]
senMasFra.X=[9.999999776482582e-03, 3.122324123978615e-03, 3.440456348471344e-04, 3.512016497552395e-03, 2.463768236339092e-03, 3.357769455760717e-03, 2.008538926020265e-03, 8.566561155021191e-04, 6.286120624281466e-04, 2.316790632903576e-03, 7.602201076224446e-04, 2.588141011074185e-03, 2.249997342005372e-03, 1.958960900083184e-03, 1.352632069028914e-03, 2.970922272652388e-03, 2.319993451237679e-03, 3.376397769898176e-03, 4.214719869196415e-03, 5.772028584033251e-03, 2.396865282207727e-03, 2.101043704897165e-03, 2.557931467890739e-03, 3.471722360700369e-03, 5.14126755297184e-03, 4.624387249350548e-03, 2.612673677504063e-03, 5.075270310044289e-03, 5.972909275442362e-03, 1.082433573901653e-02, 3.256193827837706e-03, 5.586483050137758e-03, 6.793135311454535e-03, 7.119860965758562e-03, 4.839678760617971e-03, 3.090072888880968e-03, 5.293469876050949e-03, 4.804949276149273e-03, 7.916456088423729e-03, 7.3775346390903e-03, 4.066712688654661e-03, 1.339245215058327e-02, 8.334290236234665e-03, 1.098216231912374e-02, 8.108844980597496e-03, 1.092417072504759e-02, 7.655843626707792e-03, 9.597382508218288e-03, 3.74301802366972e-03, 1.086646225303411e-02, 1.063928846269846e-02, 1.318647619336843e-02, 7.559601217508316e-03, 1.301906816661358e-02, 1.773531548678875e-02, 1.061228569597006e-02, 1.530793216079473e-02, 1.274931244552135e-02, 1.501039601862431e-02, 1.898549683392048e-02, 7.296127267181873e-03, 1.192087586969137e-02, 1.301258336752653e-02, 9.803417138755322e-03, 1.684054546058178e-02, 1.093714125454426e-02, 1.037032064050436e-02, 8.504835888743401e-03, 1.057500950992107e-02, 9.490563534200191e-03, 8.473607711493969e-03, 1.297081541270018e-02, 8.160363882780075e-03, 8.16616602241993e-03, 8.51289089769125e-03, 6.519924383610487e-03, 6.301362998783588e-03, 4.451035056263208e-03, 6.538078188896179e-03, 5.301995202898979e-03, 4.581397864967585e-03, 4.089147318154573e-03, 4.156009759753942e-03, 5.062701646238565e-03, 1.138131972402334e-02, 9.055964648723602e-03, 2.955557778477669e-03, 3.844365477561951e-03, 2.814590930938721e-03, 1.774938777089119e-03, 1.572474371641874e-03, 1.226379768922925e-03, 2.5794911198318e-03, 3.334081033244729e-03, 1.538564916700125e-03, 2.934439340606332e-03, 1.453839358873665e-03, 2.023445442318916e-03, 1.696712104603648e-03, 2.37315078265965e-03, 1.716400147415698e-03]
senRelHum.phi=[5e-01, 9.042378067970276e-01, 6.391879916191101e-01, 8.199999928474426e-01, 5.620055794715881e-01, 7.900058031082153e-01, 8.226158618927002e-01, 5.661154985427856e-01, 7.599999904632568e-01, 7.634303569793701e-01, 5.800138711929321e-01, 8.040751218795776e-01, 6.447942852973938e-01, 5.717806816101074e-01, 7.877496480941772e-01, 7.300052046775818e-01, 7.157644033432007e-01, 8.899999856948853e-01, 7.525686025619507e-01, 9.148651361465454e-01, 6.699916124343872e-01, 3.340027630329132e-01, 6.624066829681396e-01, 8.820917010307312e-01, 5.760959982872009e-01, 9.699986577033997e-01, 6.884852051734924e-01, 7.729529142379761e-01, 1e+00, 5.338967442512512e-01, 5.000065565109253e-01, 7.685593962669373e-01, 1e+00, 6.56241238117218e-01, 4.40763920545578e-01, 3.799968957901001e-01, 5.115852952003479e-01, 8.327927589416504e-01, 6.219888925552368e-01, 4.900138974189758e-01, 5.599847435951233e-01, 5.407581925392151e-01, 6.44311249256134e-01, 5.021139979362488e-01, 7.32917845249176e-01, 8.400136828422546e-01, 6.99999988079071e-01, 3.537025153636932e-01, 6.233835220336914e-01, 6.230841875076294e-01, 6.20013952255249e-01, 7.778878808021545e-01, 5.318230390548706e-01, 5.904666781425476e-01, 9.146806597709656e-01, 4.899822771549225e-01, 6.580055356025696e-01, 9.431783556938171e-01, 6.78256094455719e-01, 9.600969552993774e-01, 7.999984622001648e-01, 6.547479033470154e-01, 9.198352694511414e-01, 8.490427732467651e-01, 7.454745769500732e-01, 8.10013473033905e-01, 6.982327103614807e-01, 5.691959261894226e-01, 8.34676206111908e-01, 6.814187169075012e-01, 7.500251531600952e-01, 9.300000071525574e-01, 9.098290205001831e-01, 5.85605800151825e-01, 8.51990818977356e-01, 6.199771165847778e-01, 5.729219913482666e-01, 7.560104131698608e-01, 7.603222131729126e-01, 8.711155652999878e-01, 7.899885773658752e-01, 5.697740316390991e-01, 7.881025671958923e-01, 7.852513790130615e-01, 7.687603831291199e-01, 9.599949717521667e-01, 6.955472826957703e-01, 4.803870618343353e-01, 6.36633574962616e-01, 5.987301468849182e-01, 7.700121998786926e-01, 8.639707565307617e-01, 7.559916377067566e-01, 6.579880118370056e-01, 7.699999809265137e-01, 8.200005292892456e-01, 6.838136911392212e-01, 8.566914796829224e-01, 5.876175761222839e-01, 9.477263689041138e-01, 7.350124716758728e-01]
