last-generated=2020-03-30
statistics-simulation=
{
  "linear": " ",
  "nonlinear": "0, 1",
  "numerical Jacobians": "0"
}
humanIntGains.uRel=[0e+00, 0e+00, 0e+00, 0e+00, 0e+00, 0e+00, 0e+00, 0e+00, 0e+00, 0e+00, 0e+00, 0e+00, 0e+00, 0e+00, 0e+00, 0e+00, 0e+00, 0e+00, 0e+00, 0e+00, 0e+00, 0e+00, 0e+00, 0e+00, 0e+00, 0e+00, 0e+00, 0e+00, 0e+00, 0e+00, 0e+00, 0e+00, 0e+00, 0e+00, 1e+00, 1e+00, 1e+00, 1e+00, 1e+00, 1e+00, 1e+00, 1e+00, 1e+00, 1e+00, 1e+00, 1e+00, 1e+00, 1e+00, 1e+00, 1e+00, 1e+00, 0e+00, 0e+00, 0e+00, 0e+00, 1e+00, 1e+00, 1e+00, 1e+00, 1e+00, 1e+00, 1e+00, 1e+00, 1e+00, 1e+00, 1e+00, 1e+00, 1e+00, 1e+00, 1e+00, 1e+00, 1e+00, 1e+00, 1e+00, 1e+00, 1e+00, 0e+00, 0e+00, 0e+00, 0e+00, 0e+00, 0e+00, 0e+00, 0e+00, 0e+00, 0e+00, 0e+00, 0e+00, 0e+00, 0e+00, 0e+00, 0e+00, 0e+00, 0e+00, 0e+00, 0e+00, 0e+00, 0e+00, 0e+00, 0e+00, 0e+00]
time=[0e+00, 8.64e+04]
humanIntGains.TRoom.T=[2.931499938964844e+02, 2.930244140625e+02, 2.928993225097656e+02, 2.927752380371094e+02, 2.926526184082031e+02, 2.925319519042969e+02, 2.924137573242188e+02, 2.922984313964844e+02, 2.921864929199219e+02, 2.920783386230469e+02, 2.919744262695312e+02, 2.918751525878906e+02, 2.917809143066406e+02, 2.916920776367188e+02, 2.916089782714844e+02, 2.915319519042969e+02, 2.914613342285156e+02, 2.913973999023438e+02, 2.9134033203125e+02, 2.912904357910156e+02, 2.912478942871094e+02, 2.912128295898438e+02, 2.911854248046875e+02, 2.91165771484375e+02, 2.911539611816406e+02, 2.911499938964844e+02, 2.911539611816406e+02, 2.91165771484375e+02, 2.911854248046875e+02, 2.912128295898438e+02, 2.912478942871094e+02, 2.912904357910156e+02, 2.9134033203125e+02, 2.913973999023438e+02, 2.914613342285156e+02, 2.915319519042969e+02, 2.916089782714844e+02, 2.916920776367188e+02, 2.917809143066406e+02, 2.918751525878906e+02, 2.919744262695312e+02, 2.920783386230469e+02, 2.921864929199219e+02, 2.922984313964844e+02, 2.924137573242188e+02, 2.925319519042969e+02, 2.926526184082031e+02, 2.927752380371094e+02, 2.928993225097656e+02, 2.930244140625e+02, 2.931499938964844e+02, 2.932755737304688e+02, 2.934006652832031e+02, 2.935247497558594e+02, 2.936473693847656e+02, 2.937680358886719e+02, 2.938862609863281e+02, 2.940015563964844e+02, 2.941134948730469e+02, 2.942216491699219e+02, 2.943255615234375e+02, 2.944248352050781e+02, 2.945191040039062e+02, 2.946079406738281e+02, 2.946910400390625e+02, 2.947680358886719e+02, 2.948386535644531e+02, 2.949026184082031e+02, 2.949596557617188e+02, 2.950095520019531e+02, 2.950521240234375e+02, 2.95087158203125e+02, 2.951145629882812e+02, 2.951342163085938e+02, 2.951460571289062e+02, 2.951499938964844e+02, 2.951460571289062e+02, 2.951342163085938e+02, 2.951145629882812e+02, 2.95087158203125e+02, 2.950521240234375e+02, 2.950095520019531e+02, 2.949596557617188e+02, 2.949026184082031e+02, 2.948386535644531e+02, 2.947680358886719e+02, 2.946910400390625e+02, 2.946079406738281e+02, 2.945191040039062e+02, 2.944248352050781e+02, 2.943255615234375e+02, 2.942216491699219e+02, 2.941134948730469e+02, 2.940015563964844e+02, 2.938862609863281e+02, 2.937680358886719e+02, 2.936473693847656e+02, 2.935247497558594e+02, 2.934006652832031e+02, 2.932755737304688e+02, 2.931499938964844e+02]
humanIntGains.QLat_flow=[0e+00, 0e+00, 0e+00, 0e+00, 0e+00, 0e+00, 0e+00, 0e+00, 0e+00, 0e+00, 0e+00, 0e+00, 0e+00, 0e+00, 0e+00, 0e+00, 0e+00, 0e+00, 0e+00, 0e+00, 0e+00, 0e+00, 0e+00, 0e+00, 0e+00, 0e+00, 0e+00, 0e+00, 0e+00, 0e+00, 0e+00, 0e+00, 0e+00, 0e+00, 2.741830635070801e+01, 2.760627555847168e+01, 2.781123924255371e+01, 2.803239059448242e+01, 2.826885604858398e+01, 2.851970291137695e+01, 2.87839412689209e+01, 2.90605297088623e+01, 2.934837341308594e+01, 2.964633750915527e+01, 2.99532470703125e+01, 3.026788902282715e+01, 3.058902359008789e+01, 3.091538429260254e+01, 3.124567985534668e+01, 3.157860946655273e+01, 3.191285705566406e+01, 0e+00, 0e+00, 0e+00, 0e+00, 3.355782699584961e+01, 3.387246704101562e+01, 3.417937850952148e+01, 3.447734069824219e+01, 3.476518630981445e+01, 3.504177093505859e+01, 3.530601119995117e+01, 3.555685806274414e+01, 3.57933235168457e+01, 3.601447677612305e+01, 3.621944046020508e+01, 3.640740966796875e+01, 3.657763671875e+01, 3.672945785522461e+01, 3.686227035522461e+01, 3.697554779052734e+01, 3.706884765625e+01, 3.714179611206055e+01, 3.719411087036133e+01, 3.722558212280273e+01, 3.723608779907227e+01, 0e+00, 0e+00, 0e+00, 0e+00, 0e+00, 0e+00, 0e+00, 0e+00, 0e+00, 0e+00, 0e+00, 0e+00, 0e+00, 0e+00, 0e+00, 0e+00, 0e+00, 0e+00, 0e+00, 0e+00, 0e+00, 0e+00, 0e+00, 0e+00, 0e+00]
humanIntGains.radHeat.Q_flow=[0e+00, 0e+00, 0e+00, 0e+00, 0e+00, 0e+00, 0e+00, 0e+00, 0e+00, 0e+00, 0e+00, 0e+00, 0e+00, 0e+00, 0e+00, 0e+00, 0e+00, 0e+00, 0e+00, 0e+00, 0e+00, 0e+00, 0e+00, 0e+00, 0e+00, 0e+00, 0e+00, 0e+00, 0e+00, 0e+00, 0e+00, 0e+00, 0e+00, 0e+00, -3.100535583496094e+01, -3.093162727355957e+01, -3.085123252868652e+01, -3.076448631286621e+01, -3.067173385620117e+01, -3.057334136962891e+01, -3.046969604492188e+01, -3.03612060546875e+01, -3.02483024597168e+01, -3.013142776489258e+01, -3.001104354858398e+01, -2.988762664794922e+01, -2.976166534423828e+01, -2.963365173339844e+01, -2.950409507751465e+01, -2.937350654602051e+01, -2.924239921569824e+01, 0e+00, 0e+00, 0e+00, 0e+00, -2.859717178344727e+01, -2.847375679016113e+01, -2.835337257385254e+01, -2.823649787902832e+01, -2.812359428405762e+01, -2.801510429382324e+01, -2.791145896911621e+01, -2.781306648254395e+01, -2.772031402587891e+01, -2.763356781005859e+01, -2.755317306518555e+01, -2.747944259643555e+01, -2.741267204284668e+01, -2.735312080383301e+01, -2.730102729797363e+01, -2.725659370422363e+01, -2.721999740600586e+01, -2.719138336181641e+01, -2.717086410522461e+01, -2.715851974487305e+01, -2.715439987182617e+01, 0e+00, 0e+00, 0e+00, 0e+00, 0e+00, 0e+00, 0e+00, 0e+00, 0e+00, 0e+00, 0e+00, 0e+00, 0e+00, 0e+00, 0e+00, 0e+00, 0e+00, 0e+00, 0e+00, 0e+00, 0e+00, 0e+00, 0e+00, 0e+00, -0e+00]
humanIntGains.convHeat.Q_flow=[0e+00, 0e+00, 0e+00, 0e+00, 0e+00, 0e+00, 0e+00, 0e+00, 0e+00, 0e+00, 0e+00, 0e+00, 0e+00, 0e+00, 0e+00, 0e+00, 0e+00, 0e+00, 0e+00, 0e+00, 0e+00, 0e+00, 0e+00, 0e+00, 0e+00, 0e+00, 0e+00, 0e+00, 0e+00, 0e+00, 0e+00, 0e+00, 0e+00, 0e+00, -4.650803375244141e+01, -4.639744186401367e+01, -4.627684783935547e+01, -4.6146728515625e+01, -4.600760269165039e+01, -4.586001205444336e+01, -4.570454406738281e+01, -4.554180908203125e+01, -4.537245178222656e+01, -4.519713973999023e+01, -4.501656723022461e+01, -4.483143997192383e+01, -4.464249801635742e+01, -4.445047760009766e+01, -4.425614547729492e+01, -4.406026077270508e+01, -4.386360168457031e+01, 0e+00, 0e+00, 0e+00, 0e+00, -4.289575958251953e+01, -4.271063232421875e+01, -4.253005981445312e+01, -4.23547477722168e+01, -4.218539047241211e+01, -4.202265548706055e+01, -4.18671875e+01, -4.171959686279297e+01, -4.158047103881836e+01, -4.145035171508789e+01, -4.132975769042969e+01, -4.121916580200195e+01, -4.11190071105957e+01, -4.102968215942383e+01, -4.095154190063477e+01, -4.088489151000977e+01, -4.082999801635742e+01, -4.078707504272461e+01, -4.075629806518555e+01, -4.07377815246582e+01, -4.073160171508789e+01, 0e+00, 0e+00, 0e+00, 0e+00, 0e+00, 0e+00, 0e+00, 0e+00, 0e+00, 0e+00, 0e+00, 0e+00, 0e+00, 0e+00, 0e+00, 0e+00, 0e+00, 0e+00, 0e+00, 0e+00, 0e+00, 0e+00, 0e+00, 0e+00, -0e+00]
