last-generated=2021-05-11
statistics-initialization=
{
  "nonlinear": "0, 0",
  "numerical Jacobians": "0"
}
statistics-simulation=
{
  "linear": " ",
  "nonlinear": " ",
  "number of continuous time states": "1",
  "numerical Jacobians": "0"
}
time=[0e+00, 3.6e+03]
dyn.Q_flow=[-1e+02, -1e+02, -1e+02, -1e+02, -1e+02, -1e+02, -1e+02, -1e+02, -1e+02, -1e+02, -1e+02, -1e+02, -1e+02, -1e+02, -1e+02, -1e+02, -1e+02, -1e+02, -1e+02, -1e+02, -1e+02, -1e+02, -1e+02, -1e+02, -1e+02, -1e+02, 0e+00, 0e+00, 0e+00, 0e+00, 0e+00, 0e+00, 0e+00, 0e+00, 0e+00, 0e+00, 0e+00, 0e+00, 0e+00, 0e+00, 0e+00, 0e+00, 0e+00, 0e+00, 0e+00, 0e+00, 0e+00, 0e+00, 0e+00, 0e+00, 0e+00, 1e+02, 1e+02, 1e+02, 1e+02, 1e+02, 1e+02, 1e+02, 1e+02, 1e+02, 1e+02, 1e+02, 1e+02, 1e+02, 1e+02, 1e+02, 1e+02, 1e+02, 1e+02, 1e+02, 1e+02, 1e+02, 1e+02, 1e+02, 1e+02, 1e+02, 1e+02, 1e+02, 1e+02, 1e+02, 1e+02, 1e+02, 1e+02, 1e+02, 1e+02, 1e+02, 1e+02, 1e+02, 1e+02, 1e+02, 1e+02, 1e+02, 1e+02, 1e+02, 1e+02, 1e+02, 1e+02, 1e+02, 1e+02, 1e+02, 1e+02]
dyn.medium.T=[2.931499938964844e+02, 2.930643615722656e+02, 2.929802551269531e+02, 2.928976440429688e+02, 2.928164978027344e+02, 2.9273681640625e+02, 2.926585693359375e+02, 2.925817260742188e+02, 2.925062561035156e+02, 2.9243212890625e+02, 2.923593444824219e+02, 2.922878723144531e+02, 2.922176818847656e+02, 2.921487426757812e+02, 2.920810241699219e+02, 2.920145263671875e+02, 2.9194921875e+02, 2.918851013183594e+02, 2.918221130371094e+02, 2.9176025390625e+02, 2.916995239257812e+02, 2.916398620605469e+02, 2.915812683105469e+02, 2.915237426757812e+02, 2.914672241210938e+02, 2.914117431640625e+02, 2.9144287109375e+02, 2.914734802246094e+02, 2.915035095214844e+02, 2.915330200195312e+02, 2.9156201171875e+02, 2.915904541015625e+02, 2.91618408203125e+02, 2.916458740234375e+02, 2.916728210449219e+02, 2.916993103027344e+02, 2.917252807617188e+02, 2.917508239746094e+02, 2.9177587890625e+02, 2.918005065917969e+02, 2.9182470703125e+02, 2.918484497070312e+02, 2.918717651367188e+02, 2.918946533203125e+02, 2.919171447753906e+02, 2.919392395019531e+02, 2.919609069824219e+02, 2.919822082519531e+02, 2.920031433105469e+02, 2.92023681640625e+02, 2.920438537597656e+02, 2.921493225097656e+02, 2.922528991699219e+02, 2.923546142578125e+02, 2.924545288085938e+02, 2.925526428222656e+02, 2.926490173339844e+02, 2.9274365234375e+02, 2.928365783691406e+02, 2.929278259277344e+02, 2.930174560546875e+02, 2.931054992675781e+02, 2.931919250488281e+02, 2.932768249511719e+02, 2.933601989746094e+02, 2.934420776367188e+02, 2.935224914550781e+02, 2.936014709472656e+02, 2.936790161132812e+02, 2.937551879882812e+02, 2.938299865722656e+02, 2.939034423828125e+02, 2.939755859375e+02, 2.940464477539062e+02, 2.941160278320312e+02, 2.941843566894531e+02, 2.9425146484375e+02, 2.943173828125e+02, 2.943821105957031e+02, 2.944456787109375e+02, 2.945081176757812e+02, 2.945694274902344e+02, 2.94629638671875e+02, 2.946887817382812e+02, 2.947468566894531e+02, 2.948038940429688e+02, 2.948598937988281e+02, 2.949149169921875e+02, 2.949689331054688e+02, 2.950220031738281e+02, 2.950740966796875e+02, 2.951252746582031e+02, 2.95175537109375e+02, 2.952248840332031e+02, 2.952733764648438e+02, 2.953209838867188e+02, 2.953677062988281e+02, 2.954136352539062e+02, 2.954587097167969e+02, 2.955030212402344e+02, 2.955465087890625e+02]
ste.sta_b.T=[2.88369873046875e+02, 2.88369873046875e+02, 2.88369873046875e+02, 2.88369873046875e+02, 2.88369873046875e+02, 2.88369873046875e+02, 2.88369873046875e+02, 2.88369873046875e+02, 2.88369873046875e+02, 2.88369873046875e+02, 2.88369873046875e+02, 2.88369873046875e+02, 2.88369873046875e+02, 2.88369873046875e+02, 2.88369873046875e+02, 2.88369873046875e+02, 2.88369873046875e+02, 2.88369873046875e+02, 2.88369873046875e+02, 2.88369873046875e+02, 2.88369873046875e+02, 2.88369873046875e+02, 2.88369873046875e+02, 2.88369873046875e+02, 2.88369873046875e+02, 2.88369873046875e+02, 2.931499938964844e+02, 2.931499938964844e+02, 2.931499938964844e+02, 2.931499938964844e+02, 2.931499938964844e+02, 2.931499938964844e+02, 2.931499938964844e+02, 2.931499938964844e+02, 2.931499938964844e+02, 2.931499938964844e+02, 2.931499938964844e+02, 2.931499938964844e+02, 2.931499938964844e+02, 2.931499938964844e+02, 2.931499938964844e+02, 2.931499938964844e+02, 2.931499938964844e+02, 2.931499938964844e+02, 2.931499938964844e+02, 2.931499938964844e+02, 2.931499938964844e+02, 2.931499938964844e+02, 2.931499938964844e+02, 2.931499938964844e+02, 2.931499938964844e+02, 2.979301147460938e+02, 2.979301147460938e+02, 2.979301147460938e+02, 2.979301147460938e+02, 2.979301147460938e+02, 2.979301147460938e+02, 2.979301147460938e+02, 2.979301147460938e+02, 2.979301147460938e+02, 2.979301147460938e+02, 2.979301147460938e+02, 2.979301147460938e+02, 2.979301147460938e+02, 2.979301147460938e+02, 2.979301147460938e+02, 2.979301147460938e+02, 2.979301147460938e+02, 2.979301147460938e+02, 2.979301147460938e+02, 2.979301147460938e+02, 2.979301147460938e+02, 2.979301147460938e+02, 2.979301147460938e+02, 2.979301147460938e+02, 2.979301147460938e+02, 2.979301147460938e+02, 2.979301147460938e+02, 2.979301147460938e+02, 2.979301147460938e+02, 2.979301147460938e+02, 2.979301147460938e+02, 2.979301147460938e+02, 2.979301147460938e+02, 2.979301147460938e+02, 2.979301147460938e+02, 2.979301147460938e+02, 2.979301147460938e+02, 2.979301147460938e+02, 2.979301147460938e+02, 2.979301147460938e+02, 2.979301147460938e+02, 2.979301147460938e+02, 2.979301147460938e+02, 2.979301147460938e+02, 2.979301147460938e+02, 2.979301147460938e+02, 2.979301147460938e+02, 2.979301147460938e+02, 2.979301147460938e+02, 2.979301147460938e+02]
