last-generated=2025-12-12
statistics-initialization=
{
  "linear": "5, 5, 5, 5, 5"
}
statistics-simulation=
{
  "linear": "4, 0, 4, 0, 4, 0, 4, 0, 4, 0",
  "nonlinear": "1, 2, 1, 0, 1, 0, 1, 0, 1, 0, 1, 0, 1, 0, 1, 0, 1, 0, 1, 0, 1, 0, 1, 0, 1, 0, 1,   0, 1, 0, 1, 0, 1",
  "number of continuous time states": "68",
  "numerical Jacobians": "0"
}
time=[0e+00, 8.64e+05]
multizone.TAir[1]=[2.931499938964844e+02, 2.917933532714844e+02, 2.923249694824219e+02, 2.933401641845703e+02, 2.938005187988281e+02, 2.941450500488281e+02, 2.939949279785156e+02, 2.933075276670154e+02, 2.928559631347656e+02, 2.929351318359375e+02, 2.9298486328125e+02, 2.930926696777344e+02, 2.9321357421875e+02, 2.935872366980577e+02, 2.937398219450415e+02, 2.939642639160156e+02, 2.939985549431439e+02, 2.936872129941036e+02, 2.933068237304688e+02, 2.931790893554688e+02, 2.931093139648438e+02, 2.931142395019531e+02, 2.931362976074219e+02, 2.933568253950639e+02, 2.937234924316406e+02, 2.939717407226562e+02, 2.942978626354443e+02, 2.938038236507234e+02, 2.933351013183594e+02, 2.931763610839844e+02, 2.931281433105469e+02, 2.931098029415801e+02, 2.930094716282841e+02, 2.933114364906746e+02, 2.932356378237473e+02, 2.93687744140625e+02, 2.936523904493628e+02, 2.9350908203125e+02, 2.931139139567675e+02, 2.930577270507812e+02, 2.930567932128906e+02, 2.930361572265625e+02, 2.930111450195312e+02, 2.933660499665291e+02, 2.933565368652344e+02, 2.937038269042969e+02, 2.939440227560664e+02, 2.935818151967292e+02, 2.931436501461624e+02, 2.930643546324225e+02, 2.930400390625e+02, 2.930419067382812e+02, 2.930477722167969e+02, 2.933344417666226e+02, 2.933516296386719e+02, 2.9343359375e+02, 2.93648079438117e+02, 2.934249573288596e+02, 2.930311464121644e+02, 2.929947326660156e+02, 2.930780944824219e+02, 2.930642211914063e+02, 2.930681335449219e+02, 2.933788543701172e+02, 2.933982716016041e+02, 2.932321166992188e+02, 2.934414687360983e+02, 2.933026542117141e+02, 2.928764143574092e+02, 2.92948193359375e+02, 2.930075073242188e+02, 2.930478637695313e+02, 2.930701721191406e+02, 2.933656914118367e+02, 2.935814575195312e+02, 2.93799560546875e+02, 2.940577843707541e+02, 2.936383010873598e+02, 2.931719195884655e+02, 2.930892761230469e+02, 2.930655517578125e+02, 2.930786682128906e+02, 2.930393920898438e+02, 2.933177148470497e+02, 2.933957213909631e+02, 2.937570190429688e+02, 2.937918077255983e+02, 2.93550830078125e+02, 2.931403374023543e+02, 2.93054668235913e+02, 2.930288391113281e+02, 2.930400268554687e+02, 2.930491149902344e+02, 2.933123420024228e+02, 2.933860473632812e+02, 2.936383361816406e+02, 2.937140312278443e+02, 2.935126999684139e+02, 2.930805114746094e+02, 2.930217407226563e+02, 2.930392761230469e+02]
multizone.TAir[2]=[2.931499938964844e+02, 2.917933532714844e+02, 2.923249694824219e+02, 2.933461456298828e+02, 2.93885986328125e+02, 2.94150390625e+02, 2.940235107421875e+02, 2.934328163911616e+02, 2.928486572265625e+02, 2.929267517089844e+02, 2.929775695800781e+02, 2.930864501953125e+02, 2.932082763671875e+02, 2.936147451920714e+02, 2.937874370878806e+02, 2.941125183105469e+02, 2.94042719386876e+02, 2.938208367545482e+02, 2.933565246582031e+02, 2.932272338867188e+02, 2.931532897949219e+02, 2.931334533691406e+02, 2.931407043457031e+02, 2.934775279651989e+02, 2.937892150878906e+02, 2.941800231933594e+02, 2.943722893861203e+02, 2.939959457232659e+02, 2.934075622558594e+02, 2.932465576171875e+02, 2.931926574707031e+02, 2.931478332877469e+02, 2.930212157582864e+02, 2.933271655216344e+02, 2.933123744571419e+02, 2.937678527832031e+02, 2.936963895707255e+02, 2.936714660644531e+02, 2.931861297934212e+02, 2.930933349609375e+02, 2.930661010742188e+02, 2.930339477539063e+02, 2.930041625976563e+02, 2.934327678804094e+02, 2.933831726074219e+02, 2.937819519042969e+02, 2.93986849821601e+02, 2.937497798128575e+02, 2.932048321951097e+02, 2.930984773500892e+02, 2.930501098632812e+02, 2.930410461425781e+02, 2.9304228515625e+02, 2.934032861030486e+02, 2.933829406738281e+02, 2.934830627441406e+02, 2.936753224895951e+02, 2.935777770919521e+02, 2.930847465000478e+02, 2.930182312011719e+02, 2.930834045410156e+02, 2.930616882324219e+02, 2.930624328613281e+02, 2.934897613525391e+02, 2.933797651065845e+02, 2.932921752929688e+02, 2.934658027919484e+02, 2.934526610335683e+02, 2.929234275090081e+02, 2.929666809082031e+02, 2.930107116699219e+02, 2.930446350097656e+02, 2.930644409179687e+02, 2.934306402004522e+02, 2.935992248535156e+02, 2.939377746582031e+02, 2.941104646397098e+02, 2.938087334234942e+02, 2.932308732190364e+02, 2.931273803710938e+02, 2.930779418945312e+02, 2.930791137695313e+02, 2.930346740722656e+02, 2.933754243006064e+02, 2.934314213844004e+02, 2.93801025390625e+02, 2.938196808208549e+02, 2.937076721191406e+02, 2.931968724234463e+02, 2.930843017921743e+02, 2.930371398925781e+02, 2.930387756347656e+02, 2.930438659667969e+02, 2.933494503330035e+02, 2.934268493652344e+02, 2.936740112304688e+02, 2.937312009979476e+02, 2.936566964608149e+02, 2.93132763671875e+02, 2.930458190917969e+02, 2.930450744628906e+02]
multizone.TAir[3]=[2.931499938964844e+02, 2.917933532714844e+02, 2.923249694824219e+02, 2.933461456298828e+02, 2.93885986328125e+02, 2.94150390625e+02, 2.940235107421875e+02, 2.934328163911616e+02, 2.928486572265625e+02, 2.929267517089844e+02, 2.929775695800781e+02, 2.930864501953125e+02, 2.932082763671875e+02, 2.936147451920714e+02, 2.937874370878806e+02, 2.941125183105469e+02, 2.94042719386876e+02, 2.938208367545482e+02, 2.933565246582031e+02, 2.932272338867188e+02, 2.931532897949219e+02, 2.931334533691406e+02, 2.931407043457031e+02, 2.934775279651989e+02, 2.937892150878906e+02, 2.941800231933594e+02, 2.943722893861203e+02, 2.939959457232659e+02, 2.934075622558594e+02, 2.932465576171875e+02, 2.931926574707031e+02, 2.931478332877469e+02, 2.930212157582864e+02, 2.933271655216344e+02, 2.933123744571419e+02, 2.937678527832031e+02, 2.936963895707255e+02, 2.936714660644531e+02, 2.931861297934212e+02, 2.930933349609375e+02, 2.930661010742188e+02, 2.930339477539063e+02, 2.930041625976563e+02, 2.934327678804094e+02, 2.933831726074219e+02, 2.937819519042969e+02, 2.93986849821601e+02, 2.937497798128575e+02, 2.932048321951097e+02, 2.930984773500892e+02, 2.930501098632812e+02, 2.930410461425781e+02, 2.9304228515625e+02, 2.934032861030486e+02, 2.933829406738281e+02, 2.934830627441406e+02, 2.936753224895951e+02, 2.935777770919521e+02, 2.930847465000478e+02, 2.930182312011719e+02, 2.930834045410156e+02, 2.930616882324219e+02, 2.930624328613281e+02, 2.934897613525391e+02, 2.933797651065845e+02, 2.932921752929688e+02, 2.934658027919484e+02, 2.934526610335683e+02, 2.929234275090081e+02, 2.929666809082031e+02, 2.930107116699219e+02, 2.930446350097656e+02, 2.930644409179687e+02, 2.934306402004522e+02, 2.935992248535156e+02, 2.939377746582031e+02, 2.941104646397098e+02, 2.938087334234942e+02, 2.932308732190364e+02, 2.931273803710938e+02, 2.930779418945312e+02, 2.930791137695313e+02, 2.930346740722656e+02, 2.933754243006064e+02, 2.934314213844004e+02, 2.93801025390625e+02, 2.938196808208549e+02, 2.937076721191406e+02, 2.931968724234463e+02, 2.930843017921743e+02, 2.930371398925781e+02, 2.930387756347656e+02, 2.930438659667969e+02, 2.933494503330035e+02, 2.934268493652344e+02, 2.936740112304688e+02, 2.937312009979476e+02, 2.936566964608149e+02, 2.93132763671875e+02, 2.930458190917969e+02, 2.930450744628906e+02]
multizone.TAir[4]=[2.931499938964844e+02, 2.917933532714844e+02, 2.923249694824219e+02, 2.933461456298828e+02, 2.93885986328125e+02, 2.94150390625e+02, 2.940235107421875e+02, 2.934328163911616e+02, 2.928486572265625e+02, 2.929267517089844e+02, 2.929775695800781e+02, 2.930864501953125e+02, 2.932082763671875e+02, 2.936147451920714e+02, 2.937874370878806e+02, 2.941125183105469e+02, 2.94042719386876e+02, 2.938208367545482e+02, 2.933565246582031e+02, 2.932272338867188e+02, 2.931532897949219e+02, 2.931334533691406e+02, 2.931407043457031e+02, 2.934775279651989e+02, 2.937892150878906e+02, 2.941800231933594e+02, 2.943722893861203e+02, 2.939959457232659e+02, 2.934075622558594e+02, 2.932465576171875e+02, 2.931926574707031e+02, 2.931478332877469e+02, 2.930212157582864e+02, 2.933271655216344e+02, 2.933123744571419e+02, 2.937678527832031e+02, 2.936963895707255e+02, 2.936714660644531e+02, 2.931861297934212e+02, 2.930933349609375e+02, 2.930661010742188e+02, 2.930339477539063e+02, 2.930041625976563e+02, 2.934327678804094e+02, 2.933831726074219e+02, 2.937819519042969e+02, 2.93986849821601e+02, 2.937497798128575e+02, 2.932048321951097e+02, 2.930984773500892e+02, 2.930501098632812e+02, 2.930410461425781e+02, 2.9304228515625e+02, 2.934032861030486e+02, 2.933829406738281e+02, 2.934830627441406e+02, 2.936753224895951e+02, 2.935777770919521e+02, 2.930847465000478e+02, 2.930182312011719e+02, 2.930834045410156e+02, 2.930616882324219e+02, 2.930624328613281e+02, 2.934897613525391e+02, 2.933797651065845e+02, 2.932921752929688e+02, 2.934658027919484e+02, 2.934526610335683e+02, 2.929234275090081e+02, 2.929666809082031e+02, 2.930107116699219e+02, 2.930446350097656e+02, 2.930644409179687e+02, 2.934306402004522e+02, 2.935992248535156e+02, 2.939377746582031e+02, 2.941104646397098e+02, 2.938087334234942e+02, 2.932308732190364e+02, 2.931273803710938e+02, 2.930779418945312e+02, 2.930791137695313e+02, 2.930346740722656e+02, 2.933754243006064e+02, 2.934314213844004e+02, 2.93801025390625e+02, 2.938196808208549e+02, 2.937076721191406e+02, 2.931968724234463e+02, 2.930843017921743e+02, 2.930371398925781e+02, 2.930387756347656e+02, 2.930438659667969e+02, 2.933494503330035e+02, 2.934268493652344e+02, 2.936740112304688e+02, 2.937312009979476e+02, 2.936566964608149e+02, 2.93132763671875e+02, 2.930458190917969e+02, 2.930450744628906e+02]
multizone.TAir[5]=[2.931499938964844e+02, 2.917933532714844e+02, 2.923249694824219e+02, 2.933461456298828e+02, 2.93885986328125e+02, 2.94150390625e+02, 2.940235107421875e+02, 2.934328163911616e+02, 2.928486572265625e+02, 2.929267517089844e+02, 2.929775695800781e+02, 2.930864501953125e+02, 2.932082763671875e+02, 2.936147451920714e+02, 2.937874370878806e+02, 2.941125183105469e+02, 2.94042719386876e+02, 2.938208367545482e+02, 2.933565246582031e+02, 2.932272338867188e+02, 2.931532897949219e+02, 2.931334533691406e+02, 2.931407043457031e+02, 2.934775279651989e+02, 2.937892150878906e+02, 2.941800231933594e+02, 2.943722893861203e+02, 2.939959457232659e+02, 2.934075622558594e+02, 2.932465576171875e+02, 2.931926574707031e+02, 2.931478332877469e+02, 2.930212157582864e+02, 2.933271655216344e+02, 2.933123744571419e+02, 2.937678527832031e+02, 2.936963895707255e+02, 2.936714660644531e+02, 2.931861297934212e+02, 2.930933349609375e+02, 2.930661010742188e+02, 2.930339477539063e+02, 2.930041625976563e+02, 2.934327678804094e+02, 2.933831726074219e+02, 2.937819519042969e+02, 2.93986849821601e+02, 2.937497798128575e+02, 2.932048321951097e+02, 2.930984773500892e+02, 2.930501098632812e+02, 2.930410461425781e+02, 2.9304228515625e+02, 2.934032861030486e+02, 2.933829406738281e+02, 2.934830627441406e+02, 2.936753224895951e+02, 2.935777770919521e+02, 2.930847465000478e+02, 2.930182312011719e+02, 2.930834045410156e+02, 2.930616882324219e+02, 2.930624328613281e+02, 2.934897613525391e+02, 2.933797651065845e+02, 2.932921752929688e+02, 2.934658027919484e+02, 2.934526610335683e+02, 2.929234275090081e+02, 2.929666809082031e+02, 2.930107116699219e+02, 2.930446350097656e+02, 2.930644409179687e+02, 2.934306402004522e+02, 2.935992248535156e+02, 2.939377746582031e+02, 2.941104646397098e+02, 2.938087334234942e+02, 2.932308732190364e+02, 2.931273803710938e+02, 2.930779418945312e+02, 2.930791137695313e+02, 2.930346740722656e+02, 2.933754243006064e+02, 2.934314213844004e+02, 2.93801025390625e+02, 2.938196808208549e+02, 2.937076721191406e+02, 2.931968724234463e+02, 2.930843017921743e+02, 2.930371398925781e+02, 2.930387756347656e+02, 2.930438659667969e+02, 2.933494503330035e+02, 2.934268493652344e+02, 2.936740112304688e+02, 2.937312009979476e+02, 2.936566964608149e+02, 2.93132763671875e+02, 2.930458190917969e+02, 2.930450744628906e+02]
multizone.PHeater[1]=[0e+00, 5.165420390625e+04, 8.0695578125e+04, 9.255071875e+04, 7.992941250000001e+04, 5.40384375e+04, 2.876769921875e+04, 9.877423911648184e+03, 1.24100017578125e+04, 2.00169609375e+04, 2.5278236328125e+04, 2.664185546875e+04, 2.7124425e+04, 2.063218605860277e+04, 5.871381770814325e+03, 0e+00, 0e+00, 0e+00, 0e+00, 0e+00, 2.991751708984375e+02, 1.580525756835938e+03, 1.780376977539062e+03, 7.22191650390625e+02, 0e+00, 0e+00, 0e+00, 0e+00, 0e+00, 0e+00, 2.724673767089844e+02, 1.41957813114384e+03, 3.835366999123157e+03, 5.103280852190001e+03, 2.808410910341286e+02, 0e+00, 0e+00, 0e+00, 1.836052626644124e+02, 2.50718212890625e+03, 5.61545263671875e+03, 8.48935849609375e+03, 1.26436162109375e+04, 1.351099535810619e+04, 6.67009169921875e+03, 0e+00, 0e+00, 0e+00, 7.935059090067173e+01, 1.945197139533288e+03, 4.72210791015625e+03, 7.8490115234375e+03, 1.07763626953125e+04, 1.122182582325531e+04, 4.650786669921832e+03, 0e+00, 0e+00, 0e+00, 6.833701306930263e+02, 5.18936640625e+03, 7.86161865234375e+03, 9.793569921875e+03, 1.26220384765625e+04, 1.18465494140625e+04, 5.201859383306239e+03, 0e+00, 0e+00, 0e+00, 2.033894904925706e+03, 8.9691626953125e+03, 1.3801224609375e+04, 1.7145009765625e+04, 1.960121796875e+04, 1.929601503304259e+04, 1.03506521484375e+04, 0e+00, 0e+00, 0e+00, 0e+00, 1.251401025390625e+03, 3.291013427734375e+03, 5.83634453125e+03, 8.988380078124999e+03, 9.727355538315909e+03, 2.665742128649448e+03, 0e+00, 0e+00, 0e+00, 8.862651481431541e+01, 2.052536923993061e+03, 5.38834619140625e+03, 8.63094736328125e+03, 1.1731071484375e+04, 1.225377324877444e+04, 4.97296181640625e+03, 0e+00, 0e+00, 0e+00, 3.738803649902344e+02, 3.86619208984375e+03, 7.3280830078125e+03]
multizone.PHeater[2]=[0e+00, 5.165420390625e+04, 8.0695578125e+04, 9.2384306640625e+04, 8.05162578125e+04, 5.574078515625e+04, 3.03427375e+04, 9.316197815160027e+03, 1.06706865234375e+04, 1.8521809375e+04, 2.4008240234375e+04, 2.5564469140625e+04, 2.621220390625e+04, 1.944259957384858e+04, 5.175888889680523e+03, 0e+00, 0e+00, 0e+00, 0e+00, 0e+00, 0e+00, 4.178431335449219e+02, 3.168720336914063e+02, 0e+00, 0e+00, 0e+00, 0e+00, 0e+00, 0e+00, 0e+00, 0e+00, 3.381619384249674e+01, 1.801995561153039e+03, 2.691946283353149e+03, 0e+00, 0e+00, 0e+00, 0e+00, 0e+00, 8.272224975585938e+02, 3.345864013671875e+03, 6.15904453125e+03, 1.04613078125e+04, 1.088958608783207e+04, 3.821791259765625e+03, 0e+00, 0e+00, 0e+00, 0e+00, 6.523774823840231e+02, 2.85591748046875e+03, 5.88927294921875e+03, 8.922820703125e+03, 8.780337792938222e+03, 2.168570715331983e+03, 0e+00, 0e+00, 0e+00, 3.436754094230398e+02, 3.78091171875e+03, 6.0792646484375e+03, 7.9998841796875e+03, 1.0957475e+04, 9.27914208984375e+03, 1.85596371127651e+03, 0e+00, 0e+00, 0e+00, 1.450397398320911e+03, 7.5192625e+03, 1.20738408203125e+04, 1.5441096484375e+04, 1.80346796875e+04, 1.719778798256538e+04, 8.24705849609375e+03, 0e+00, 0e+00, 0e+00, 0e+00, 2.192252456665039e+02, 1.5801611328125e+03, 3.982669970703125e+03, 7.21192998046875e+03, 7.423737148086565e+03, 3.864732406537519e+02, 0e+00, 0e+00, 0e+00, 0e+00, 7.963648400732868e+02, 3.64334716796875e+03, 6.8180265625e+03, 1.0024449609375e+04, 1.019848078296812e+04, 2.865532080078125e+03, 0e+00, 0e+00, 0e+00, 1.462015628814697e+02, 2.561391943359375e+03, 5.63313671875e+03]
multizone.PHeater[3]=[0e+00, 5.165420390625e+04, 8.0695578125e+04, 9.2384306640625e+04, 8.05162578125e+04, 5.574078515625e+04, 3.03427375e+04, 9.316197815160027e+03, 1.06706865234375e+04, 1.8521809375e+04, 2.4008240234375e+04, 2.5564469140625e+04, 2.621220390625e+04, 1.944259957384858e+04, 5.175888889680523e+03, 0e+00, 0e+00, 0e+00, 0e+00, 0e+00, 0e+00, 4.178431335449219e+02, 3.168720336914063e+02, 0e+00, 0e+00, 0e+00, 0e+00, 0e+00, 0e+00, 0e+00, 0e+00, 3.381619384249674e+01, 1.801995561153039e+03, 2.691946283353149e+03, 0e+00, 0e+00, 0e+00, 0e+00, 0e+00, 8.272224975585938e+02, 3.345864013671875e+03, 6.15904453125e+03, 1.04613078125e+04, 1.088958608783207e+04, 3.821791259765625e+03, 0e+00, 0e+00, 0e+00, 0e+00, 6.523774823840231e+02, 2.85591748046875e+03, 5.88927294921875e+03, 8.922820703125e+03, 8.780337792938222e+03, 2.168570715331983e+03, 0e+00, 0e+00, 0e+00, 3.436754094230398e+02, 3.78091171875e+03, 6.0792646484375e+03, 7.9998841796875e+03, 1.0957475e+04, 9.27914208984375e+03, 1.85596371127651e+03, 0e+00, 0e+00, 0e+00, 1.450397398320911e+03, 7.5192625e+03, 1.20738408203125e+04, 1.5441096484375e+04, 1.80346796875e+04, 1.719778798256538e+04, 8.24705849609375e+03, 0e+00, 0e+00, 0e+00, 0e+00, 2.192252456665039e+02, 1.5801611328125e+03, 3.982669970703125e+03, 7.21192998046875e+03, 7.423737148086565e+03, 3.864732406537519e+02, 0e+00, 0e+00, 0e+00, 0e+00, 7.963648400732868e+02, 3.64334716796875e+03, 6.8180265625e+03, 1.0024449609375e+04, 1.019848078296812e+04, 2.865532080078125e+03, 0e+00, 0e+00, 0e+00, 1.462015628814697e+02, 2.561391943359375e+03, 5.63313671875e+03]
multizone.PHeater[4]=[0e+00, 5.165420390625e+04, 8.0695578125e+04, 9.2384306640625e+04, 8.05162578125e+04, 5.574078515625e+04, 3.03427375e+04, 9.316197815160027e+03, 1.06706865234375e+04, 1.8521809375e+04, 2.4008240234375e+04, 2.5564469140625e+04, 2.621220390625e+04, 1.944259957384858e+04, 5.175888889680523e+03, 0e+00, 0e+00, 0e+00, 0e+00, 0e+00, 0e+00, 4.178431335449219e+02, 3.168720336914063e+02, 0e+00, 0e+00, 0e+00, 0e+00, 0e+00, 0e+00, 0e+00, 0e+00, 3.381619384249674e+01, 1.801995561153039e+03, 2.691946283353149e+03, 0e+00, 0e+00, 0e+00, 0e+00, 0e+00, 8.272224975585938e+02, 3.345864013671875e+03, 6.15904453125e+03, 1.04613078125e+04, 1.088958608783207e+04, 3.821791259765625e+03, 0e+00, 0e+00, 0e+00, 0e+00, 6.523774823840231e+02, 2.85591748046875e+03, 5.88927294921875e+03, 8.922820703125e+03, 8.780337792938222e+03, 2.168570715331983e+03, 0e+00, 0e+00, 0e+00, 3.436754094230398e+02, 3.78091171875e+03, 6.0792646484375e+03, 7.9998841796875e+03, 1.0957475e+04, 9.27914208984375e+03, 1.85596371127651e+03, 0e+00, 0e+00, 0e+00, 1.450397398320911e+03, 7.5192625e+03, 1.20738408203125e+04, 1.5441096484375e+04, 1.80346796875e+04, 1.719778798256538e+04, 8.24705849609375e+03, 0e+00, 0e+00, 0e+00, 0e+00, 2.192252456665039e+02, 1.5801611328125e+03, 3.982669970703125e+03, 7.21192998046875e+03, 7.423737148086565e+03, 3.864732406537519e+02, 0e+00, 0e+00, 0e+00, 0e+00, 7.963648400732868e+02, 3.64334716796875e+03, 6.8180265625e+03, 1.0024449609375e+04, 1.019848078296812e+04, 2.865532080078125e+03, 0e+00, 0e+00, 0e+00, 1.462015628814697e+02, 2.561391943359375e+03, 5.63313671875e+03]
multizone.PHeater[5]=[0e+00, 5.165420390625e+04, 8.0695578125e+04, 9.2384306640625e+04, 8.05162578125e+04, 5.574078515625e+04, 3.03427375e+04, 9.316197815160027e+03, 1.06706865234375e+04, 1.8521809375e+04, 2.4008240234375e+04, 2.5564469140625e+04, 2.621220390625e+04, 1.944259957384858e+04, 5.175888889680523e+03, 0e+00, 0e+00, 0e+00, 0e+00, 0e+00, 0e+00, 4.178431335449219e+02, 3.168720336914063e+02, 0e+00, 0e+00, 0e+00, 0e+00, 0e+00, 0e+00, 0e+00, 0e+00, 3.381619384249674e+01, 1.801995561153039e+03, 2.691946283353149e+03, 0e+00, 0e+00, 0e+00, 0e+00, 0e+00, 8.272224975585938e+02, 3.345864013671875e+03, 6.15904453125e+03, 1.04613078125e+04, 1.088958608783207e+04, 3.821791259765625e+03, 0e+00, 0e+00, 0e+00, 0e+00, 6.523774823840231e+02, 2.85591748046875e+03, 5.88927294921875e+03, 8.922820703125e+03, 8.780337792938222e+03, 2.168570715331983e+03, 0e+00, 0e+00, 0e+00, 3.436754094230398e+02, 3.78091171875e+03, 6.0792646484375e+03, 7.9998841796875e+03, 1.0957475e+04, 9.27914208984375e+03, 1.85596371127651e+03, 0e+00, 0e+00, 0e+00, 1.450397398320911e+03, 7.5192625e+03, 1.20738408203125e+04, 1.5441096484375e+04, 1.80346796875e+04, 1.719778798256538e+04, 8.24705849609375e+03, 0e+00, 0e+00, 0e+00, 0e+00, 2.192252456665039e+02, 1.5801611328125e+03, 3.982669970703125e+03, 7.21192998046875e+03, 7.423737148086565e+03, 3.864732406537519e+02, 0e+00, 0e+00, 0e+00, 0e+00, 7.963648400732868e+02, 3.64334716796875e+03, 6.8180265625e+03, 1.0024449609375e+04, 1.019848078296812e+04, 2.865532080078125e+03, 0e+00, 0e+00, 0e+00, 1.462015628814697e+02, 2.561391943359375e+03, 5.63313671875e+03]
