last-generated=2017-03-10
statistics-simulation=
{
  "numerical Jacobians": "0", 
  "nonlinear": " ", 
  "number of continuous time states": "6", 
  "linear": " "
}
TSet.y=[3.131499938964844e+02, 3.131499938964844e+02, 3.131499938964844e+02, 3.131499938964844e+02, 3.131499938964844e+02, 3.131499938964844e+02, 3.131499938964844e+02, 3.131499938964844e+02, 3.131499938964844e+02, 3.131499938964844e+02, 3.131499938964844e+02, 3.131499938964844e+02, 3.131499938964844e+02, 3.131499938964844e+02, 3.131499938964844e+02, 3.131499938964844e+02, 2.931499938964844e+02, 2.931499938964844e+02, 2.931499938964844e+02, 2.931499938964844e+02, 2.931499938964844e+02, 2.931499938964844e+02, 2.931499938964844e+02, 2.931499938964844e+02, 2.931499938964844e+02, 2.931499938964844e+02, 2.931499938964844e+02, 2.931499938964844e+02, 2.931499938964844e+02, 2.931499938964844e+02, 2.931499938964844e+02, 3.131499938964844e+02, 3.131499938964844e+02, 3.131499938964844e+02, 3.131499938964844e+02, 3.131499938964844e+02, 3.131499938964844e+02, 3.131499938964844e+02, 3.131499938964844e+02, 3.131499938964844e+02, 3.131499938964844e+02, 3.131499938964844e+02, 3.131499938964844e+02, 3.131499938964844e+02, 3.131499938964844e+02, 3.131499938964844e+02, 2.931499938964844e+02, 2.931499938964844e+02, 2.931499938964844e+02, 2.931499938964844e+02, 2.931499938964844e+02, 2.931499938964844e+02, 2.931499938964844e+02, 2.931499938964844e+02, 2.931499938964844e+02, 2.931499938964844e+02, 2.931499938964844e+02, 2.931499938964844e+02, 2.931499938964844e+02, 2.931499938964844e+02, 2.931499938964844e+02, 3.131499938964844e+02, 3.131499938964844e+02, 3.131499938964844e+02, 3.131499938964844e+02, 3.131499938964844e+02, 3.131499938964844e+02, 3.131499938964844e+02, 3.131499938964844e+02, 3.131499938964844e+02, 3.131499938964844e+02, 3.131499938964844e+02, 3.131499938964844e+02, 3.131499938964844e+02, 3.131499938964844e+02, 3.131499938964844e+02, 2.931499938964844e+02, 2.931499938964844e+02, 2.931499938964844e+02, 2.931499938964844e+02, 2.931499938964844e+02, 2.931499938964844e+02, 2.931499938964844e+02, 2.931499938964844e+02, 2.931499938964844e+02, 2.931499938964844e+02, 2.931499938964844e+02, 2.931499938964844e+02, 2.931499938964844e+02, 2.931499938964844e+02, 2.931499938964844e+02, 3.131499938964844e+02, 3.131499938964844e+02, 3.131499938964844e+02, 3.131499938964844e+02, 3.131499938964844e+02, 3.131499938964844e+02, 3.131499938964844e+02, 3.131499938964844e+02, 3.131499938964844e+02, 3.131499938964844e+02]
plaWitRes.temSen.T=[2.931499938964844e+02, 3.484119262695312e+02, 3.289948425292969e+02, 3.152755737304688e+02, 3.1324658203125e+02, 3.131661071777344e+02, 3.131565246582031e+02, 3.131491088867188e+02, 3.131499633789062e+02, 3.131533813476562e+02, 3.131535949707031e+02, 3.131543579101562e+02, 3.1315234375e+02, 3.131483459472656e+02, 3.131475219726562e+02, 3.131539916992188e+02, 3.072774963378906e+02, 3.0189697265625e+02, 2.985395202636719e+02, 2.964700927734375e+02, 2.951952819824219e+02, 2.944099731445312e+02, 2.939262084960938e+02, 2.93628173828125e+02, 2.93444580078125e+02, 2.933314514160156e+02, 2.932617797851562e+02, 2.932188720703125e+02, 2.931924133300781e+02, 2.931761474609375e+02, 2.931661071777344e+02, 3.30798828125e+02, 3.174599609375e+02, 3.132892150878906e+02, 3.131573181152344e+02, 3.131578979492188e+02, 3.13148681640625e+02, 3.131528625488281e+02, 3.13153076171875e+02, 3.1315185546875e+02, 3.131470642089844e+02, 3.131517639160156e+02, 3.131543273925781e+02, 3.131553039550781e+02, 3.131526794433594e+02, 3.131463317871094e+02, 3.072086791992188e+02, 3.018529968261719e+02, 2.985123901367188e+02, 2.964533996582031e+02, 2.951849975585938e+02, 2.944036254882812e+02, 2.939223022460938e+02, 2.936257629394531e+02, 2.934430847167969e+02, 2.9333056640625e+02, 2.9326123046875e+02, 2.93218505859375e+02, 2.931921997070312e+02, 2.931759948730469e+02, 2.93166015625e+02, 3.307989196777344e+02, 3.174599914550781e+02, 3.132896423339844e+02, 3.131567077636719e+02, 3.131569213867188e+02, 3.131559753417969e+02, 3.131547241210938e+02, 3.131472778320312e+02, 3.131479187011719e+02, 3.131548767089844e+02, 3.13149169921875e+02, 3.131459655761719e+02, 3.131520080566406e+02, 3.131554870605469e+02, 3.131522827148438e+02, 3.071644287109375e+02, 3.018245849609375e+02, 2.984948425292969e+02, 2.964425964355469e+02, 2.951783447265625e+02, 2.943995361328125e+02, 2.939197692871094e+02, 2.936242065429688e+02, 2.93442138671875e+02, 2.933299560546875e+02, 2.932608642578125e+02, 2.932182922363281e+02, 2.931920776367188e+02, 2.931759338378906e+02, 2.931659851074219e+02, 3.307991027832031e+02, 3.174601135253906e+02, 3.132909851074219e+02, 3.131546325683594e+02, 3.131576538085938e+02, 3.131544799804688e+02, 3.131463623046875e+02, 3.131529541015625e+02, 3.131549682617188e+02, 3.131515808105469e+02]
plaNoRes.temSen.T=[2.931499938964844e+02, 3.484119262695312e+02, 3.289948425292969e+02, 3.152755737304688e+02, 3.1324658203125e+02, 3.131661071777344e+02, 3.131565246582031e+02, 3.131491088867188e+02, 3.131499633789062e+02, 3.131533813476562e+02, 3.131535949707031e+02, 3.131543579101562e+02, 3.1315234375e+02, 3.131483459472656e+02, 3.131475219726562e+02, 3.131539916992188e+02, 3.072774963378906e+02, 3.0189697265625e+02, 2.985395202636719e+02, 2.964700927734375e+02, 2.951952819824219e+02, 2.944099731445312e+02, 2.939262084960938e+02, 2.93628173828125e+02, 2.93444580078125e+02, 2.933314514160156e+02, 2.932617797851562e+02, 2.932188720703125e+02, 2.931924133300781e+02, 2.931761474609375e+02, 2.931661071777344e+02, 3.484008483886719e+02, 3.289871520996094e+02, 3.152707824707031e+02, 3.132462463378906e+02, 3.131656799316406e+02, 3.131567993164062e+02, 3.13155029296875e+02, 3.131488647460938e+02, 3.131533203125e+02, 3.131543884277344e+02, 3.131511840820312e+02, 3.131487731933594e+02, 3.131470642089844e+02, 3.131492004394531e+02, 3.131553955078125e+02, 3.072371215820312e+02, 3.0187109375e+02, 2.985235290527344e+02, 2.964602661132812e+02, 2.95189208984375e+02, 2.9440625e+02, 2.939238891601562e+02, 2.936267395019531e+02, 2.934436950683594e+02, 2.933309326171875e+02, 2.932614440917969e+02, 2.932186584472656e+02, 2.931922912597656e+02, 2.931760559082031e+02, 2.931660461425781e+02, 3.484003295898438e+02, 3.289867858886719e+02, 3.152705688476562e+02, 3.132455139160156e+02, 3.131651611328125e+02, 3.131567687988281e+02, 3.1314990234375e+02, 3.13148193359375e+02, 3.131521606445312e+02, 3.131461486816406e+02, 3.131537170410156e+02, 3.131545715332031e+02, 3.131516418457031e+02, 3.131464538574219e+02, 3.131509704589844e+02, 3.073489379882812e+02, 3.019427490234375e+02, 2.985677490234375e+02, 2.964875183105469e+02, 2.952059936523438e+02, 2.944165954589844e+02, 2.939302673339844e+02, 2.936306762695312e+02, 2.934461059570312e+02, 2.933324279785156e+02, 2.932623901367188e+02, 2.9321923828125e+02, 2.931926574707031e+02, 2.9317626953125e+02, 2.931661987304688e+02, 3.484008178710938e+02, 3.289871215820312e+02, 3.152707824707031e+02, 3.13245361328125e+02, 3.131661071777344e+02, 3.131571350097656e+02, 3.131519165039062e+02, 3.131474609375e+02, 3.131466064453125e+02, 3.131502990722656e+02]
time=[0e+00, 6e+02]
conWitRes.conPID.trigger=[1e+00, 1e+00, 1e+00, 1e+00, 1e+00, 1e+00, 1e+00, 1e+00, 1e+00, 1e+00, 1e+00, 1e+00, 1e+00, 1e+00, 1e+00, 1e+00, 0e+00, 0e+00, 0e+00, 0e+00, 0e+00, 0e+00, 0e+00, 0e+00, 0e+00, 0e+00, 0e+00, 0e+00, 0e+00, 0e+00, 0e+00, 1e+00, 1e+00, 1e+00, 1e+00, 1e+00, 1e+00, 1e+00, 1e+00, 1e+00, 1e+00, 1e+00, 1e+00, 1e+00, 1e+00, 1e+00, 0e+00, 0e+00, 0e+00, 0e+00, 0e+00, 0e+00, 0e+00, 0e+00, 0e+00, 0e+00, 0e+00, 0e+00, 0e+00, 0e+00, 0e+00, 1e+00, 1e+00, 1e+00, 1e+00, 1e+00, 1e+00, 1e+00, 1e+00, 1e+00, 1e+00, 1e+00, 1e+00, 1e+00, 1e+00, 1e+00, 0e+00, 0e+00, 0e+00, 0e+00, 0e+00, 0e+00, 0e+00, 0e+00, 0e+00, 0e+00, 0e+00, 0e+00, 0e+00, 0e+00, 0e+00, 1e+00, 1e+00, 1e+00, 1e+00, 1e+00, 1e+00, 1e+00, 1e+00, 1e+00, 1e+00]
conWitRes.conPID.controlError=[2e+01, -3.526193237304688e+01, -1.584483337402344e+01, -2.125560283660889e+00, -9.658388793468475e-02, -1.609850116074085e-02, -6.536549422889948e-03, 8.833190659060913e-04, 3.543465209077112e-05, -3.371275961399078e-03, -3.605998586863279e-03, -4.352406598627567e-03, -2.34312447719276e-03, 1.651575905270875e-03, 2.487042918800505e-03, -3.983934409916401e-03, -1.412749767303467e+01, -8.746961593627919e+00, -5.389506816864014e+00, -3.320106506347656e+00, -2.045281410217285e+00, -1.259975075721741e+00, -7.761939167976379e-01, -4.781661927700043e-01, -2.945695817470551e-01, -1.814665645360947e-01, -1.117905750870705e-01, -6.886745989322662e-02, -4.242523014545431e-02, -2.613933384418488e-02, -1.610524766147137e-02, -1.764884376525879e+01, -4.309948444366455e+00, -1.392185837030411e-01, -7.325411774221437e-03, -7.89451040327549e-03, 1.328387414105237e-03, -2.872083801776171e-03, -3.067557234317064e-03, -1.85817142482847e-03, 2.927914494648576e-03, -1.774785341693821e-03, -4.340045154094696e-03, -5.308048333972692e-03, -2.665657782927155e-03, 3.668532939627767e-03, -1.405867481231689e+01, -8.703003883361816e+00, -5.362389087677002e+00, -3.30340051651001e+00, -2.034990310668945e+00, -1.253635287284851e+00, -7.722883224487305e-01, -4.757601916790009e-01, -2.930873930454254e-01, -1.805534511804581e-01, -1.112280637025828e-01, -6.852092593908342e-02, -4.221176728606224e-02, -2.600785344839096e-02, -1.602421142160892e-02, -1.76489143371582e+01, -4.309996128082275e+00, -1.396490484476089e-01, -6.709670182317495e-03, -6.930092349648476e-03, -5.986312869936228e-03, -4.738443531095982e-03, 2.70803342573152e-03, 2.085099928079823e-03, -4.888832569122314e-03, 8.366231922991574e-04, 4.037590697407722e-03, -2.009411109611392e-03, -5.475097335875034e-03, -2.276649931445718e-03, -1.401442813873291e+01, -8.674580574035645e+00, -5.344851016998291e+00, -3.292595624923706e+00, -2.028334140777588e+00, -1.249534845352167e+00, -7.69762277603153e-01, -4.742040634155273e-01, -2.921287417411804e-01, -1.799629032611847e-01, -1.108642593026161e-01, -6.829681247472763e-02, -4.207369312644005e-02, -2.59227566421032e-02, -1.597179658710957e-02, -1.764910507202148e+01, -4.310122966766357e+00, -1.40986368060112e-01, -4.62004542350769e-03, -7.656408939510584e-03, -4.47939382866025e-03, 3.624559147283435e-03, -2.961088204756379e-03, -4.956797230988741e-03, -1.586082624271512e-03]
conNoRes.conPID.controlError=[2e+01, -3.526193237304688e+01, -1.584483337402344e+01, -2.125560283660889e+00, -9.658388793468475e-02, -1.609850116074085e-02, -6.536549422889948e-03, 8.833190659060913e-04, 3.543465209077112e-05, -3.371275961399078e-03, -3.605998586863279e-03, -4.352406598627567e-03, -2.34312447719276e-03, 1.651575905270875e-03, 2.487042918800505e-03, -3.983934409916401e-03, -1.412749767303467e+01, -8.746961593627919e+00, -5.389506816864014e+00, -3.320106506347656e+00, -2.045281410217285e+00, -1.259975075721741e+00, -7.761939167976379e-01, -4.781661927700043e-01, -2.945695817470551e-01, -1.814665645360947e-01, -1.117905750870705e-01, -6.886745989322662e-02, -4.242523014545431e-02, -2.613933384418488e-02, -1.610524766147137e-02, -3.525085067749023e+01, -1.583714389801025e+01, -2.120792865753174e+00, -9.623637050389244e-02, -1.566809415817261e-02, -6.790935061872005e-03, -5.037213210016489e-03, 1.125006936490536e-03, -3.33554157987237e-03, -4.395510070025921e-03, -1.172682037577991e-03, 1.238805591128767e-03, 2.942422870546579e-03, 8.108585607260466e-04, -5.402570590376854e-03, -1.408711338043213e+01, -8.721078872680664e+00, -5.373537540435791e+00, -3.310268640518188e+00, -2.039221286773682e+00, -1.256241798400879e+00, -7.738940119743347e-01, -4.767493605613708e-01, -2.936967313289642e-01, -1.809288412332535e-01, -1.114593222737307e-01, -6.86633884906772e-02, -4.229952767491341e-02, -2.606192789971828e-02, -1.605752669274807e-02, -3.525032806396484e+01, -1.583679866790771e+01, -2.120578765869141e+00, -9.551340341567993e-02, -1.514780800789595e-02, -6.76281051710248e-03, 9.426685573998839e-05, 1.813470735211382e-03, -2.164251171053463e-03, 3.852292196825147e-03, -3.70527314953506e-03, -4.567405674606562e-03, -1.627948600798845e-03, 3.55414766818285e-03, -9.627945255488157e-04, -1.419893455505371e+01, -8.792753219604492e+00, -5.417759418487549e+00, -3.337512016296387e+00, -2.05600380897522e+00, -1.266580462455744e+00, -7.802630662918126e-01, -4.806729853153229e-01, -2.961138486862183e-01, -1.824178844690323e-01, -1.123766303062439e-01, -6.922849267721176e-02, -4.264764487743378e-02, -2.627638541162014e-02, -1.618967950344086e-02, -3.525083160400391e+01, -1.583712673187256e+01, -2.120782613754272e+00, -9.537171572446823e-02, -1.609359867870808e-02, -7.121274247765541e-03, -1.919033122248948e-03, 2.538214903324842e-03, 3.407983342185616e-03, -3.116138686891645e-04]
