last-generated=2021-05-06
statistics-simulation=
{
  "linear": "0, 0, 0",
  "nonlinear": " ",
  "number of continuous time states": "15",
  "numerical Jacobians": "0"
}
time=[0e+00, 7.2e+03]
dooAB.vAB=[0e+00, -0e+00, -0e+00, -0e+00, -0e+00, -0e+00, -0e+00, 0e+00, -0e+00, -0e+00, -0e+00, -0e+00, -0e+00, -0e+00, 2.364511762338053e-18, 2.019202802330256e-03, 3.577036084607244e-03, 6.399570498615503e-03, 9.497184306383133e-03, 1.257855631411076e-02, 1.731188036501408e-02, 2.101583778858185e-02, 2.640572376549244e-02, 3.147998824715614e-02, 3.631691262125969e-02, 4.257144406437874e-02, 4.740323126316071e-02, 5.346867814660074e-02, 5.895108729600908e-02, 6.360524147748947e-02, 6.92814514040947e-02, 7.311111688613892e-02, 7.765234261751175e-02, 8.107692003250122e-02, 8.365028351545334e-02, 8.617372810840607e-02, 8.698767423629761e-02, 8.839592337608337e-02, 8.841117471456528e-02, 8.703628927469254e-02, 8.428744226694107e-02, 8.019683510065079e-02, 7.485517859458923e-02, 6.830720603466034e-02, 6.069336086511612e-02, 5.212179571390152e-02, 4.272410273551941e-02, 3.265532106161118e-02, 2.205344662070274e-02, 1.109139807522297e-02, 3.645432298071682e-04, -0e+00, -0e+00, -0e+00, 0e+00, 0e+00, 0e+00, -0e+00, -0e+00, -0e+00, -0e+00, -0e+00, -0e+00, -0e+00, -0e+00, 1.938366913236678e-03, 3.530366346240044e-03, 6.290178280323744e-03, 9.418858215212822e-03, 1.24621894210577e-02, 1.721370592713356e-02, 2.092822268605232e-02, 2.629438042640686e-02, 3.137755766510963e-02, 3.621339425444603e-02, 4.246340692043304e-02, 4.729508236050606e-02, 5.336187779903412e-02, 5.883996933698654e-02, 6.352385133504868e-02, 6.918583810329437e-02, 7.299109548330307e-02, 7.757421582937241e-02, 8.09665322303772e-02, 8.360215276479721e-02, 8.609162271022797e-02, 8.697586506605148e-02, 8.839428424835205e-02, 8.841016888618469e-02, 8.702495694160461e-02, 8.427644520998001e-02, 8.019287139177322e-02, 7.484177500009537e-02, 6.830744445323944e-02, 6.069422140717506e-02, 5.211843922734261e-02, 4.271942004561424e-02, 3.265254572033882e-02, 2.20979955047369e-02, 1.105921529233456e-02, 7.578848162665963e-04]
dooAB.vBA=[-0e+00, 1.111134886741638e-02, 2.211078628897667e-02, 3.27298566699028e-02, 4.302025958895683e-02, 5.219392850995064e-02, 6.068937107920647e-02, 6.840763986110687e-02, 7.489723712205887e-02, 8.018204569816589e-02, 8.438211679458618e-02, 8.701556175947189e-02, 8.833125233650208e-02, 8.839000761508942e-02, 8.699604868888855e-02, 8.623015880584717e-02, 8.368469774723053e-02, 8.114312589168549e-02, 7.769934087991714e-02, 7.31729120016098e-02, 6.933209300041199e-02, 6.365078687667847e-02, 5.898625403642654e-02, 5.349104851484299e-02, 4.742451757192612e-02, 4.257951676845551e-02, 3.632770106196404e-02, 3.146876767277716e-02, 2.63902675360441e-02, 2.099673636257648e-02, 1.728218793869019e-02, 1.253463979810476e-02, 9.460357949137688e-03, 6.340104155242443e-03, 3.54873901233077e-03, 1.965029397979379e-03, -0e+00, -0e+00, -0e+00, -0e+00, -0e+00, -0e+00, -0e+00, -0e+00, -0e+00, -0e+00, -0e+00, -0e+00, -0e+00, -0e+00, 3.602322831284255e-04, 1.111174840480089e-02, 2.205542102456093e-02, 3.270847722887993e-02, 4.314389452338226e-02, 5.212381482124334e-02, 6.068080663681035e-02, 6.830044835805893e-02, 7.483106851577759e-02, 8.018369972705841e-02, 8.427195996046066e-02, 8.702376484870911e-02, 8.841118216514587e-02, 8.839043229818344e-02, 8.698494732379913e-02, 8.614979684352875e-02, 8.363847434520721e-02, 8.103324472904205e-02, 7.762186974287033e-02, 7.304978370666504e-02, 6.922533363103867e-02, 6.355736404657364e-02, 5.887351557612419e-02, 5.338799208402634e-02, 4.731083288788795e-02, 4.247214645147324e-02, 3.621620312333107e-02, 3.136877715587616e-02, 2.627770788967609e-02, 2.090469747781754e-02, 1.717801578342915e-02, 1.241625938564539e-02, 9.38229076564312e-03, 6.2311259098351e-03, 3.502245293930173e-03, 1.883824006654322e-03, -0e+00, -0e+00, -0e+00, -0e+00, -0e+00, -0e+00, -0e+00, -0e+00, -0e+00, -0e+00, -0e+00, -0e+00, -0e+00, -0e+00, 7.540984661318362e-04]
dooAC.vAB=[0e+00, 0e+00, 0e+00, 0e+00, 0e+00, 0e+00, 0e+00, 0e+00, 0e+00, 0e+00, 0e+00, 0e+00, 0e+00, 0e+00, 0e+00, 0e+00, 0e+00, 0e+00, 9.192255984169506e-11, 4.596127298195363e-11, 4.596127298195363e-11, 2.757678807530084e-10, -4.596125563471887e-11, -1.378837183318993e-10, 9.192255984169506e-11, -1.378837183318993e-10, 2.29806521034881e-10, 1.378838571097759e-10, -7.257195766589504e-25, 4.596127298195363e-11, 1.838451890723292e-10, 1.838451890723292e-10, 5.05574859754887e-10, -1.838449253943608e-10, 9.65186888746139e-11, 0e+00, -4.596125563471887e-11, -4.596125563471887e-11, -9.192249739164993e-11, -9.192249739164993e-11, 3.21729226593348e-10, 9.192255984169506e-11, 9.192255984169506e-11, -9.192249739164993e-11, -1.378837183318993e-10, 9.192255984169506e-11, 4.596127298195363e-11, 4.596127298195363e-11, 4.596127298195363e-11, -9.192249739164993e-11, -1.838449253943608e-10, 0e+00, 4.596127298195363e-11, 1.838451890723292e-10, 4.596127298194782e-11, -1.451451457403497e-24, -4.596125563471451e-11, 4.596127298195363e-11, 1.378838571097774e-10, 9.192255984169506e-11, -9.192249739164993e-11, -4.596125563471887e-12, -1.378837183318993e-10, 0e+00, -4.596125563471887e-11, -1.378837183318993e-10, 0e+00, 9.192255984169506e-11, -4.596125563471887e-11, 9.192255984169506e-11, 0e+00, 9.192255984169506e-11, -4.596125563471887e-11, 4.596127298195363e-11, 0e+00, 4.596127298195363e-11, -8.273001728120732e-10, 4.596127298195363e-11, 0e+00, 1.378838571097774e-10, -4.596125563471887e-11, 1.838451890723292e-10, 4.596127298195363e-11, -1.378837183318993e-10, 1.838451890723292e-10, 4.596127298195363e-11, 2.29806521034881e-10, -4.596125563471887e-11, -9.192249739164993e-11, 0e+00, -9.192249739164993e-11, 0e+00, 1.838451890723292e-10, 0e+00, 0e+00, -4.596125563471887e-11, -4.596125563471887e-11, -1.378837183318993e-10, -2.298061185790345e-10, -9.192249739164993e-11, 4.596127298195363e-11]
dooAC.vBA=[-0e+00, -0e+00, -0e+00, -0e+00, -0e+00, -0e+00, -0e+00, 0e+00, -0e+00, -0e+00, -0e+00, -0e+00, -0e+00, -0e+00, 0e+00, -0e+00, -0e+00, -0e+00, -9.192249739164993e-11, -4.596125563471887e-11, -4.596125563471887e-11, -2.757672978859205e-10, 4.596127298195363e-11, 1.378838571097774e-10, -9.192249739164993e-11, 1.378838571097774e-10, -2.298061185790345e-10, -1.378837183318978e-10, 7.257198505685226e-25, -4.596125563471887e-11, -1.838449253943608e-10, -1.838449253943608e-10, -5.055729723757452e-10, 1.838451890723292e-10, -9.651861948567486e-11, -0e+00, 4.596127298195363e-11, 4.596127298195363e-11, 9.192255984169506e-11, 9.192255984169506e-11, -3.217284494372308e-10, -9.192249739164993e-11, -9.192249739164993e-11, 9.192255984169506e-11, 1.378838571097774e-10, -9.192249739164993e-11, -4.596125563471887e-11, -4.596125563471887e-11, -4.596125563471887e-11, 9.192255984169506e-11, 1.838451890723292e-10, -0e+00, -4.596125563471887e-11, -1.838449253943608e-10, -4.596125563471306e-11, 1.451452005227286e-24, 4.596127298194927e-11, -4.596125563471887e-11, -1.378837183318993e-10, -9.192249739164993e-11, 9.192255984169506e-11, 4.596127298195363e-12, 1.378838571097774e-10, -0e+00, 4.596127298195363e-11, 1.378838571097774e-10, -0e+00, -9.192249739164993e-11, 4.596127298195363e-11, -9.192249739164993e-11, -0e+00, -9.192249739164993e-11, 4.596127298195363e-11, -4.596125563471887e-11, -0e+00, -4.596125563471887e-11, 8.273053353491377e-10, -4.596125563471887e-11, -0e+00, -1.378837183318993e-10, 4.596127298195363e-11, -1.838449253943608e-10, -4.596125563471887e-11, 1.378838571097774e-10, -1.838449253943608e-10, -4.596125563471887e-11, -2.298061185790345e-10, 4.596127298195363e-11, 9.192255984169506e-11, -0e+00, 9.192255984169506e-11, -0e+00, -1.838449253943608e-10, -0e+00, -0e+00, 4.596127298195363e-11, 4.596127298195363e-11, 1.378838571097774e-10, 2.29806521034881e-10, 9.192255984169506e-11, -4.596125563471887e-11]
dooBC.vAB=[0e+00, 1.111134886741638e-02, 2.211078628897667e-02, 3.27298566699028e-02, 4.302025958895683e-02, 5.219392850995064e-02, 6.068937107920647e-02, 6.840763986110687e-02, 7.489723712205887e-02, 8.018204569816589e-02, 8.438211679458618e-02, 8.701556175947189e-02, 8.833125233650208e-02, 8.839000761508942e-02, 8.699604868888855e-02, 8.623015880584717e-02, 8.368469774723053e-02, 8.114312589168549e-02, 7.769934087991714e-02, 7.31729120016098e-02, 6.933209300041199e-02, 6.365078687667847e-02, 5.898625403642654e-02, 5.349104851484299e-02, 4.742451757192612e-02, 4.257951676845551e-02, 3.632770106196404e-02, 3.146876767277716e-02, 2.63902675360441e-02, 2.099673636257648e-02, 1.728218793869019e-02, 1.253463979810476e-02, 9.460357949137688e-03, 6.340104155242443e-03, 3.54873901233077e-03, 1.965029397979379e-03, -0e+00, -0e+00, -0e+00, -0e+00, -0e+00, -0e+00, -0e+00, -0e+00, -0e+00, -0e+00, -0e+00, -0e+00, -0e+00, -0e+00, 3.602321085054427e-04, 1.111174840480089e-02, 2.205542102456093e-02, 3.270847722887993e-02, 4.314389452338226e-02, 5.212381482124334e-02, 6.068080663681035e-02, 6.830044835805893e-02, 7.483106851577759e-02, 8.018369972705841e-02, 8.427195996046066e-02, 8.702376484870911e-02, 8.841118216514587e-02, 8.839043229818344e-02, 8.698494732379913e-02, 8.614979684352875e-02, 8.363847434520721e-02, 8.103324472904205e-02, 7.762186974287033e-02, 7.304978370666504e-02, 6.922533363103867e-02, 6.355736404657364e-02, 5.887351557612419e-02, 5.338799208402634e-02, 4.731083288788795e-02, 4.247214645147324e-02, 3.621620312333107e-02, 3.136877715587616e-02, 2.627770788967609e-02, 2.090469747781754e-02, 1.717801578342915e-02, 1.241625938564539e-02, 9.38229076564312e-03, 6.2311259098351e-03, 3.502245293930173e-03, 1.883824006654322e-03, -0e+00, -0e+00, -0e+00, -0e+00, -0e+00, -0e+00, -0e+00, -0e+00, -0e+00, -0e+00, -0e+00, -0e+00, -0e+00, -0e+00, 7.540985243394971e-04]
dooBC.vBA=[-0e+00, -0e+00, -0e+00, -0e+00, -0e+00, -0e+00, -0e+00, 0e+00, -0e+00, -0e+00, -0e+00, -0e+00, -0e+00, -0e+00, 2.364511762338053e-18, 2.019202802330256e-03, 3.577036084607244e-03, 6.399570498615503e-03, 9.497184306383133e-03, 1.257855631411076e-02, 1.731188036501408e-02, 2.101583778858185e-02, 2.640572376549244e-02, 3.147998824715614e-02, 3.631691262125969e-02, 4.257144406437874e-02, 4.740323126316071e-02, 5.346867814660074e-02, 5.895108729600908e-02, 6.360524147748947e-02, 6.92814514040947e-02, 7.311111688613892e-02, 7.765234261751175e-02, 8.107692003250122e-02, 8.365028351545334e-02, 8.617372810840607e-02, 8.698767423629761e-02, 8.839592337608337e-02, 8.841117471456528e-02, 8.703628927469254e-02, 8.428744226694107e-02, 8.019683510065079e-02, 7.485517859458923e-02, 6.830720603466034e-02, 6.069336086511612e-02, 5.212179571390152e-02, 4.272410273551941e-02, 3.265532106161118e-02, 2.205344662070274e-02, 1.109139807522297e-02, 3.64543404430151e-04, -0e+00, -0e+00, -0e+00, 0e+00, 0e+00, 0e+00, -0e+00, -0e+00, -0e+00, -0e+00, -0e+00, -0e+00, -0e+00, -0e+00, 1.938366913236678e-03, 3.530366346240044e-03, 6.290178280323744e-03, 9.418858215212822e-03, 1.24621894210577e-02, 1.721370592713356e-02, 2.092822268605232e-02, 2.629438042640686e-02, 3.137755766510963e-02, 3.621339425444603e-02, 4.246340692043304e-02, 4.729508236050606e-02, 5.336187779903412e-02, 5.883996933698654e-02, 6.352385133504868e-02, 6.918583810329437e-02, 7.299109548330307e-02, 7.757421582937241e-02, 8.09665322303772e-02, 8.360215276479721e-02, 8.609162271022797e-02, 8.697586506605148e-02, 8.839428424835205e-02, 8.841016888618469e-02, 8.702495694160461e-02, 8.427644520998001e-02, 8.019287139177322e-02, 7.484177500009537e-02, 6.830744445323944e-02, 6.069422140717506e-02, 5.211843922734261e-02, 4.271942004561424e-02, 3.265254572033882e-02, 2.20979955047369e-02, 1.105921529233456e-02, 7.578848162665963e-04]
