last-generated=2019-05-28
statistics-simulation=
{
  "linear": " ",
  "nonlinear": "1, 1, 1, 1, 1, 1, 1, 1, 1, 1, 1, 1, 1, 1, 1, 1",
  "number of continuous time states": "36",
  "numerical Jacobians": "0"
}
dotm_pump=[7.500000298023224e-02, 7.642706483602524e-02, 7.520000636577606e-02, 7.077765464782715e-02, 6.241202354431152e-02, 5.012573674321175e-02, 3.504018858075142e-02, 1.957119442522524e-02, 7.171086966991425e-03, 8.095063385553658e-04, 3.000000106112566e-07, 3.000000106112566e-07, 3.000000106112566e-07, 3.000000106112566e-07, 3.000000106112602e-07, 1.373117120238021e-04, 1.420281711034477e-03, 5.578052718192352e-03, 1.270850095897913e-02, 2.054490149021149e-02, 2.758874371647835e-02, 3.308297693729401e-02, 3.696146234869957e-02, 3.966520726680756e-02, 4.194095358252525e-02, 4.469625651836395e-02, 4.894565045833588e-02, 5.585822463035583e-02, 6.689727306365972e-02, 8.403219282627106e-02, 1.099993512034416e-01, 1.485884934663773e-01, 2.049310505390167e-01, 2.857638001441956e-01, 3.00000011920929e-01, 3.00000011920929e-01, 3.00000011920929e-01, 3.00000011920929e-01, 3.00000011920929e-01, 3.00000011920929e-01, 3.00000011920929e-01, 3.00000011920929e-01, 3.00000011920929e-01, 3.00000011920929e-01, 3.00000011920929e-01, 3.00000011920929e-01, 3.00000011920929e-01, 3.00000011920929e-01, 3.00000011920929e-01, 3.00000011920929e-01, 3.00000011920929e-01, 3.00000011920929e-01, 3.00000011920929e-01, 3.00000011920929e-01, 3.00000011920929e-01, 3.00000011920929e-01, 3.00000011920929e-01, 3.00000011920929e-01, 3.00000011920929e-01, 3.00000011920929e-01, 3.00000011920929e-01, 3.00000011920929e-01, 3.00000011920929e-01, 3.00000011920929e-01, 3.00000011920929e-01, 3.00000011920929e-01, 3.00000011920929e-01, 3.00000011920929e-01, 3.00000011920929e-01, 2.846726775169374e-01, 2.546069324016574e-01, 2.150449305772781e-01, 1.70875757932663e-01, 1.268479079008102e-01, 8.704821020364761e-02, 5.447850748896599e-02, 3.076033480465412e-02, 1.595735922455788e-02, 8.640498854219913e-03, 6.725678686052561e-03, 9.404418058693409e-03, 1.837700419127941e-02, 3.734780102968216e-02, 7.194231450557709e-02, 1.297570765018463e-01, 2.204237729310989e-01, 3.00000011920929e-01, 3.00000011920929e-01, 3.00000011920929e-01, 3.00000011920929e-01, 3.00000011920929e-01, 3.00000011920929e-01, 3.00000011920929e-01, 3.00000011920929e-01, 3.00000011920929e-01, 3.00000011920929e-01, 3.00000011920929e-01, 3.00000011920929e-01, 3.00000011920929e-01, 3.00000011920929e-01, 3.00000011920929e-01]
time=[0e+00, 1.728e+05]
roomTemperature.T=[2.931499938964844e+02, 2.931486511230469e+02, 2.931522827148438e+02, 2.931583862304688e+02, 2.931666564941406e+02, 2.931767578125e+02, 2.931879577636719e+02, 2.931990051269531e+02, 2.932073059082031e+02, 2.932085571289062e+02, 2.932015075683594e+02, 2.931905212402344e+02, 2.931782531738281e+02, 2.931654052734375e+02, 2.931520385742188e+02, 2.931380615234375e+02, 2.931237182617188e+02, 2.931123046875e+02, 2.931109619140625e+02, 2.93117431640625e+02, 2.931253356933594e+02, 2.931326599121094e+02, 2.931384582519531e+02, 2.931422119140625e+02, 2.931437377929688e+02, 2.931428833007812e+02, 2.931396789550781e+02, 2.9313427734375e+02, 2.931268615722656e+02, 2.931175842285156e+02, 2.931065673828125e+02, 2.93093994140625e+02, 2.930799560546875e+02, 2.930645751953125e+02, 2.930480041503906e+02, 2.930303039550781e+02, 2.930118103027344e+02, 2.929928588867188e+02, 2.929737243652344e+02, 2.929547729492188e+02, 2.929363403320312e+02, 2.929187316894531e+02, 2.929022827148438e+02, 2.9288720703125e+02, 2.928738403320312e+02, 2.928623962402344e+02, 2.928530883789062e+02, 2.928460998535156e+02, 2.92841552734375e+02, 2.928395690917969e+02, 2.928402099609375e+02, 2.928434753417969e+02, 2.92849365234375e+02, 2.928577880859375e+02, 2.9286865234375e+02, 2.928818054199219e+02, 2.928970947265625e+02, 2.929142761230469e+02, 2.929331665039062e+02, 2.929534301757812e+02, 2.929747924804688e+02, 2.929969787597656e+02, 2.930196533203125e+02, 2.930424499511719e+02, 2.930650634765625e+02, 2.930871887207031e+02, 2.931084594726562e+02, 2.931285705566406e+02, 2.931472778320312e+02, 2.931642761230469e+02, 2.931792602539062e+02, 2.931919860839844e+02, 2.932021789550781e+02, 2.932096252441406e+02, 2.932139587402344e+02, 2.932147216796875e+02, 2.93211181640625e+02, 2.932020263671875e+02, 2.931858825683594e+02, 2.931628723144531e+02, 2.931361999511719e+02, 2.931115112304688e+02, 2.930909118652344e+02, 2.930723266601562e+02, 2.930542297363281e+02, 2.930359497070312e+02, 2.930173645019531e+02, 2.929983825683594e+02, 2.929792785644531e+02, 2.929603271484375e+02, 2.9294189453125e+02, 2.929242858886719e+02, 2.929078063964844e+02, 2.928927612304688e+02, 2.9287939453125e+02, 2.928679504394531e+02, 2.92858642578125e+02, 2.928516235351562e+02, 2.928470764160156e+02, 2.928450622558594e+02, 2.92845703125e+02]
