last-generated=2020-01-27
statistics-simulation=
{
  "linear": " ",
  "nonlinear": " ",
  "number of continuous time states": "3",
  "numerical Jacobians": "0"
}
senTemIn.T=[3.231499938964844e+02, 3.231499938964844e+02, 3.231499938964844e+02, 3.231499938964844e+02, 3.231499938964844e+02, 3.231499938964844e+02, 3.231499938964844e+02, 3.231499938964844e+02, 3.231499938964844e+02, 3.231499938964844e+02, 3.231499938964844e+02, 3.431499938964844e+02, 3.431499938964844e+02, 3.431499938964844e+02, 3.431499938964844e+02, 3.431499938964844e+02, 3.431499938964844e+02, 3.431499938964844e+02, 3.431499938964844e+02, 3.431499938964844e+02, 3.431499938964844e+02, 3.431499938964844e+02, 3.431499938964844e+02, 3.431499938964844e+02, 3.431499938964844e+02, 3.431499938964844e+02, 3.431499938964844e+02, 3.431499938964844e+02, 3.431499938964844e+02, 3.431499938964844e+02, 3.431499938964844e+02, 3.431499938964844e+02, 3.431499938964844e+02, 3.431499938964844e+02, 3.431499938964844e+02, 3.431499938964844e+02, 3.431499938964844e+02, 3.431499938964844e+02, 3.431499938964844e+02, 3.431499938964844e+02, 3.431499938964844e+02, 3.431499938964844e+02, 3.431499938964844e+02, 3.431499938964844e+02, 3.431499938964844e+02, 3.431499938964844e+02, 3.431499938964844e+02, 3.431499938964844e+02, 3.431499938964844e+02, 3.431499938964844e+02, 3.431499938964844e+02, 3.431499938964844e+02, 3.431499938964844e+02, 3.431499938964844e+02, 3.431499938964844e+02, 3.431499938964844e+02, 3.431499938964844e+02, 3.431499938964844e+02, 3.431499938964844e+02, 3.431499938964844e+02, 3.431499938964844e+02, 3.431499938964844e+02, 3.431499938964844e+02, 3.431499938964844e+02, 3.431499938964844e+02, 3.431499938964844e+02, 3.431499938964844e+02, 3.431499938964844e+02, 3.431499938964844e+02, 3.431499938964844e+02, 3.431499938964844e+02, 3.431499938964844e+02, 3.431499938964844e+02, 3.431499938964844e+02, 3.431499938964844e+02, 3.431499938964844e+02, 3.431499938964844e+02, 3.431499938964844e+02, 3.431499938964844e+02, 3.431499938964844e+02, 3.431499938964844e+02, 3.431499938964844e+02, 3.431499938964844e+02, 3.431499938964844e+02, 3.431499938964844e+02, 3.431499938964844e+02, 3.431499938964844e+02, 3.431499938964844e+02, 3.431499938964844e+02, 3.431499938964844e+02, 3.431499938964844e+02, 3.431499938964844e+02, 3.431499938964844e+02, 3.431499938964844e+02, 3.431499938964844e+02, 3.431499938964844e+02, 3.431499938964844e+02, 3.431499938964844e+02, 3.431499938964844e+02, 3.431499938964844e+02, 3.431499938964844e+02]
senTemOut.T=[3.231499938964844e+02, 3.23129638671875e+02, 3.231138305664062e+02, 3.231021423339844e+02, 3.230935668945312e+02, 3.230872192382812e+02, 3.230825500488281e+02, 3.230790710449219e+02, 3.230765075683594e+02, 3.230745849609375e+02, 3.230731811523438e+02, 3.281314392089844e+02, 3.320196228027344e+02, 3.348931274414062e+02, 3.370165710449219e+02, 3.385857849121094e+02, 3.397453918457031e+02, 3.406023864746094e+02, 3.412356872558594e+02, 3.417036743164062e+02, 3.420495300292969e+02, 3.423051147460938e+02, 3.424939880371094e+02, 3.426335754394531e+02, 3.427367248535156e+02, 3.428129577636719e+02, 3.428692932128906e+02, 3.42910888671875e+02, 3.42941650390625e+02, 3.429643859863281e+02, 3.42981201171875e+02, 3.429936218261719e+02, 3.430028076171875e+02, 3.430095825195312e+02, 3.430145874023438e+02, 3.43018310546875e+02, 3.430210571289062e+02, 3.430230712890625e+02, 3.430245666503906e+02, 3.430256652832031e+02, 3.430264892578125e+02, 3.43027099609375e+02, 3.430275268554688e+02, 3.430278625488281e+02, 3.43028076171875e+02, 3.430282592773438e+02, 3.430283813476562e+02, 3.430285034179688e+02, 3.43028564453125e+02, 3.430286254882812e+02, 3.430286865234375e+02, 3.430287170410156e+02, 3.430287475585938e+02, 3.430287475585938e+02, 3.430287780761719e+02, 3.430287780761719e+02, 3.430287780761719e+02, 3.430287780761719e+02, 3.430287780761719e+02, 3.430287780761719e+02, 3.430287780761719e+02, 3.430287780761719e+02, 3.430287780761719e+02, 3.430287780761719e+02, 3.430287780761719e+02, 3.430287780761719e+02, 3.430287780761719e+02, 3.430287780761719e+02, 3.430287780761719e+02, 3.430287780761719e+02, 3.430287780761719e+02, 3.430287780761719e+02, 3.4302880859375e+02, 3.4302880859375e+02, 3.4302880859375e+02, 3.4302880859375e+02, 3.4302880859375e+02, 3.4302880859375e+02, 3.4302880859375e+02, 3.4302880859375e+02, 3.4302880859375e+02, 3.4302880859375e+02, 3.4302880859375e+02, 3.4302880859375e+02, 3.4302880859375e+02, 3.4302880859375e+02, 3.4302880859375e+02, 3.4302880859375e+02, 3.4302880859375e+02, 3.4302880859375e+02, 3.4302880859375e+02, 3.4302880859375e+02, 3.4302880859375e+02, 3.4302880859375e+02, 3.4302880859375e+02, 3.4302880859375e+02, 3.4302880859375e+02, 3.4302880859375e+02, 3.4302880859375e+02, 3.4302880859375e+02, 3.4302880859375e+02]
time=[0e+00, 1e+03]
