last-generated=2025-01-30
statistics-simulation=
{
  "linear": " ",
  "nonlinear": " ",
  "number of continuous time states": "23",
  "numerical Jacobians": "0"
}
time=[0e+00, 1.2e+02]
traT.y=[1.5e+01, 1.62e+01, 1.74e+01, 1.86e+01, 1.98e+01, 2.1e+01, 2.22e+01, 2.34e+01, 2.46e+01, 2.58e+01, 2.7e+01, 2.82e+01, 2.94e+01, 3e+01, 3e+01, 3e+01, 3e+01, 3e+01, 3e+01, 3e+01, 3e+01, 3e+01, 3e+01, 3e+01, 3e+01, 3e+01, 2.88e+01, 2.759999999999999e+01, 2.64e+01, 2.52e+01, 2.4e+01, 2.28e+01, 2.16e+01, 2.04e+01, 1.92e+01, 1.8e+01, 1.68e+01, 1.56e+01, 1.5e+01, 1.5e+01, 1.5e+01, 1.5e+01, 1.5e+01, 1.5e+01, 1.5e+01, 1.5e+01, 1.5e+01, 1.5e+01, 1.5e+01, 1.5e+01, 1.5e+01, 1.62e+01, 1.740000000000001e+01, 1.86e+01, 1.980000000000001e+01, 2.1e+01, 2.22e+01, 2.339999809265863e+01, 2.459999999999999e+01, 2.58e+01, 2.7e+01, 2.82e+01, 2.940000000000001e+01, 3e+01, 3e+01, 3e+01, 3e+01, 3e+01, 3e+01, 3e+01, 3e+01, 3e+01, 3e+01, 3e+01, 3e+01, 3e+01, 2.88e+01, 2.759999999999999e+01, 2.639999999999999e+01, 2.519999999999999e+01, 2.4e+01, 2.28e+01, 2.160000000000001e+01, 2.040000000000001e+01, 1.92e+01, 1.8e+01, 1.68e+01, 1.559999999999999e+01, 1.5e+01, 1.5e+01, 1.5e+01, 1.5e+01, 1.5e+01, 1.5e+01, 1.5e+01, 1.5e+01, 1.5e+01, 1.5e+01, 1.5e+01, 1.5e+01, 1.5e+01]
fixBou.TCom=[2.951499938964844e+02, 2.951499938964844e+02]
fixBou.conTUppBou.k=[2.971499938964844e+02, 2.971499938964844e+02]
fixBou.conTLowBou.k=[2.931499938964844e+02, 2.931499938964844e+02]
booPulAct.y=[1e+00, 1e+00, 1e+00, 1e+00, 1e+00, 1e+00, 1e+00, 1e+00, 1e+00, 1e+00, 1e+00, 1e+00, 1e+00, 1e+00, 1e+00, 1e+00, 1e+00, 1e+00, 1e+00, 1e+00, 1e+00, 1e+00, 1e+00, 1e+00, 1e+00, 1e+00, 0e+00, 0e+00, 0e+00, 0e+00, 0e+00, 0e+00, 0e+00, 0e+00, 0e+00, 0e+00, 0e+00, 0e+00, 0e+00, 0e+00, 0e+00, 0e+00, 0e+00, 0e+00, 0e+00, 0e+00, 0e+00, 0e+00, 0e+00, 0e+00, 0e+00, 1e+00, 1e+00, 1e+00, 1e+00, 1e+00, 1e+00, 1e+00, 1e+00, 1e+00, 1e+00, 1e+00, 1e+00, 1e+00, 1e+00, 1e+00, 1e+00, 1e+00, 1e+00, 1e+00, 1e+00, 1e+00, 1e+00, 1e+00, 1e+00, 1e+00, 0e+00, 0e+00, 0e+00, 0e+00, 0e+00, 0e+00, 0e+00, 0e+00, 0e+00, 0e+00, 0e+00, 0e+00, 0e+00, 0e+00, 0e+00, 0e+00, 0e+00, 0e+00, 0e+00, 0e+00, 0e+00, 0e+00, 0e+00, 0e+00, 0e+00]
fixBou.totDegSecOutBou=[0e+00, 5.2e+00, 9e+00, 1.14e+01, 1.24e+01, 1.25e+01, 1.25e+01, 1.25e+01, 1.28e+01, 1.42e+01, 1.7e+01, 2.14e+01, 2.719999999999999e+01, 3.410000000000001e+01, 4.13e+01, 4.85e+01, 5.57e+01, 6.290000000000001e+01, 7.009999999999999e+01, 7.730000000000001e+01, 8.45e+01, 9.169999999999999e+01, 9.889999999999999e+01, 1.061e+02, 1.133e+02, 1.205e+02, 1.269e+02, 1.319e+02, 1.355e+02, 1.377e+02, 1.385e+02, 1.385e+02, 1.385e+02, 1.385e+02, 1.389e+02, 1.405e+02, 1.437e+02, 1.483e+02, 1.54e+02, 1.6e+02, 1.66e+02, 1.72e+02, 1.78e+02, 1.84e+02, 1.9e+02, 1.96e+02, 2.02e+02, 2.08e+02, 2.14e+02, 2.2e+02, 2.26e+02, 2.312e+02, 2.35e+02, 2.374e+02, 2.384e+02, 2.385e+02, 2.385e+02, 2.385e+02, 2.388e+02, 2.402e+02, 2.43e+02, 2.474e+02, 2.532e+02, 2.601e+02, 2.673e+02, 2.745e+02, 2.817e+02, 2.889e+02, 2.961e+02, 3.033e+02, 3.105e+02, 3.176999999999999e+02, 3.249e+02, 3.321e+02, 3.393e+02, 3.465e+02, 3.529e+02, 3.579e+02, 3.615e+02, 3.637e+02, 3.645e+02, 3.645e+02, 3.645e+02, 3.645e+02, 3.649e+02, 3.665e+02, 3.697e+02, 3.743e+02, 3.8e+02, 3.86e+02, 3.92e+02, 3.98e+02, 4.04e+02, 4.100000000000001e+02, 4.16e+02, 4.22e+02, 4.279999999999999e+02, 4.339999999999999e+02, 4.4e+02, 4.46e+02, 4.52e+02]
fixBouAct.totDegSecOutBou=[0e+00, 5.2e+00, 9e+00, 1.14e+01, 1.24e+01, 1.25e+01, 1.25e+01, 1.25e+01, 1.28e+01, 1.42e+01, 1.7e+01, 2.14e+01, 2.719999999999999e+01, 3.410000000000001e+01, 4.13e+01, 4.85e+01, 5.57e+01, 6.290000000000001e+01, 7.009999999999999e+01, 7.730000000000001e+01, 8.45e+01, 9.169999999999999e+01, 9.889999999999999e+01, 1.061e+02, 1.133e+02, 1.205e+02, 1.205e+02, 1.205e+02, 1.205e+02, 1.205e+02, 1.205e+02, 1.205e+02, 1.205e+02, 1.205e+02, 1.205e+02, 1.205e+02, 1.205e+02, 1.205e+02, 1.205e+02, 1.205e+02, 1.205e+02, 1.205e+02, 1.205e+02, 1.205e+02, 1.205e+02, 1.205e+02, 1.205e+02, 1.205e+02, 1.205e+02, 1.205e+02, 1.205e+02, 1.257e+02, 1.295e+02, 1.319e+02, 1.329e+02, 1.33e+02, 1.33e+02, 1.33e+02, 1.333e+02, 1.347e+02, 1.375e+02, 1.419e+02, 1.477e+02, 1.546e+02, 1.618e+02, 1.69e+02, 1.762e+02, 1.834e+02, 1.906000000000001e+02, 1.978e+02, 2.05e+02, 2.121999999999999e+02, 2.193999999999999e+02, 2.266e+02, 2.338e+02, 2.41e+02, 2.41e+02, 2.41e+02, 2.41e+02, 2.41e+02, 2.41e+02, 2.41e+02, 2.41e+02, 2.41e+02, 2.41e+02, 2.41e+02, 2.41e+02, 2.41e+02, 2.41e+02, 2.41e+02, 2.41e+02, 2.41e+02, 2.41e+02, 2.41e+02, 2.41e+02, 2.41e+02, 2.41e+02, 2.41e+02, 2.41e+02, 2.41e+02, 2.41e+02]
fixBouRes.totDegSecOutBou=[0e+00, 5.2e+00, 9e+00, 1.14e+01, 1.24e+01, 0e+00, 0e+00, 0e+00, 2.999999999999998e-01, 1.699999999999998e+00, 4.5e+00, 8.899999999999997e+00, 1.469999999999999e+01, 2.160000000000001e+01, 2.88e+01, 3.6e+01, 4.32e+01, 5.040000000000001e+01, 5.759999999999999e+01, 6.480000000000001e+01, 7.2e+01, 7.919999999999999e+01, 8.639999999999999e+01, 9.360000000000001e+01, 1.008e+02, 1.08e+02, 1.144e+02, 1.194e+02, 1.23e+02, 1.252e+02, 1.26e+02, 0e+00, 0e+00, 0e+00, 4.000000000000021e-01, 2e+00, 5.199999999999985e+00, 9.799999999999994e+00, 1.550000000000001e+01, 2.150000000000002e+01, 2.75e+01, 3.349999999999998e+01, 3.949999999999999e+01, 4.550000000000001e+01, 5.149999999999999e+01, 5.75e+01, 6.350000000000001e+01, 6.95e+01, 7.549999999999997e+01, 8.149999999999999e+01, 8.75e+01, 9.270000000000002e+01, 9.650000000000001e+01, 9.890000000000001e+01, 9.990000000000001e+01, 0e+00, 0e+00, 0e+00, 2.999999999999972e-01, 1.699999999999996e+00, 4.5e+00, 8.900000000000013e+00, 1.470000000000003e+01, 2.159999999999997e+01, 2.879999999999998e+01, 3.6e+01, 4.320000000000002e+01, 5.040000000000003e+01, 5.760000000000005e+01, 6.479999999999998e+01, 7.2e+01, 7.919999999999993e+01, 8.639999999999995e+01, 9.359999999999997e+01, 1.008e+02, 1.08e+02, 1.144e+02, 1.194e+02, 1.23e+02, 1.252e+02, 1.26e+02, 0e+00, 0e+00, 0e+00, 3.999999999999986e-01, 2e+00, 5.20000000000001e+00, 9.800000000000026e+00, 1.549999999999997e+01, 2.149999999999999e+01, 2.75e+01, 3.350000000000001e+01, 3.950000000000003e+01, 4.550000000000004e+01, 5.149999999999999e+01, 5.75e+01, 6.349999999999994e+01, 6.949999999999996e+01, 7.549999999999997e+01, 8.149999999999999e+01, 8.75e+01]
fixBouTim.totTimeOutBou=[0e+00, 1.2e+00, 2.4e+00, 3.6e+00, 4.8e+00, 5e+00, 5e+00, 5e+00, 5.6e+00, 6.799999999999999e+00, 8e+00, 9.199999999999999e+00, 1.04e+01, 1.16e+01, 1.28e+01, 1.4e+01, 1.52e+01, 1.64e+01, 1.76e+01, 1.88e+01, 2e+01, 2.12e+01, 2.24e+01, 2.36e+01, 2.48e+01, 2.6e+01, 2.72e+01, 2.840000000000001e+01, 2.96e+01, 3.08e+01, 3.2e+01, 3.2e+01, 3.2e+01, 3.2e+01, 3.28e+01, 3.4e+01, 3.52e+01, 3.64e+01, 3.76e+01, 3.88e+01, 4e+01, 4.12e+01, 4.24e+01, 4.36e+01, 4.48e+01, 4.6e+01, 4.72e+01, 4.84e+01, 4.959999999999999e+01, 5.08e+01, 5.2e+01, 5.32e+01, 5.440000000000001e+01, 5.56e+01, 5.680000000000001e+01, 5.7e+01, 5.7e+01, 5.7e+01, 5.759999999999999e+01, 5.88e+01, 6e+01, 6.12e+01, 6.240000000000001e+01, 6.359999999999999e+01, 6.48e+01, 6.6e+01, 6.72e+01, 6.840000000000001e+01, 6.960000000000001e+01, 7.08e+01, 7.2e+01, 7.319999999999999e+01, 7.439999999999999e+01, 7.559999999999999e+01, 7.68e+01, 7.8e+01, 7.92e+01, 8.040000000000001e+01, 8.160000000000001e+01, 8.280000000000001e+01, 8.4e+01, 8.4e+01, 8.4e+01, 8.4e+01, 8.48e+01, 8.6e+01, 8.72e+01, 8.840000000000001e+01, 8.959999999999999e+01, 9.08e+01, 9.2e+01, 9.32e+01, 9.440000000000001e+01, 9.560000000000001e+01, 9.68e+01, 9.8e+01, 9.919999999999999e+01, 1.004e+02, 1.016e+02, 1.028e+02, 1.04e+02]
fixBouTimRes.totTimeOutBou=[0e+00, 1.2e+00, 2.4e+00, 3.6e+00, 4.8e+00, 0e+00, 0e+00, 0e+00, 5.999999999999996e-01, 1.799999999999999e+00, 3e+00, 4.199999999999999e+00, 5.399999999999999e+00, 6.600000000000001e+00, 7.800000000000001e+00, 9e+00, 1.02e+01, 1.14e+01, 1.26e+01, 1.38e+01, 1.5e+01, 1.62e+01, 1.74e+01, 1.86e+01, 1.98e+01, 2.1e+01, 2.22e+01, 2.340000000000001e+01, 2.46e+01, 2.58e+01, 2.7e+01, 0e+00, 0e+00, 0e+00, 8.000000000000043e-01, 2e+00, 3.199999999999996e+00, 4.399999999999999e+00, 5.600000000000001e+00, 6.800000000000004e+00, 8e+00, 9.199999999999996e+00, 1.04e+01, 1.16e+01, 1.28e+01, 1.4e+01, 1.52e+01, 1.64e+01, 1.759999999999999e+01, 1.88e+01, 2e+01, 2.12e+01, 2.240000000000001e+01, 2.36e+01, 2.480000000000001e+01, 0e+00, 0e+00, 0e+00, 5.999999999999943e-01, 1.799999999999997e+00, 3e+00, 4.200000000000003e+00, 5.400000000000006e+00, 6.599999999999994e+00, 7.799999999999997e+00, 9e+00, 1.02e+01, 1.140000000000001e+01, 1.260000000000001e+01, 1.38e+01, 1.5e+01, 1.619999999999999e+01, 1.739999999999999e+01, 1.859999999999999e+01, 1.98e+01, 2.1e+01, 2.22e+01, 2.340000000000001e+01, 2.460000000000001e+01, 2.580000000000001e+01, 2.7e+01, 0e+00, 0e+00, 0e+00, 7.999999999999972e-01, 2e+00, 3.200000000000003e+00, 4.400000000000006e+00, 5.599999999999994e+00, 6.799999999999997e+00, 8e+00, 9.200000000000003e+00, 1.040000000000001e+01, 1.160000000000001e+01, 1.28e+01, 1.4e+01, 1.519999999999999e+01, 1.639999999999999e+01, 1.759999999999999e+01, 1.88e+01, 2e+01]
flxBou.T=[2.881499938964844e+02, 2.893499938964844e+02, 2.905499938964844e+02, 2.917499938964844e+02, 2.929499938964844e+02, 2.941499938964844e+02, 2.953499938964844e+02, 2.965499938964844e+02, 2.977499938964844e+02, 2.989499938964844e+02, 3.001499938964844e+02, 3.013499938964844e+02, 3.025499938964844e+02, 3.031499938964844e+02, 3.031499938964844e+02, 3.031499938964844e+02, 3.031499938964844e+02, 3.031499938964844e+02, 3.031499938964844e+02, 3.031499938964844e+02, 3.031499938964844e+02, 3.031499938964844e+02, 3.031499938964844e+02, 3.031499938964844e+02, 3.031499938964844e+02, 3.031499938964844e+02, 3.019499938964844e+02, 3.007499938964844e+02, 2.995499938964844e+02, 2.983499938964844e+02, 2.971499938964844e+02, 2.959499938964844e+02, 2.947499938964844e+02, 2.935500034332366e+02, 2.923499938964844e+02, 2.911499938964844e+02, 2.899499938964844e+02, 2.887499938964844e+02, 2.881499938964844e+02, 2.881499938964844e+02, 2.881499938964844e+02, 2.881499938964844e+02, 2.881499938964844e+02, 2.881499938964844e+02, 2.881499938964844e+02, 2.881499938964844e+02, 2.881499938964844e+02, 2.881499938964844e+02, 2.881499938964844e+02, 2.881499938964844e+02, 2.881499938964844e+02, 2.893499938964844e+02, 2.905499938964844e+02, 2.917499938964844e+02, 2.929499938964844e+02, 2.941499938964844e+02, 2.953499938964844e+02, 2.965500015258498e+02, 2.977499938964844e+02, 2.989499938964844e+02, 3.001499938964844e+02, 3.013499938964844e+02, 3.025499938964844e+02, 3.031499938964844e+02, 3.031499938964844e+02, 3.031499938964844e+02, 3.031499938964844e+02, 3.031499938964844e+02, 3.031499938964844e+02, 3.031499938964844e+02, 3.031499938964844e+02, 3.031499938964844e+02, 3.031499938964844e+02, 3.031499938964844e+02, 3.031499938964844e+02, 3.031499938964844e+02, 3.019499938964844e+02, 3.007499938964844e+02, 2.995499938964844e+02, 2.983499938964844e+02, 2.971499938964844e+02, 2.959499938964844e+02, 2.947499938964844e+02, 2.935499938964844e+02, 2.923499938964844e+02, 2.911499938964844e+02, 2.899499938964844e+02, 2.887499938964844e+02, 2.881499938964844e+02, 2.881499938964844e+02, 2.881499938964844e+02, 2.881499938964844e+02, 2.881499938964844e+02, 2.881499938964844e+02, 2.881499938964844e+02, 2.881499938964844e+02, 2.881499938964844e+02, 2.881499938964844e+02, 2.881499938964844e+02, 2.881499938964844e+02, 2.881499938964844e+02]
flxBou.uppBou=[2.971499938964844e+02, 2.971499938964844e+02]
flxBou.lowBou=[2.931499938964844e+02, 2.931499938964844e+02]
flxBou.degSecOutUppBou=[0e+00, 0e+00, 0e+00, 0e+00, 0e+00, 0e+00, 0e+00, 0e+00, 2.999999999999998e-01, 1.699999999999998e+00, 4.5e+00, 8.899999999999997e+00, 1.469999999999999e+01, 2.160000000000001e+01, 2.88e+01, 3.6e+01, 4.32e+01, 5.040000000000001e+01, 5.759999999999999e+01, 6.480000000000001e+01, 7.2e+01, 7.919999999999999e+01, 8.639999999999999e+01, 9.360000000000001e+01, 1.008e+02, 1.08e+02, 1.144e+02, 1.194e+02, 1.23e+02, 1.252e+02, 1.26e+02, 1.26e+02, 1.26e+02, 1.26e+02, 1.26e+02, 1.26e+02, 1.26e+02, 1.26e+02, 1.26e+02, 1.26e+02, 1.26e+02, 1.26e+02, 1.26e+02, 1.26e+02, 1.26e+02, 1.26e+02, 1.26e+02, 1.26e+02, 1.26e+02, 1.26e+02, 1.26e+02, 1.26e+02, 1.26e+02, 1.26e+02, 1.26e+02, 1.26e+02, 1.26e+02, 1.26e+02, 1.263e+02, 1.277e+02, 1.305e+02, 1.349e+02, 1.407e+02, 1.476e+02, 1.548e+02, 1.62e+02, 1.692e+02, 1.764e+02, 1.836000000000001e+02, 1.908e+02, 1.98e+02, 2.051999999999999e+02, 2.123999999999999e+02, 2.196e+02, 2.268e+02, 2.34e+02, 2.404e+02, 2.454e+02, 2.49e+02, 2.512e+02, 2.52e+02, 2.52e+02, 2.52e+02, 2.52e+02, 2.52e+02, 2.52e+02, 2.52e+02, 2.52e+02, 2.52e+02, 2.52e+02, 2.52e+02, 2.52e+02, 2.52e+02, 2.52e+02, 2.52e+02, 2.52e+02, 2.52e+02, 2.52e+02, 2.52e+02, 2.52e+02, 2.52e+02]
flxBou.degSecOutLowBou=[0e+00, -5.2e+00, -9e+00, -1.14e+01, -1.24e+01, -1.25e+01, -1.25e+01, -1.25e+01, -1.25e+01, -1.25e+01, -1.25e+01, -1.25e+01, -1.25e+01, -1.25e+01, -1.25e+01, -1.25e+01, -1.25e+01, -1.25e+01, -1.25e+01, -1.25e+01, -1.25e+01, -1.25e+01, -1.25e+01, -1.25e+01, -1.25e+01, -1.25e+01, -1.25e+01, -1.25e+01, -1.25e+01, -1.25e+01, -1.25e+01, -1.25e+01, -1.25e+01, -1.25e+01, -1.29e+01, -1.45e+01, -1.769999999999999e+01, -2.229999999999999e+01, -2.800000000000001e+01, -3.400000000000002e+01, -4e+01, -4.599999999999998e+01, -5.199999999999999e+01, -5.800000000000001e+01, -6.399999999999999e+01, -7e+01, -7.600000000000001e+01, -8.2e+01, -8.799999999999997e+01, -9.399999999999999e+01, -1e+02, -1.052e+02, -1.09e+02, -1.114e+02, -1.124e+02, -1.125e+02, -1.125e+02, -1.125e+02, -1.125e+02, -1.125e+02, -1.125e+02, -1.125e+02, -1.125e+02, -1.125e+02, -1.125e+02, -1.125e+02, -1.125e+02, -1.125e+02, -1.125e+02, -1.125e+02, -1.125e+02, -1.125e+02, -1.125e+02, -1.125e+02, -1.125e+02, -1.125e+02, -1.125e+02, -1.125e+02, -1.125e+02, -1.125e+02, -1.125e+02, -1.125e+02, -1.125e+02, -1.125e+02, -1.129e+02, -1.145e+02, -1.177e+02, -1.223e+02, -1.28e+02, -1.34e+02, -1.4e+02, -1.46e+02, -1.52e+02, -1.580000000000001e+02, -1.64e+02, -1.7e+02, -1.759999999999999e+02, -1.819999999999999e+02, -1.88e+02, -1.94e+02, -2e+02]
flxBou.totDegSecOutBou=[0e+00, 5.2e+00, 9e+00, 1.14e+01, 1.24e+01, 1.25e+01, 1.25e+01, 1.25e+01, 1.28e+01, 1.42e+01, 1.7e+01, 2.14e+01, 2.719999999999999e+01, 3.410000000000001e+01, 4.13e+01, 4.85e+01, 5.57e+01, 6.290000000000001e+01, 7.009999999999999e+01, 7.730000000000001e+01, 8.45e+01, 9.169999999999999e+01, 9.889999999999999e+01, 1.061e+02, 1.133e+02, 1.205e+02, 1.269e+02, 1.319e+02, 1.355e+02, 1.377e+02, 1.385e+02, 1.385e+02, 1.385e+02, 1.385e+02, 1.389e+02, 1.405e+02, 1.437e+02, 1.483e+02, 1.54e+02, 1.6e+02, 1.66e+02, 1.72e+02, 1.78e+02, 1.84e+02, 1.9e+02, 1.96e+02, 2.02e+02, 2.08e+02, 2.14e+02, 2.2e+02, 2.26e+02, 2.312e+02, 2.35e+02, 2.374e+02, 2.384e+02, 2.385e+02, 2.385e+02, 2.385e+02, 2.388e+02, 2.402e+02, 2.43e+02, 2.474e+02, 2.532e+02, 2.601e+02, 2.673e+02, 2.745e+02, 2.817e+02, 2.889e+02, 2.961e+02, 3.033e+02, 3.105e+02, 3.176999999999999e+02, 3.249e+02, 3.321e+02, 3.393e+02, 3.465e+02, 3.529e+02, 3.579e+02, 3.615e+02, 3.637e+02, 3.645e+02, 3.645e+02, 3.645e+02, 3.645e+02, 3.649e+02, 3.665e+02, 3.697e+02, 3.743e+02, 3.8e+02, 3.86e+02, 3.92e+02, 3.98e+02, 4.04e+02, 4.100000000000001e+02, 4.16e+02, 4.22e+02, 4.279999999999999e+02, 4.339999999999999e+02, 4.4e+02, 4.46e+02, 4.52e+02]
din16798_1.T=[2.881499938964844e+02, 2.893499938964844e+02, 2.905499938964844e+02, 2.917499938964844e+02, 2.929499938964844e+02, 2.941499938964844e+02, 2.953499938964844e+02, 2.965499938964844e+02, 2.977499938964844e+02, 2.989499938964844e+02, 3.001499938964844e+02, 3.013499938964844e+02, 3.025499938964844e+02, 3.031499938964844e+02, 3.031499938964844e+02, 3.031499938964844e+02, 3.031499938964844e+02, 3.031499938964844e+02, 3.031499938964844e+02, 3.031499938964844e+02, 3.031499938964844e+02, 3.031499938964844e+02, 3.031499938964844e+02, 3.031499938964844e+02, 3.031499938964844e+02, 3.031499938964844e+02, 3.019499938964844e+02, 3.007499938964844e+02, 2.995499938964844e+02, 2.983499938964844e+02, 2.971499938964844e+02, 2.959499938964844e+02, 2.947499938964844e+02, 2.935500034332366e+02, 2.923499938964844e+02, 2.911499938964844e+02, 2.899499938964844e+02, 2.887499938964844e+02, 2.881499938964844e+02, 2.881499938964844e+02, 2.881499938964844e+02, 2.881499938964844e+02, 2.881499938964844e+02, 2.881499938964844e+02, 2.881499938964844e+02, 2.881499938964844e+02, 2.881499938964844e+02, 2.881499938964844e+02, 2.881499938964844e+02, 2.881499938964844e+02, 2.881499938964844e+02, 2.893499938964844e+02, 2.905499938964844e+02, 2.917499938964844e+02, 2.929499938964844e+02, 2.941499938964844e+02, 2.953499938964844e+02, 2.965500015258498e+02, 2.977499938964844e+02, 2.989499938964844e+02, 3.001499938964844e+02, 3.013499938964844e+02, 3.025499938964844e+02, 3.031499938964844e+02, 3.031499938964844e+02, 3.031499938964844e+02, 3.031499938964844e+02, 3.031499938964844e+02, 3.031499938964844e+02, 3.031499938964844e+02, 3.031499938964844e+02, 3.031499938964844e+02, 3.031499938964844e+02, 3.031499938964844e+02, 3.031499938964844e+02, 3.031499938964844e+02, 3.019499938964844e+02, 3.007499938964844e+02, 2.995499938964844e+02, 2.983499938964844e+02, 2.971499938964844e+02, 2.959499938964844e+02, 2.947499938964844e+02, 2.935499938964844e+02, 2.923499938964844e+02, 2.911499938964844e+02, 2.899499938964844e+02, 2.887499938964844e+02, 2.881499938964844e+02, 2.881499938964844e+02, 2.881499938964844e+02, 2.881499938964844e+02, 2.881499938964844e+02, 2.881499938964844e+02, 2.881499938964844e+02, 2.881499938964844e+02, 2.881499938964844e+02, 2.881499938964844e+02, 2.881499938964844e+02, 2.881499938964844e+02, 2.881499938964844e+02]
din16798_1.comT.TComUppBou=[2.971499938964844e+02, 2.971499938964844e+02, 2.971499938964844e+02, 2.971499938964844e+02, 2.971499938964844e+02, 2.971499938964844e+02, 2.971499938964844e+02, 2.971499938964844e+02, 2.971499938964844e+02, 2.971499938964844e+02, 2.971499938964844e+02, 2.971499938964844e+02, 2.971499938964844e+02, 2.971499938964844e+02, 2.971499938964844e+02, 2.971499938964844e+02, 2.971499938964844e+02, 2.971499938964844e+02, 2.971499938964844e+02, 2.971499938964844e+02, 2.971499938964844e+02, 2.971499938964844e+02, 2.971499938964844e+02, 2.971499938964844e+02, 2.971499938964844e+02, 2.971499938964844e+02, 2.971499938964844e+02, 2.971499938964844e+02, 2.971499938964844e+02, 2.971499938964844e+02, 2.971499938964844e+02, 2.974499938964844e+02, 2.977499938964844e+02, 2.98050002956399e+02, 2.983499938964844e+02, 2.986499938964844e+02, 2.989499938964844e+02, 2.992499938964844e+02, 2.995499938964844e+02, 2.998499938964844e+02, 3.001499938964844e+02, 3.004499938964844e+02, 3.007499938964844e+02, 3.010499938964844e+02, 3.011499938964844e+02, 3.011499938964844e+02, 3.011499938964844e+02, 3.011499938964844e+02, 3.011499938964844e+02, 3.011499938964844e+02, 3.011499938964844e+02, 3.011499938964844e+02, 3.011499938964844e+02, 3.011499938964844e+02, 3.011499938964844e+02, 3.011499938964844e+02, 3.011499938964844e+02, 3.010500034331911e+02, 3.007499938964844e+02, 3.004499938964844e+02, 3.001499938964844e+02, 2.998499938964844e+02, 2.995499938964844e+02, 2.992499938964844e+02, 2.989499938964844e+02, 2.986499938964844e+02, 2.983499938964844e+02, 2.980499938964844e+02, 2.977499938964844e+02, 2.974499938964844e+02, 2.971499938964844e+02, 2.971499938964844e+02, 2.971499938964844e+02, 2.971499938964844e+02, 2.971499938964844e+02, 2.971499938964844e+02, 2.971499938964844e+02, 2.971499938964844e+02, 2.971499938964844e+02, 2.971499938964844e+02, 2.971499938964844e+02, 2.971499938964844e+02, 2.971499938964844e+02, 2.971499938964844e+02, 2.971499938964844e+02, 2.971499938964844e+02, 2.971499938964844e+02, 2.971499938964844e+02, 2.971499938964844e+02, 2.971499938964844e+02, 2.971499938964844e+02, 2.971499938964844e+02, 2.971499938964844e+02, 2.971499938964844e+02, 2.971499938964844e+02, 2.971499938964844e+02, 2.971499938964844e+02, 2.971499938964844e+02, 2.971499938964844e+02, 2.971499938964844e+02, 2.971499938964844e+02]
din16798_1.comT.TComLowBou=[2.931499938964844e+02, 2.931499938964844e+02, 2.931499938964844e+02, 2.931499938964844e+02, 2.931499938964844e+02, 2.931499938964844e+02, 2.931499938964844e+02, 2.931499938964844e+02, 2.931499938964844e+02, 2.931499938964844e+02, 2.931499938964844e+02, 2.931499938964844e+02, 2.931499938964844e+02, 2.931499938964844e+02, 2.931499938964844e+02, 2.931499938964844e+02, 2.931499938964844e+02, 2.931499938964844e+02, 2.931499938964844e+02, 2.931499938964844e+02, 2.931499938964844e+02, 2.931499938964844e+02, 2.931499938964844e+02, 2.931499938964844e+02, 2.931499938964844e+02, 2.931499938964844e+02, 2.931499938964844e+02, 2.931499938964844e+02, 2.931499938964844e+02, 2.931499938964844e+02, 2.931499938964844e+02, 2.934499938964844e+02, 2.937499938964844e+02, 2.94050002956399e+02, 2.943499938964844e+02, 2.946499938964844e+02, 2.949499938964844e+02, 2.952499938964844e+02, 2.955499938964844e+02, 2.958499938964844e+02, 2.961499938964844e+02, 2.964499938964844e+02, 2.967499938964844e+02, 2.970499938964844e+02, 2.971499938964844e+02, 2.971499938964844e+02, 2.971499938964844e+02, 2.971499938964844e+02, 2.971499938964844e+02, 2.971499938964844e+02, 2.971499938964844e+02, 2.971499938964844e+02, 2.971499938964844e+02, 2.971499938964844e+02, 2.971499938964844e+02, 2.971499938964844e+02, 2.971499938964844e+02, 2.970500034331911e+02, 2.967499938964844e+02, 2.964499938964844e+02, 2.961499938964844e+02, 2.958499938964844e+02, 2.955499938964844e+02, 2.952499938964844e+02, 2.949499938964844e+02, 2.946499938964844e+02, 2.943499938964844e+02, 2.940499938964844e+02, 2.937499938964844e+02, 2.934499938964844e+02, 2.931499938964844e+02, 2.931499938964844e+02, 2.931499938964844e+02, 2.931499938964844e+02, 2.931499938964844e+02, 2.931499938964844e+02, 2.931499938964844e+02, 2.931499938964844e+02, 2.931499938964844e+02, 2.931499938964844e+02, 2.931499938964844e+02, 2.931499938964844e+02, 2.931499938964844e+02, 2.931499938964844e+02, 2.931499938964844e+02, 2.931499938964844e+02, 2.931499938964844e+02, 2.931499938964844e+02, 2.931499938964844e+02, 2.931499938964844e+02, 2.931499938964844e+02, 2.931499938964844e+02, 2.931499938964844e+02, 2.931499938964844e+02, 2.931499938964844e+02, 2.931499938964844e+02, 2.931499938964844e+02, 2.931499938964844e+02, 2.931499938964844e+02, 2.931499938964844e+02, 2.931499938964844e+02]
din16798_1.TAmb=[2.631499938964844e+02, 2.631499938964844e+02, 2.631499938964844e+02, 2.631499938964844e+02, 2.631499938964844e+02, 2.631499938964844e+02, 2.631499938964844e+02, 2.631499938964844e+02, 2.631499938964844e+02, 2.639499938964844e+02, 2.651499938964844e+02, 2.663499938964844e+02, 2.675499938964844e+02, 2.687499938964844e+02, 2.699499938964844e+02, 2.711499938964844e+02, 2.723499938964844e+02, 2.735499938964844e+02, 2.747499938964844e+02, 2.759499938964844e+02, 2.771499938964844e+02, 2.783499938964844e+02, 2.795499938964844e+02, 2.807499938964844e+02, 2.819499938964844e+02, 2.831499938964844e+02, 2.843499938964844e+02, 2.855499938964844e+02, 2.867499938964844e+02, 2.879499938964844e+02, 2.891499938964844e+02, 2.903499938964844e+02, 2.915499938964844e+02, 2.927499996185358e+02, 2.939499938964844e+02, 2.951499938964844e+02, 2.963499938964844e+02, 2.975499938964844e+02, 2.987499938964844e+02, 2.999499938964844e+02, 3.011499938964844e+02, 3.023499938964844e+02, 3.035499938964844e+02, 3.047499938964844e+02, 3.059499938964844e+02, 3.071499938964844e+02, 3.083499938964844e+02, 3.095499938964844e+02, 3.107499938964844e+02, 3.119499938964844e+02, 3.131499938964844e+02, 3.119499938964844e+02, 3.107499938964844e+02, 3.095499938964844e+02, 3.083499938964844e+02, 3.071499938964844e+02, 3.059499938964844e+02, 3.047500015258498e+02, 3.035499938964844e+02, 3.023499938964844e+02, 3.011499938964844e+02, 2.999499938964844e+02, 2.987499938964844e+02, 2.975499938964844e+02, 2.963499938964844e+02, 2.951499938964844e+02, 2.939499938964844e+02, 2.927499938964844e+02, 2.915499938964844e+02, 2.903499938964844e+02, 2.891499938964844e+02, 2.879499938964844e+02, 2.867499938964844e+02, 2.855499938964844e+02, 2.843499938964844e+02, 2.831499938964844e+02, 2.819499938964844e+02, 2.807499938964844e+02, 2.795499938964844e+02, 2.783499938964844e+02, 2.771499938964844e+02, 2.759499938964844e+02, 2.747499938964844e+02, 2.735499938964844e+02, 2.723499938964844e+02, 2.711499938964844e+02, 2.699499938964844e+02, 2.687499938964844e+02, 2.675499938964844e+02, 2.663499938964844e+02, 2.651499938964844e+02, 2.639499938964844e+02, 2.631499938964844e+02, 2.631499938964844e+02, 2.631499938964844e+02, 2.631499938964844e+02, 2.631499938964844e+02, 2.631499938964844e+02, 2.631499938964844e+02, 2.631499938964844e+02, 2.631499938964844e+02]
din16798_1.degSecOutUppBou=[0e+00, 0e+00, 0e+00, 0e+00, 0e+00, 0e+00, 0e+00, 0e+00, 2.999999999999998e-01, 1.699999999999998e+00, 4.5e+00, 8.899999999999997e+00, 1.469999999999999e+01, 2.160000000000001e+01, 2.88e+01, 3.6e+01, 4.32e+01, 5.040000000000001e+01, 5.759999999999999e+01, 6.480000000000001e+01, 7.2e+01, 7.919999999999999e+01, 8.639999999999999e+01, 9.360000000000001e+01, 1.008e+02, 1.08e+02, 1.144e+02, 1.194e+02, 1.23e+02, 1.252e+02, 1.259997024536133e+02, 1.259997024536133e+02, 1.259997024536133e+02, 1.259997024536133e+02, 1.259997024536133e+02, 1.259997024536133e+02, 1.259997024536133e+02, 1.259997024536133e+02, 1.259997024536133e+02, 1.259997024536133e+02, 1.259997024536133e+02, 1.259997024536133e+02, 1.259997024536133e+02, 1.259997024536133e+02, 1.259997024536133e+02, 1.259997024536133e+02, 1.259997024536133e+02, 1.259997024536133e+02, 1.259997024536133e+02, 1.259997024536133e+02, 1.259997024536133e+02, 1.259997024536133e+02, 1.259997024536133e+02, 1.259997024536133e+02, 1.259997024536133e+02, 1.259997024536133e+02, 1.259997024536133e+02, 1.259997024536133e+02, 1.259997024536133e+02, 1.259997024536133e+02, 1.259997024536133e+02, 1.269997009277344e+02, 1.297496948242188e+02, 1.339496948242187e+02, 1.387996948242187e+02, 1.439996948242188e+02, 1.495996948242188e+02, 1.555496948242188e+02, 1.618496948242188e+02, 1.684996948242187e+02, 1.755012969970703e+02, 1.827012969970702e+02, 1.899012969970703e+02, 1.971012969970703e+02, 2.043012969970703e+02, 2.115012969970703e+02, 2.179012969970703e+02, 2.229012969970703e+02, 2.265012969970703e+02, 2.287012969970703e+02, 2.295012969970703e+02, 2.295012969970703e+02, 2.295012969970703e+02, 2.295012969970703e+02, 2.295012969970703e+02, 2.295012969970703e+02, 2.295012969970703e+02, 2.295012969970703e+02, 2.295012969970703e+02, 2.295012969970703e+02, 2.295012969970703e+02, 2.295012969970703e+02, 2.295012969970703e+02, 2.295012969970703e+02, 2.295012969970703e+02, 2.295012969970703e+02, 2.295012969970703e+02, 2.295012969970703e+02, 2.295012969970703e+02, 2.295012969970703e+02, 2.295012969970703e+02]
din16798_1.degSecOutLowBou=[0e+00, -5.2e+00, -9e+00, -1.14e+01, -1.24e+01, -1.25e+01, -1.25e+01, -1.25e+01, -1.25e+01, -1.25e+01, -1.25e+01, -1.25e+01, -1.25e+01, -1.25e+01, -1.25e+01, -1.25e+01, -1.25e+01, -1.25e+01, -1.25e+01, -1.25e+01, -1.25e+01, -1.25e+01, -1.25e+01, -1.25e+01, -1.25e+01, -1.25e+01, -1.25e+01, -1.25e+01, -1.25e+01, -1.25e+01, -1.25e+01, -1.25e+01, -1.25e+01, -1.269999961853027e+01, -1.419999961853028e+01, -1.739999961853027e+01, -2.259999961853025e+01, -2.955000038146972e+01, -3.795000152587892e+01, -4.700000152587894e+01, -5.640000152587891e+01, -6.620000152587887e+01, -7.635000152587889e+01, -8.685077056884766e+01, -9.760128326416013e+01, -1.084012832641602e+02, -1.192012832641602e+02, -1.30001286315918e+02, -1.408012908935546e+02, -1.516012908935547e+02, -1.624012908935547e+02, -1.724012908935547e+02, -1.810012908935547e+02, -1.882012908935547e+02, -1.940012908935547e+02, -1.984012908935547e+02, -2.012012329101562e+02, -2.026006385817047e+02, -2.028002777099609e+02, -2.028002777099609e+02, -2.028002777099609e+02, -2.028002777099609e+02, -2.028002777099609e+02, -2.028002777099609e+02, -2.028002777099609e+02, -2.028002777099609e+02, -2.028002777099609e+02, -2.028002777099609e+02, -2.028002777099609e+02, -2.028002777099609e+02, -2.028002777099609e+02, -2.028002777099609e+02, -2.028002777099609e+02, -2.028002777099609e+02, -2.028002777099609e+02, -2.028002777099609e+02, -2.028002777099609e+02, -2.028002777099609e+02, -2.028002777099609e+02, -2.028002777099609e+02, -2.028002777099609e+02, -2.028002777099609e+02, -2.028002777099609e+02, -2.028002777099609e+02, -2.032002777099609e+02, -2.048002777099609e+02, -2.08000277709961e+02, -2.126002777099609e+02, -2.183002777099609e+02, -2.243002777099609e+02, -2.303002777099609e+02, -2.363002777099609e+02, -2.42300277709961e+02, -2.48300277709961e+02, -2.543002777099609e+02, -2.603002624511719e+02, -2.663002624511718e+02, -2.723002624511718e+02, -2.783002624511719e+02, -2.843002624511719e+02, -2.903002624511719e+02]
din16798_1.totDegSecOutBou=[0e+00, 5.2e+00, 9e+00, 1.14e+01, 1.24e+01, 1.25e+01, 1.25e+01, 1.25e+01, 1.28e+01, 1.42e+01, 1.7e+01, 2.14e+01, 2.719999999999999e+01, 3.410000000000001e+01, 4.13e+01, 4.85e+01, 5.57e+01, 6.290000000000001e+01, 7.009999999999999e+01, 7.730000000000001e+01, 8.45e+01, 9.169999999999999e+01, 9.889999999999999e+01, 1.061e+02, 1.133e+02, 1.205e+02, 1.269e+02, 1.319e+02, 1.355e+02, 1.377e+02, 1.384996948242188e+02, 1.384996948242188e+02, 1.384996948242188e+02, 1.386996992111161e+02, 1.401997039794922e+02, 1.433997039794922e+02, 1.485997039794922e+02, 1.555497039794922e+02, 1.639497039794922e+02, 1.729997039794922e+02, 1.823997039794922e+02, 1.921997039794921e+02, 2.023497039794922e+02, 2.12850473022461e+02, 2.236009857177734e+02, 2.344009857177734e+02, 2.452009857177734e+02, 2.560009918212891e+02, 2.668010009765625e+02, 2.776010009765625e+02, 2.884010009765625e+02, 2.984010009765625e+02, 3.070010009765625e+02, 3.142010009765625e+02, 3.200010009765625e+02, 3.244010009765625e+02, 3.272009399414063e+02, 3.286003410352889e+02, 3.287999877929688e+02, 3.287999877929688e+02, 3.287999877929688e+02, 3.297999877929688e+02, 3.325499877929688e+02, 3.367499877929687e+02, 3.415999877929688e+02, 3.467999877929688e+02, 3.523999877929688e+02, 3.583499877929688e+02, 3.646499877929688e+02, 3.712999877929688e+02, 3.783015747070312e+02, 3.855015747070312e+02, 3.927015747070312e+02, 3.999015747070312e+02, 4.071015747070312e+02, 4.143015747070312e+02, 4.207015747070313e+02, 4.257015747070313e+02, 4.293015747070312e+02, 4.315015747070313e+02, 4.323015747070312e+02, 4.323015747070312e+02, 4.323015747070312e+02, 4.323015747070312e+02, 4.327015747070312e+02, 4.343015747070312e+02, 4.375015747070312e+02, 4.421015747070313e+02, 4.478015747070312e+02, 4.538015747070312e+02, 4.598015747070312e+02, 4.658015747070312e+02, 4.718015747070312e+02, 4.778015747070313e+02, 4.838015747070312e+02, 4.898015747070312e+02, 4.958015747070312e+02, 5.018015747070312e+02, 5.078015747070312e+02, 5.138015747070312e+02, 5.198015747070312e+02]
