last-generated=2021-05-09
statistics-simulation=
{
  "linear": " ",
  "nonlinear": "0",
  "number of continuous time states": "4",
  "numerical Jacobians": "0"
}
time=[0e+00, 1e+01]
vol.Xi[1]=[9.999999776482582e-03, 1.564678357632895e-02, 1.810511196508079e-02, 1.917532077474276e-02, 1.964108643979646e-02, 1.984379254281521e-02, 1.993205210588481e-02, 1.997040957482565e-02, 1.99871174977242e-02, 1.999436318976277e-02, 1.999752968549728e-02, 1.999891549326183e-02, 1.999948360008119e-02, 1.999973133214361e-02, 1.999987103047429e-02, 1.999995112419128e-02, 1.999998465179953e-02, 1.999998837708983e-02, 1.999996416268957e-02, 1.999994926154169e-02, 1.999991200864315e-02, 1.999991759656083e-02, 1.999991200863871e-02, 1.999993808568856e-02, 1.999996602532583e-02, 1.999998651444912e-02, 2.000000327826434e-02, 2.000000514090061e-02, 1.999999955296072e-02, 1.99999939650386e-02, 1.999999023973942e-02, 1.999999210239345e-02, 1.999999769032001e-02, 2.000000141561475e-02, 2.000000514090061e-02, 2.000000514090061e-02, 2.000000141561031e-02, 1.999999955296516e-02, 1.999999582767931e-02, 1.999999769032001e-02, 1.999999769032001e-02, 2.000000141561031e-02, 2.000000141561031e-02, 2.000000327825546e-02, 2.000000514090061e-02, 2.000000514090061e-02, 2.000000514090061e-02, 2.000000514090061e-02, 2.000000514090061e-02, 2.000000327825546e-02, 2.000000327825546e-02, 2.000000327825546e-02, 2.000000141561031e-02, 2.000000141561031e-02, 2.000000141561031e-02, 1.999999955296516e-02, 1.999999955296516e-02, 1.999999955296516e-02, 1.999999955296516e-02, 1.999999955296516e-02, 1.999999955296516e-02, 1.999999955296516e-02, 1.999999955296516e-02, 1.999999955296516e-02, 1.999999955296516e-02, 1.999999955296516e-02, 1.999999955296516e-02, 1.999999769032001e-02, 1.999999769032001e-02, 1.999999955295628e-02, 1.999999769032001e-02, 1.999999769032001e-02, 1.999999769032001e-02, 1.999999769032001e-02, 1.999999769032001e-02, 1.999999769032001e-02, 1.999999955296516e-02, 1.999999955296516e-02, 1.999999955296516e-02, 1.999999955296516e-02, 1.999999955296516e-02, 1.999999955296516e-02, 1.999999955296516e-02, 1.999999955296516e-02, 1.999999955296516e-02, 1.999999955296516e-02, 1.999999955296516e-02, 1.999999955296516e-02, 1.999999955296516e-02, 1.999999955296516e-02, 1.999999955296516e-02, 1.999999955296516e-02, 1.999999955296516e-02, 1.999999955296516e-02, 1.999999955296516e-02, 1.999999955296516e-02, 1.999999955296516e-02, 1.999999955296516e-02, 1.999999955296516e-02, 1.999999769032001e-02, 1.999999769032001e-02]
senMasFra1.X=[9.999999776482582e-03, 1.095162610092836e-02, 1.181269248345576e-02, 1.259181825837135e-02, 1.32967996938785e-02, 1.393469329923391e-02, 1.451188405797814e-02, 1.503414759685383e-02, 1.550671080304966e-02, 1.593430349887262e-02, 1.63212064653635e-02, 1.667128867835591e-02, 1.698805749810967e-02, 1.727468160739967e-02, 1.75340306595913e-02, 1.776869781315327e-02, 1.7981033723609e-02, 1.817316180609607e-02, 1.834700450653642e-02, 1.850430112137106e-02, 1.864661835134029e-02, 1.877539802727324e-02, 1.889191376297545e-02, 1.899735075497682e-02, 1.909275157952442e-02, 1.91790834069252e-02, 1.925719908932428e-02, 1.932788264494697e-02, 1.93918403525162e-02, 1.944971265558587e-02, 1.95020753890276e-02, 1.954945553622349e-02, 1.959232611481008e-02, 1.963111759973836e-02, 1.966621909800633e-02, 1.969798095524311e-02, 1.972671973306108e-02, 1.975272594691367e-02, 1.977625490291414e-02, 1.979754676954569e-02, 1.981681026518345e-02, 1.983424277678482e-02, 1.985001566857394e-02, 1.986428533861681e-02, 1.98771953464547e-02, 1.988887786865234e-02, 1.989944652670595e-02, 1.990900376666717e-02, 1.991765572036285e-02, 1.992548256395742e-02, 1.993256248533726e-02, 1.993897185306005e-02, 1.994477213469993e-02, 1.99500210487109e-02, 1.995477266174461e-02, 1.995907351374626e-02, 1.996296644560758e-02, 1.996649057305434e-02, 1.996967382146408e-02, 1.997254974877194e-02, 1.997514814138412e-02, 1.997749693902229e-02, 1.997962221885175e-02, 1.998155191187223e-02, 1.998327113531673e-02, 1.998480968177319e-02, 1.998619362835363e-02, 1.998744160162503e-02, 1.998858153610427e-02, 1.998963951965926e-02, 1.999055780470371e-02, 1.999136805606305e-02, 1.999209821355663e-02, 1.999276503797986e-02, 1.999338529946293e-02, 1.999397948384285e-02, 1.999449916229246e-02, 1.999495737336332e-02, 1.999537832956833e-02, 1.999576762282196e-02, 1.999613456428051e-02, 1.999648287760894e-02, 1.999680139181235e-02, 1.999709010070917e-02, 1.999735832310277e-02, 1.999760419130325e-02, 1.999783143315883e-02, 1.999803818799605e-02, 1.999822817707298e-02, 1.999840326671175e-02, 1.999856159090996e-02, 1.999870501405356e-02, 1.999883167468752e-02, 1.99989452956153e-02, 1.999904401632335e-02, 1.999912783503532e-02, 1.999919675265716e-02, 1.999925449501205e-02, 1.999930292359054e-02, 1.999934203936959e-02, 1.999937742948532e-02]
senMasFra2.X=[9.999999776482582e-03, 1.564678357632895e-02, 1.810511196508079e-02, 1.917532077474276e-02, 1.964108643979646e-02, 1.984379254281521e-02, 1.993205210588481e-02, 1.997040957482565e-02, 1.99871174977242e-02, 1.999436318976277e-02, 1.999752968549728e-02, 1.999891549326183e-02, 1.999948360008119e-02, 1.999973133214361e-02, 1.999987103047429e-02, 1.999995112419128e-02, 1.999998465179953e-02, 1.999998837708983e-02, 1.999996416268957e-02, 1.999994926154169e-02, 1.999991200864315e-02, 1.999991759656083e-02, 1.999991200863871e-02, 1.999993808568856e-02, 1.999996602532583e-02, 1.999998651444912e-02, 2.000000327826434e-02, 2.000000514090061e-02, 1.999999955296072e-02, 1.99999939650386e-02, 1.999999023973942e-02, 1.999999210239345e-02, 1.999999769032001e-02, 2.000000141561475e-02, 2.000000514090061e-02, 2.000000514090061e-02, 2.000000141561031e-02, 1.999999955296516e-02, 1.999999582767931e-02, 1.999999769032001e-02, 1.999999769032001e-02, 2.000000141561031e-02, 2.000000141561031e-02, 2.000000327825546e-02, 2.000000514090061e-02, 2.000000514090061e-02, 2.000000514090061e-02, 2.000000514090061e-02, 2.000000514090061e-02, 2.000000327825546e-02, 2.000000327825546e-02, 2.000000327825546e-02, 2.000000141561031e-02, 2.000000141561031e-02, 2.000000141561031e-02, 1.999999955296516e-02, 1.999999955296516e-02, 1.999999955296516e-02, 1.999999955296516e-02, 1.999999955296516e-02, 1.999999955296516e-02, 1.999999955296516e-02, 1.999999955296516e-02, 1.999999955296516e-02, 1.999999955296516e-02, 1.999999955296516e-02, 1.999999955296516e-02, 1.999999769032001e-02, 1.999999769032001e-02, 1.999999955295628e-02, 1.999999769032001e-02, 1.999999769032001e-02, 1.999999769032001e-02, 1.999999769032001e-02, 1.999999769032001e-02, 1.999999769032001e-02, 1.999999955296516e-02, 1.999999955296516e-02, 1.999999955296516e-02, 1.999999955296516e-02, 1.999999955296516e-02, 1.999999955296516e-02, 1.999999955296516e-02, 1.999999955296516e-02, 1.999999955296516e-02, 1.999999955296516e-02, 1.999999955296516e-02, 1.999999955296516e-02, 1.999999955296516e-02, 1.999999955296516e-02, 1.999999955296516e-02, 1.999999955296516e-02, 1.999999955296516e-02, 1.999999955296516e-02, 1.999999955296516e-02, 1.999999955296516e-02, 1.999999955296516e-02, 1.999999955296516e-02, 1.999999955296516e-02, 1.999999769032001e-02, 1.999999769032001e-02]
