last-generated=2021-05-06
statistics-simulation=
{
  "linear": "0",
  "nonlinear": " ",
  "number of continuous time states": "6",
  "numerical Jacobians": "0"
}
time=[0e+00, 1.728e+05]
TSet.y=[2.891499938964844e+02, 2.891499938964844e+02, 2.891499938964844e+02, 2.891499938964844e+02, 2.891499938964844e+02, 2.891499938964844e+02, 2.891499938964844e+02, 2.891499938964844e+02, 2.891499938964844e+02, 2.891499938964844e+02, 2.891499938964844e+02, 2.891499938964844e+02, 2.891499938964844e+02, 2.891499938964844e+02, 2.891499938964844e+02, 2.931499938964844e+02, 2.931499938964844e+02, 2.931499938964844e+02, 2.931499938964844e+02, 2.931499938964844e+02, 2.931499938964844e+02, 2.931499938964844e+02, 2.931499938964844e+02, 2.931499938964844e+02, 2.931499938964844e+02, 2.931499938964844e+02, 2.931499938964844e+02, 2.931499938964844e+02, 2.931499938964844e+02, 2.931499938964844e+02, 2.931499938964844e+02, 2.931499938964844e+02, 2.931499938964844e+02, 2.931499938964844e+02, 2.931499938964844e+02, 2.931499938964844e+02, 2.931499938964844e+02, 2.931499938964844e+02, 2.931499938964844e+02, 2.931499938964844e+02, 2.891499938964844e+02, 2.891499938964844e+02, 2.891499938964844e+02, 2.891499938964844e+02, 2.891499938964844e+02, 2.891499938964844e+02, 2.891499938964844e+02, 2.891499938964844e+02, 2.891499938964844e+02, 2.891499938964844e+02, 2.891499938964844e+02, 2.891499938964844e+02, 2.891499938964844e+02, 2.891499938964844e+02, 2.891499938964844e+02, 2.891499938964844e+02, 2.891499938964844e+02, 2.891499938964844e+02, 2.891499938964844e+02, 2.891499938964844e+02, 2.891499938964844e+02, 2.891499938964844e+02, 2.891499938964844e+02, 2.891499938964844e+02, 2.891499938964844e+02, 2.931499938964844e+02, 2.931499938964844e+02, 2.931499938964844e+02, 2.931499938964844e+02, 2.931499938964844e+02, 2.931499938964844e+02, 2.931499938964844e+02, 2.931499938964844e+02, 2.931499938964844e+02, 2.931499938964844e+02, 2.931499938964844e+02, 2.931499938964844e+02, 2.931499938964844e+02, 2.931499938964844e+02, 2.931499938964844e+02, 2.931499938964844e+02, 2.931499938964844e+02, 2.931499938964844e+02, 2.931499938964844e+02, 2.931499938964844e+02, 2.931499938964844e+02, 2.931499938964844e+02, 2.931499938964844e+02, 2.931499938964844e+02, 2.931499938964844e+02, 2.891499938964844e+02, 2.891499938964844e+02, 2.891499938964844e+02, 2.891499938964844e+02, 2.891499938964844e+02, 2.891499938964844e+02, 2.891499938964844e+02, 2.891499938964844e+02, 2.891499938964844e+02, 2.891499938964844e+02, 2.891499938964844e+02]
TOut.y=[2.841499938964844e+02, 2.841894226074219e+02, 2.843070983886719e+02, 2.845011291503906e+02, 2.847684631347656e+02, 2.851049194335938e+02, 2.855051574707031e+02, 2.85962890625e+02, 2.864708557128906e+02, 2.870211181640625e+02, 2.876049194335938e+02, 2.882131042480469e+02, 2.888360595703125e+02, 2.894639587402344e+02, 2.900869140625e+02, 2.906950988769531e+02, 2.912789001464844e+02, 2.918291320800781e+02, 2.923371276855469e+02, 2.927948303222656e+02, 2.931950988769531e+02, 2.935315246582031e+02, 2.937988891601562e+02, 2.93992919921875e+02, 2.941105651855469e+02, 2.941499938964844e+02, 2.941105651855469e+02, 2.93992919921875e+02, 2.937988891601562e+02, 2.935315246582031e+02, 2.931950988769531e+02, 2.927948303222656e+02, 2.923371276855469e+02, 2.918291320800781e+02, 2.912789001464844e+02, 2.906950988769531e+02, 2.900869140625e+02, 2.894639587402344e+02, 2.888360595703125e+02, 2.882131042480469e+02, 2.876049194335938e+02, 2.870211181640625e+02, 2.864708557128906e+02, 2.85962890625e+02, 2.855051574707031e+02, 2.851049194335938e+02, 2.847684631347656e+02, 2.845011291503906e+02, 2.843070983886719e+02, 2.841894226074219e+02, 2.841499938964844e+02, 2.841894226074219e+02, 2.843070983886719e+02, 2.845011291503906e+02, 2.847684631347656e+02, 2.851049194335938e+02, 2.855051574707031e+02, 2.85962890625e+02, 2.864708557128906e+02, 2.870211181640625e+02, 2.876049194335938e+02, 2.882131042480469e+02, 2.888360595703125e+02, 2.894639587402344e+02, 2.900869140625e+02, 2.906950988769531e+02, 2.912789001464844e+02, 2.918291320800781e+02, 2.923371276855469e+02, 2.927948303222656e+02, 2.931950988769531e+02, 2.935315246582031e+02, 2.937988891601562e+02, 2.93992919921875e+02, 2.941105651855469e+02, 2.941499938964844e+02, 2.941105651855469e+02, 2.93992919921875e+02, 2.937988891601562e+02, 2.935315246582031e+02, 2.931950988769531e+02, 2.927948303222656e+02, 2.923371276855469e+02, 2.918291320800781e+02, 2.912789001464844e+02, 2.906950988769531e+02, 2.900869140625e+02, 2.894639587402344e+02, 2.888360595703125e+02, 2.882131042480469e+02, 2.876049194335938e+02, 2.870211181640625e+02, 2.864708557128906e+02, 2.85962890625e+02, 2.855051574707031e+02, 2.851049194335938e+02, 2.847684631347656e+02, 2.845011291503906e+02, 2.843070983886719e+02, 2.841894226074219e+02, 2.841499938964844e+02]
TVol.T=[2.891499938964844e+02, 2.891349182128906e+02, 2.891422424316406e+02, 2.891499938964844e+02, 2.891499938964844e+02, 2.891499938964844e+02, 2.891499938964844e+02, 2.891499938964844e+02, 2.891499938964844e+02, 2.891499938964844e+02, 2.891499938964844e+02, 2.891499938964844e+02, 2.891499938964844e+02, 2.891500244140625e+02, 2.891500549316406e+02, 2.892449951171875e+02, 2.894755249023438e+02, 2.897096252441406e+02, 2.899468994140625e+02, 2.901867370605469e+02, 2.904286193847656e+02, 2.906718139648438e+02, 2.909156799316406e+02, 2.911593933105469e+02, 2.914021606445312e+02, 2.916431884765625e+02, 2.918816833496094e+02, 2.921168212890625e+02, 2.923477783203125e+02, 2.925738830566406e+02, 2.927943420410156e+02, 2.930085754394531e+02, 2.932159423828125e+02, 2.932456970214844e+02, 2.9322802734375e+02, 2.932044982910156e+02, 2.931748962402344e+02, 2.931390686035156e+02, 2.931041259765625e+02, 2.931515502929688e+02, 2.931215209960938e+02, 2.930600891113281e+02, 2.929932861328125e+02, 2.929215393066406e+02, 2.92845458984375e+02, 2.92765625e+02, 2.926827087402344e+02, 2.925974731445312e+02, 2.925106811523438e+02, 2.924231567382812e+02, 2.923357238769531e+02, 2.922492370605469e+02, 2.921644897460938e+02, 2.920823059082031e+02, 2.9200341796875e+02, 2.919285583496094e+02, 2.918584289550781e+02, 2.917936096191406e+02, 2.91734619140625e+02, 2.916818542480469e+02, 2.916357116699219e+02, 2.915963439941406e+02, 2.9156396484375e+02, 2.915386047363281e+02, 2.915201416015625e+02, 2.915962524414062e+02, 2.918018188476562e+02, 2.920112609863281e+02, 2.922240905761719e+02, 2.924397583007812e+02, 2.926577453613281e+02, 2.928772888183594e+02, 2.930977172851562e+02, 2.932619323730469e+02, 2.932706298828125e+02, 2.932800598144531e+02, 2.932893981933594e+02, 2.932977905273438e+02, 2.93304443359375e+02, 2.933085632324219e+02, 2.933094482421875e+02, 2.93306396484375e+02, 2.93298828125e+02, 2.932862243652344e+02, 2.932680969238281e+02, 2.932441711425781e+02, 2.932141418457031e+02, 2.931778869628906e+02, 2.931353759765625e+02, 2.931221618652344e+02, 2.931477966308594e+02, 2.930860595703125e+02, 2.930189819335938e+02, 2.929469909667969e+02, 2.928706359863281e+02, 2.9279052734375e+02, 2.927073974609375e+02, 2.926219177246094e+02, 2.92534912109375e+02, 2.924471435546875e+02, 2.923594970703125e+02]
THeaOut.T=[2.891499938964844e+02, 2.891357116699219e+02, 2.891430358886719e+02, 2.891502075195312e+02, 2.891502075195312e+02, 2.891501770019531e+02, 2.89150146484375e+02, 2.89150146484375e+02, 2.891501159667969e+02, 2.891500854492188e+02, 2.891500549316406e+02, 2.891500549316406e+02, 2.891500244140625e+02, 2.891499938964844e+02, 2.891499938964844e+02, 2.892457275390625e+02, 2.894762878417969e+02, 2.897103881835938e+02, 2.899476318359375e+02, 2.901875e+02, 2.904293518066406e+02, 2.906725769042969e+02, 2.909164123535156e+02, 2.911601257324219e+02, 2.914028930664062e+02, 2.916439514160156e+02, 2.918824157714844e+02, 2.921175537109375e+02, 2.923485412597656e+02, 2.925746459960938e+02, 2.927951049804688e+02, 2.930093383789062e+02, 2.932167053222656e+02, 2.932457275390625e+02, 2.9322802734375e+02, 2.932045288085938e+02, 2.931749267578125e+02, 2.931390686035156e+02, 2.931049194335938e+02, 2.931515808105469e+02, 2.931215515136719e+02, 2.930601196289062e+02, 2.929933166503906e+02, 2.929216003417969e+02, 2.928455200195312e+02, 2.927656555175781e+02, 2.926827697753906e+02, 2.925975341796875e+02, 2.925107421875e+02, 2.924232177734375e+02, 2.923357849121094e+02, 2.922492980957031e+02, 2.9216455078125e+02, 2.920823364257812e+02, 2.920034484863281e+02, 2.919285888671875e+02, 2.918584594726562e+02, 2.917936401367188e+02, 2.917346496582031e+02, 2.91681884765625e+02, 2.916357116699219e+02, 2.915963745117188e+02, 2.915639953613281e+02, 2.915386047363281e+02, 2.915201416015625e+02, 2.915970153808594e+02, 2.918025817871094e+02, 2.920120239257812e+02, 2.92224853515625e+02, 2.924405212402344e+02, 2.926584777832031e+02, 2.928780517578125e+02, 2.930984802246094e+02, 2.932619323730469e+02, 2.932706298828125e+02, 2.932800598144531e+02, 2.932893676757812e+02, 2.932977905273438e+02, 2.93304443359375e+02, 2.933085632324219e+02, 2.933094482421875e+02, 2.933064270019531e+02, 2.932988586425781e+02, 2.932862243652344e+02, 2.932681274414062e+02, 2.932441711425781e+02, 2.932141418457031e+02, 2.931779174804688e+02, 2.931354064941406e+02, 2.931229553222656e+02, 2.931478271484375e+02, 2.930861206054688e+02, 2.930190124511719e+02, 2.92947021484375e+02, 2.928706665039062e+02, 2.927905883789062e+02, 2.927074279785156e+02, 2.926219787597656e+02, 2.925349731445312e+02, 2.924472045898438e+02, 2.923595275878906e+02]
hea.TSet=[2.831499938964844e+02, 2.901033325195312e+02, 2.89169677734375e+02, 2.891502075195312e+02, 2.891502075195312e+02, 2.891501770019531e+02, 2.89150146484375e+02, 2.89150146484375e+02, 2.891501159667969e+02, 2.891500854492188e+02, 2.891500549316406e+02, 2.891500549316406e+02, 2.891500244140625e+02, 2.891487121582031e+02, 2.891403198242188e+02, 3.031499938964844e+02, 3.031499938964844e+02, 3.031499938964844e+02, 3.031499938964844e+02, 3.031499938964844e+02, 3.031499938964844e+02, 3.031499938964844e+02, 3.031499938964844e+02, 3.031499938964844e+02, 3.031499938964844e+02, 3.031499938964844e+02, 3.031499938964844e+02, 3.031499938964844e+02, 3.031499938964844e+02, 3.031499938964844e+02, 3.031499938964844e+02, 3.031499938964844e+02, 2.987435607910156e+02, 2.831499938964844e+02, 2.831499938964844e+02, 2.831499938964844e+02, 2.831499938964844e+02, 2.838231201171875e+02, 2.935509643554688e+02, 2.912159423828125e+02, 2.831499938964844e+02, 2.831499938964844e+02, 2.831499938964844e+02, 2.831499938964844e+02, 2.831499938964844e+02, 2.831499938964844e+02, 2.831499938964844e+02, 2.831499938964844e+02, 2.831499938964844e+02, 2.831499938964844e+02, 2.831499938964844e+02, 2.831499938964844e+02, 2.831499938964844e+02, 2.831499938964844e+02, 2.831499938964844e+02, 2.831499938964844e+02, 2.831499938964844e+02, 2.831499938964844e+02, 2.831499938964844e+02, 2.831499938964844e+02, 2.831499938964844e+02, 2.831499938964844e+02, 2.831499938964844e+02, 2.831499938964844e+02, 2.831499938964844e+02, 3.031499938964844e+02, 3.031499938964844e+02, 3.031499938964844e+02, 3.031499938964844e+02, 3.031499938964844e+02, 3.031499938964844e+02, 3.031499938964844e+02, 3.031499938964844e+02, 2.845393676757812e+02, 2.831499938964844e+02, 2.831499938964844e+02, 2.831499938964844e+02, 2.831499938964844e+02, 2.831499938964844e+02, 2.831499938964844e+02, 2.831499938964844e+02, 2.831499938964844e+02, 2.831499938964844e+02, 2.831499938964844e+02, 2.831499938964844e+02, 2.831499938964844e+02, 2.831499938964844e+02, 2.831499938964844e+02, 2.841340942382812e+02, 2.946251220703125e+02, 2.831499938964844e+02, 2.831499938964844e+02, 2.831499938964844e+02, 2.831499938964844e+02, 2.831499938964844e+02, 2.831499938964844e+02, 2.831499938964844e+02, 2.831499938964844e+02, 2.831499938964844e+02, 2.831499938964844e+02, 2.831499938964844e+02]
hea.Q_flow=[0e+00, 9.988703155517578e+01, 9.988703155517578e+01, 2.324586486816406e+01, 2.190824127197266e+01, 2.022549057006836e+01, 1.822477149963379e+01, 1.593783760070801e+01, 1.341425704956055e+01, 1.065502071380615e+01, 7.733041763305664e+00, 4.689586162567139e+00, 1.574912786483765e+00, 1.129679977893829e-01, 1.129679977893829e-01, 9.988703155517578e+01, 9.988703155517578e+01, 9.988703155517578e+01, 9.988703155517578e+01, 9.988703155517578e+01, 9.988703155517578e+01, 9.988703155517578e+01, 9.988703155517578e+01, 9.988703155517578e+01, 9.988703155517578e+01, 9.988703155517578e+01, 9.988703155517578e+01, 9.988703155517578e+01, 9.988703155517578e+01, 9.988703155517578e+01, 9.988703155517578e+01, 9.988703155517578e+01, 9.988703155517578e+01, 1.129679977893829e-01, 1.129679977893829e-01, 1.129679977893829e-01, 1.129679977893829e-01, 1.129679977893829e-01, 9.988703155517578e+01, 1.129679977893829e-01, 1.129679977893829e-01, 1.129679977893829e-01, 1.129679977893829e-01, 1.129679977893829e-01, 1.129679977893829e-01, 1.129679977893829e-01, 1.129679977893829e-01, 1.129679977893829e-01, 1.129679977893829e-01, 1.129679977893829e-01, 1.129679977893829e-01, 1.129679977893829e-01, 1.129679977893829e-01, 1.129679977893829e-01, 1.129679977893829e-01, 1.129679977893829e-01, 1.129679977893829e-01, 1.129679977893829e-01, 1.129679977893829e-01, 1.129679977893829e-01, 1.129679977893829e-01, 1.129679977893829e-01, 1.129679977893829e-01, 1.129679977893829e-01, 1.129679977893829e-01, 9.988703155517578e+01, 9.988703155517578e+01, 9.988703155517578e+01, 9.988703155517578e+01, 9.988703155517578e+01, 9.988703155517578e+01, 9.988703155517578e+01, 9.988703155517578e+01, 1.129679977893829e-01, 1.129679977893829e-01, 1.129679977893829e-01, 1.129679977893829e-01, 1.129679977893829e-01, 1.129679977893829e-01, 1.129679977893829e-01, 1.129679977893829e-01, 1.129679977893829e-01, 1.129679977893829e-01, 1.129679977893829e-01, 1.129679977893829e-01, 1.129679977893829e-01, 1.129679977893829e-01, 1.129679977893829e-01, 1.129679977893829e-01, 9.988703155517578e+01, 1.129679977893829e-01, 1.129679977893829e-01, 1.129679977893829e-01, 1.129679977893829e-01, 1.129679977893829e-01, 1.129679977893829e-01, 1.129679977893829e-01, 1.129679977893829e-01, 1.129679977893829e-01, 1.129679977893829e-01, 1.129679977893829e-01]
