last-generated=2021-05-09
statistics-simulation=
{
  "linear": " ",
  "nonlinear": " ",
  "number of continuous time states": "3",
  "numerical Jacobians": "0"
}
time=[0e+00, 7.2e+03]
vol.T=[2.931499938964844e+02, 2.963247375488281e+02, 2.989954223632812e+02, 3.012421569824219e+02, 3.0313232421875e+02, 3.047224731445312e+02, 3.060602111816406e+02, 3.071856384277344e+02, 3.081324157714844e+02, 3.089288940429688e+02, 3.095989379882812e+02, 3.101626586914062e+02, 3.106369018554688e+02, 3.110358276367188e+02, 3.113713989257812e+02, 3.116537170410156e+02, 3.118912353515625e+02, 3.120910339355469e+02, 3.122590942382812e+02, 3.124004516601562e+02, 3.125193786621094e+02, 3.126194152832031e+02, 3.127036437988281e+02, 3.127745056152344e+02, 3.128341064453125e+02, 3.128842468261719e+02, 3.097516174316406e+02, 3.071164245605469e+02, 3.048995666503906e+02, 3.030346374511719e+02, 3.014656066894531e+02, 3.001456298828125e+02, 2.9903515625e+02, 2.981009521484375e+02, 2.973150329589844e+02, 2.966539001464844e+02, 2.960977172851562e+02, 2.956298217773438e+02, 2.952361755371094e+02, 2.949050598144531e+02, 2.946264953613281e+02, 2.943921508789062e+02, 2.941950378417969e+02, 2.940292053222656e+02, 2.938896484375e+02, 2.937722473144531e+02, 2.936734924316406e+02, 2.935904235839844e+02, 2.935205078125e+02, 2.934617004394531e+02, 2.934122314453125e+02, 2.965453491210938e+02, 2.991810302734375e+02, 3.013982849121094e+02, 3.03263671875e+02, 3.048329772949219e+02, 3.061531677246094e+02, 3.072638549804688e+02, 3.081982116699219e+02, 3.089842529296875e+02, 3.096455078125e+02, 3.102018432617188e+02, 3.106698608398438e+02, 3.110635681152344e+02, 3.113947448730469e+02, 3.1167333984375e+02, 3.119077453613281e+02, 3.121049194335938e+02, 3.122707824707031e+02, 3.124102783203125e+02, 3.125276489257812e+02, 3.126263732910156e+02, 3.1270947265625e+02, 3.127794189453125e+02, 3.128382568359375e+02, 3.128877258300781e+02, 3.097544860839844e+02, 3.07118896484375e+02, 3.049017028808594e+02, 3.030364074707031e+02, 3.014671630859375e+02, 3.001470336914062e+02, 2.990364379882812e+02, 2.981020812988281e+02, 2.973159484863281e+02, 2.966546325683594e+02, 2.960983276367188e+02, 2.956303100585938e+02, 2.952365417480469e+02, 2.949052734375e+02, 2.946265869140625e+02, 2.943921813964844e+02, 2.941949768066406e+02, 2.94029052734375e+02, 2.938894958496094e+02, 2.937720947265625e+02, 2.9367333984375e+02, 2.935902404785156e+02, 2.935203552246094e+02, 2.934615478515625e+02, 2.93412109375e+02]
expVes.port_a.p=[3e+05, 3e+05]
