last-generated=2025-06-02
statistics-initialization=
{
  "nonlinear": "1",
  "numerical Jacobians": "0"
}
statistics-simulation=
{
  "linear": " ",
  "nonlinear": "0",
  "number of continuous time states": "5",
  "numerical Jacobians": "0"
}
time=[0e+00, 6e+02]
rampValvePosition.y=[5e-01, 5e-01, 5e-01, 5e-01, 5e-01, 5e-01, 5e-01, 5e-01, 5e-01, 5e-01, 5e-01, 5e-01, 5e-01, 5e-01, 5e-01, 5e-01, 5e-01, 5e-01, 5e-01, 5e-01, 5e-01, 5.239999890327454e-01, 5.479999780654907e-01, 5.720000267028809e-01, 5.960000157356262e-01, 6.200000047683716e-01, 6.439999938011169e-01, 6.679999828338623e-01, 6.919999718666078e-01, 7.160000205039978e-01, 7.400000095367432e-01, 7.639999985694885e-01, 7.879999876022339e-01, 8.119999766349792e-01, 8.360000252723695e-01, 8.600000143051147e-01, 8.840000033378601e-01, 9.079999923706055e-01, 9.319999814033508e-01, 9.559999704360962e-01, 9.800000190734863e-01, 9.800000190734863e-01, 9.800000190734863e-01, 9.800000190734863e-01, 9.800000190734863e-01, 9.800000190734863e-01, 9.800000190734863e-01, 9.800000190734863e-01, 9.800000190734863e-01, 9.800000190734863e-01, 9.800000190734863e-01, 9.800000190734863e-01, 9.800000190734863e-01, 9.800000190734863e-01, 9.800000190734863e-01, 9.800000190734863e-01, 9.800000190734863e-01, 9.800000190734863e-01, 9.800000190734863e-01, 9.800000190734863e-01, 9.800000190734863e-01, 9.800000190734863e-01, 9.800000190734863e-01, 9.800000190734863e-01, 9.800000190734863e-01, 9.800000190734863e-01, 9.800000190734863e-01, 9.800000190734863e-01, 9.800000190734863e-01, 9.800000190734863e-01, 9.800000190734863e-01, 9.800000190734863e-01, 9.800000190734863e-01, 9.800000190734863e-01, 9.800000190734863e-01, 9.800000190734863e-01, 9.800000190734863e-01, 9.800000190734863e-01, 9.800000190734863e-01, 9.800000190734863e-01, 9.800000190734863e-01, 9.800000190734863e-01, 9.800000190734863e-01, 9.800000190734863e-01, 9.800000190734863e-01, 9.800000190734863e-01, 9.800000190734863e-01, 9.800000190734863e-01, 9.800000190734863e-01, 9.800000190734863e-01, 9.800000190734863e-01, 9.800000190734863e-01, 9.800000190734863e-01, 9.800000190734863e-01, 9.800000190734863e-01, 9.800000190734863e-01, 9.800000190734863e-01, 9.800000190734863e-01, 9.800000190734863e-01, 9.800000190734863e-01, 9.800000190734863e-01]
pump.pumpBus.rpmMea=[3.64e+03, 3.10597314453125e+03, 3.105249267578125e+03, 3.104397705078125e+03, 3.103391845703125e+03, 3.102192626953125e+03, 3.100748779296875e+03, 3.098991455078125e+03, 3.096826171875e+03, 3.094123291015625e+03, 3.090861083984375e+03, 3.09123193359375e+03, 3.09123193359375e+03, 3.09123193359375e+03, 3.09123193359375e+03, 3.09123193359375e+03, 3.09123193359375e+03, 3.09123193359375e+03, 3.09123193359375e+03, 3.09123193359375e+03, 3.09123193359375e+03, 3.093126953125e+03, 3.094616455078125e+03, 3.095946044921875e+03, 3.097137451171875e+03, 3.09820849609375e+03, 3.09917431640625e+03, 3.10004833984375e+03, 3.100841064453125e+03, 3.1015625e+03, 3.102220458984375e+03, 3.102822265625e+03, 3.103373779296875e+03, 3.103880615234375e+03, 3.10434716796875e+03, 3.10477783203125e+03, 3.10517578125e+03, 3.10554443359375e+03, 3.105886474609375e+03, 3.10620458984375e+03, 3.106500732421875e+03, 3.10645947265625e+03, 3.10645947265625e+03, 3.10645947265625e+03, 3.10645947265625e+03, 3.10645947265625e+03, 3.10645947265625e+03, 3.10645947265625e+03, 3.10645947265625e+03, 3.10645947265625e+03, 3.10645947265625e+03, 3.10645947265625e+03, 3.10645947265625e+03, 3.10645947265625e+03, 3.10645947265625e+03, 3.10645947265625e+03, 3.10645947265625e+03, 3.10645947265625e+03, 3.10645947265625e+03, 3.10645947265625e+03, 3.10645947265625e+03, 3.10645947265625e+03, 3.10645947265625e+03, 3.10645947265625e+03, 3.10645947265625e+03, 3.10645947265625e+03, 3.10645947265625e+03, 3.10645947265625e+03, 3.10645947265625e+03, 3.10645947265625e+03, 3.10645947265625e+03, 3.10645947265625e+03, 3.10645947265625e+03, 3.10645947265625e+03, 3.10645947265625e+03, 3.10645947265625e+03, 3.10645947265625e+03, 3.10645947265625e+03, 3.10645947265625e+03, 3.10645947265625e+03, 3.10645947265625e+03, 3.10645947265625e+03, 3.10645947265625e+03, 3.10645947265625e+03, 0e+00, 0e+00, 0e+00, 0e+00, 0e+00, 0e+00, 0e+00, 0e+00, 0e+00, 0e+00, 0e+00, 0e+00, 0e+00, 0e+00, 0e+00, 0e+00, 0e+00]
pump.pumpBus.rpmSet=[3.64e+03, 3.63061083984375e+03, 3.69532177734375e+03, 3.759615478515625e+03, 3.82341748046875e+03, 3.88663427734375e+03, 3.949148681640625e+03, 4.010810546875e+03, 4.0714267578125e+03, 4.130744140625e+03, 4.18845458984375e+03, 4.2467275390625e+03, 4.25e+03, 4.25e+03, 4.25e+03, 4.25e+03, 4.25e+03, 4.25e+03, 4.25e+03, 4.25e+03, 4.25e+03, 4.25e+03, 4.25e+03, 4.25e+03, 4.25e+03, 4.25e+03, 4.25e+03, 4.25e+03, 4.25e+03, 4.25e+03, 4.25e+03, 4.25e+03, 4.25e+03, 4.25e+03, 4.25e+03, 4.25e+03, 4.25e+03, 4.25e+03, 4.25e+03, 4.25e+03, 4.25e+03, 4.25e+03, 4.25e+03, 4.25e+03, 4.25e+03, 4.25e+03, 4.25e+03, 4.25e+03, 4.25e+03, 4.25e+03, 4.25e+03, 4.25e+03, 4.25e+03, 4.25e+03, 4.25e+03, 4.25e+03, 4.25e+03, 4.25e+03, 4.25e+03, 4.25e+03, 4.25e+03, 4.25e+03, 4.25e+03, 4.25e+03, 4.25e+03, 4.25e+03, 4.25e+03, 4.25e+03, 4.25e+03, 4.25e+03, 4.25e+03, 4.25e+03, 4.25e+03, 4.25e+03, 4.25e+03, 4.25e+03, 4.25e+03, 4.25e+03, 4.25e+03, 4.25e+03, 4.25e+03, 4.25e+03, 4.25e+03, 4.25e+03, 0e+00, 0e+00, 0e+00, 0e+00, 0e+00, 0e+00, 0e+00, 0e+00, 0e+00, 0e+00, 0e+00, 0e+00, 0e+00, 0e+00, 0e+00, 0e+00, 0e+00]
pump.pumpBus.onSet=[1e+00, 1e+00, 1e+00, 1e+00, 1e+00, 1e+00, 1e+00, 1e+00, 1e+00, 1e+00, 1e+00, 1e+00, 1e+00, 1e+00, 1e+00, 1e+00, 1e+00, 1e+00, 1e+00, 1e+00, 1e+00, 1e+00, 1e+00, 1e+00, 1e+00, 1e+00, 1e+00, 1e+00, 1e+00, 1e+00, 1e+00, 1e+00, 1e+00, 1e+00, 1e+00, 1e+00, 1e+00, 1e+00, 1e+00, 1e+00, 1e+00, 1e+00, 1e+00, 1e+00, 1e+00, 1e+00, 1e+00, 1e+00, 1e+00, 1e+00, 1e+00, 1e+00, 1e+00, 1e+00, 1e+00, 1e+00, 1e+00, 1e+00, 1e+00, 1e+00, 1e+00, 1e+00, 1e+00, 1e+00, 1e+00, 1e+00, 1e+00, 1e+00, 1e+00, 1e+00, 1e+00, 1e+00, 1e+00, 1e+00, 1e+00, 1e+00, 1e+00, 1e+00, 1e+00, 1e+00, 1e+00, 1e+00, 1e+00, 1e+00, 0e+00, 0e+00, 0e+00, 0e+00, 0e+00, 0e+00, 0e+00, 0e+00, 0e+00, 0e+00, 0e+00, 0e+00, 0e+00, 0e+00, 0e+00, 0e+00, 0e+00]
