last-generated=2025-06-03
statistics-initialization=
{
  "linear": "4, 0",
  "nonlinear": "4, 0, 3, 0, 3, 0, 0, 1, 0, 0, 0, 0, 1, 0",
  "numerical Jacobians": "0"
}
statistics-simulation=
{
  "linear": "0, 0, 0, 0, 0, 0, 0, 0, 0, 0, 0, 0, 0, 0, 0, 0, 0, 0, 0, 0, 0, 0, 0, 4, 0",
  "nonlinear": "0, 0, 0, 1, 0, 0, 0, 1, 2, 1, 1, 1, 1, 1, 1, 2, 1, 1, 1, 1, 1, 1, 2, 1, 1, 1, 1,   1, 1, 0, 1, 0, 1, 0, 1",
  "number of continuous time states": "267",
  "numerical Jacobians": "0"
}
time=[5.9616e+06, 6.5664e+06]
genericAHU.genericAHUBus.TSupMea=[3.031499938964844e+02, 2.931501037597656e+02, 2.931465087890625e+02, 2.931488037109375e+02, 2.931467590332031e+02, 2.931538696289062e+02, 2.931552001953125e+02, 2.931570495605469e+02, 2.931448791503906e+02, 2.931521423339844e+02, 2.931472778320312e+02, 2.931440124511719e+02, 2.931441833496094e+02, 2.931421203613281e+02, 2.931486572265625e+02, 2.931452026367188e+02, 2.931444091796875e+02, 2.931448974609375e+02, 2.931513732910156e+02, 2.931514526367188e+02, 2.919926452636719e+02, 2.931758483886719e+02, 2.931638977050781e+02, 2.931108764648437e+02, 2.931451171875e+02, 2.931568298339844e+02, 2.93145703125e+02, 2.931459899902344e+02, 2.93140087890625e+02, 2.931450317382813e+02, 2.931479797363281e+02, 2.931460266113281e+02, 2.93148828125e+02, 2.93172119140625e+02, 2.931679260253906e+02, 2.931565856933594e+02, 2.930021606445313e+02, 2.929013671875e+02, 2.931592651367188e+02, 2.930418884277344e+02, 2.931483154296875e+02, 2.931518737792969e+02, 2.93146728515625e+02, 2.931504028320313e+02, 2.931455505371094e+02, 2.931461181640625e+02, 2.9314755859375e+02, 2.931468811035156e+02, 2.931552551269531e+02, 2.931475524902344e+02, 2.931708374023438e+02, 2.931885375976562e+02, 2.931511413574219e+02, 2.937217041015625e+02, 2.93143798828125e+02, 2.931465759277344e+02, 2.931429565429688e+02, 2.931414184570312e+02, 2.931486083984375e+02, 2.931436157226562e+02, 2.931476440429688e+02, 2.931448669433594e+02, 2.931742614746094e+02, 2.932116088867188e+02, 2.932160888671875e+02, 2.931096496582031e+02, 2.934407592773438e+02, 2.931749938964844e+02, 2.925905151367188e+02, 2.931376708984375e+02, 2.931407165527344e+02, 2.931428466796875e+02, 2.9314384765625e+02, 2.931411926269531e+02, 2.931438232421875e+02, 2.931375732421875e+02, 2.931528503417969e+02, 2.931723815917969e+02, 2.940723999023438e+02, 2.931911010742188e+02, 2.931491394042969e+02, 2.93810302734375e+02, 2.931162902832031e+02, 2.931351196289062e+02, 2.931459655761719e+02, 2.93147216796875e+02, 2.931447082519531e+02, 2.931463562011719e+02, 2.931457702636719e+02, 2.9314921875e+02, 2.931459045410156e+02, 2.931462707519531e+02, 2.931454467773438e+02, 2.931449584960938e+02, 2.931498657226563e+02, 2.93152099609375e+02, 2.931426025390625e+02, 2.931510864257813e+02, 2.931480346679688e+02, 2.931531860351562e+02, 2.931558227539062e+02]
genericAHU.genericAHUBus.TOdaMea=[3.031499938964844e+02, 2.816510437011719e+02, 2.812721008300781e+02, 2.810447387695312e+02, 2.806353942871094e+02, 2.806245727539062e+02, 2.813888793945313e+02, 2.823677001953125e+02, 2.825363159179688e+02, 2.827453063964844e+02, 2.824911193847656e+02, 2.819651428222656e+02, 2.811151550292969e+02, 2.794293762207031e+02, 2.794889587402344e+02, 2.785244445800781e+02, 2.781871520996094e+02, 2.778995727539062e+02, 2.785819702148438e+02, 2.786312561035156e+02, 2.820505065917969e+02, 2.853292114257812e+02, 2.864217895507812e+02, 2.868355163574219e+02, 2.87213037109375e+02, 2.875488891601562e+02, 2.866647155761719e+02, 2.855303283691406e+02, 2.847202209472656e+02, 2.835629028320312e+02, 2.836711120605469e+02, 2.83335107421875e+02, 2.831687866210938e+02, 2.828631103515625e+02, 2.837184204101562e+02, 2.843091125488281e+02, 2.845592834472656e+02, 2.850676513671875e+02, 2.853401489257812e+02, 2.850944091796875e+02, 2.850020446777344e+02, 2.846758056640625e+02, 2.832384338378906e+02, 2.834480773925781e+02, 2.830691284179687e+02, 2.827716674804688e+02, 2.823108764648438e+02, 2.821388427734375e+02, 2.826403381347656e+02, 2.829924865722656e+02, 2.836463317871094e+02, 2.854063110351562e+02, 2.854196472167969e+02, 2.856457336425781e+02, 2.847413879394531e+02, 2.841886291503906e+02, 2.836948486328125e+02, 2.82323583984375e+02, 2.812730773925781e+02, 2.804439819335938e+02, 2.803667907714844e+02, 2.803451293945312e+02, 2.806056823730469e+02, 2.844159790039063e+02, 2.878858947753906e+02, 2.906085510253906e+02, 2.91112646484375e+02, 2.911348937988281e+02, 2.89287939453125e+02, 2.874098022460938e+02, 2.862945861816406e+02, 2.850127746582031e+02, 2.841727661132812e+02, 2.828424438476562e+02, 2.819891967773438e+02, 2.80355224609375e+02, 2.796067687988281e+02, 2.81635107421875e+02, 2.834853698730469e+02, 2.859810302734375e+02, 2.873733215332031e+02, 2.854790222167969e+02, 2.835642944335938e+02, 2.810158996582031e+02, 2.804072448730469e+02, 2.799129943847656e+02, 2.791451721191406e+02, 2.786036560058594e+02, 2.78099658203125e+02, 2.778919067382812e+02, 2.775111083984375e+02, 2.773408386230469e+02, 2.774520690917969e+02, 2.776192504882812e+02, 2.78026513671875e+02, 2.786343688964844e+02, 2.789421142578125e+02, 2.788550109863281e+02, 2.782231201171875e+02, 2.780322937011719e+02, 2.794450073242188e+02]
genericAHU.genericAHUBus.heaterBus.hydraulicBus.valveSet=[0e+00, 4.354382634162903e-01, 4.389266729354858e-01, 4.417240500450134e-01, 4.445487558841705e-01, 4.46247935295105e-01, 4.40994268655777e-01, 4.310050547122956e-01, 4.28716117143631e-01, 4.296099483966828e-01, 4.315050840377808e-01, 4.357973039150238e-01, 4.42500638961792e-01, 4.535434663295746e-01, 4.554003655910492e-01, 4.616289138793945e-01, 4.642358899116516e-01, 4.671173691749573e-01, 4.650305032730103e-01, 4.523632884025574e-01, 6.020086407661438e-01, 5.189255952835083e-01, 3.897100150585174e-01, 5.014304757118225e-01, 4.299892246723175e-01, 3.721967041492462e-01, 3.970028936862945e-01, 4.079229474067688e-01, 4.135188817977905e-01, 4.251972138881683e-01, 4.256096184253693e-01, 4.287083566188812e-01, 4.325634717941284e-01, 4.219063997268677e-01, 4.09329217672348e-01, 5.763837695121765e-01, 4.082476496696472e-01, 5.566349983215332e-01, 5.159890055656433e-01, 3.97679853439331e-01, 4.126101136207581e-01, 4.167252540588379e-01, 4.283622860908508e-01, 4.280300974845886e-01, 4.316557228565216e-01, 4.347395002841949e-01, 4.391357481479645e-01, 4.413174510002136e-01, 4.179952144622803e-01, 6.047433972358703e-01, 5.468056201934814e-01, 4.673581838607788e-01, 5.126165270805358e-01, 4.377783060073853e-01, 4.129614770412445e-01, 4.188492298126221e-01, 4.227905511856079e-01, 4.343040704727173e-01, 4.437197029590607e-01, 4.484740495681763e-01, 4.500152170658112e-01, 4.501381695270538e-01, 4.373254895210266e-01, 5.786058902740479e-01, 4.544904172420502e-01, 3.392424583435059e-01, 1.885761052370071e-01, 8.879103660583496e-02, 3.442944288253784e-01, 3.772114455699921e-01, 3.894939720630646e-01, 4.008823096752167e-01, 4.083987295627594e-01, 4.184343874454498e-01, 4.263519763946533e-01, 4.376213848590851e-01, 4.313570380210877e-01, 4.103282809257507e-01, 5.434509158134461e-01, 3.802708387374878e-01, 4.581040441989899e-01, 4.359585165977478e-01, 3.856635212898255e-01, 4.223903834819794e-01, 4.298762679100037e-01, 4.352868795394897e-01, 4.410289645195007e-01, 4.460423171520233e-01, 4.502862095832825e-01, 4.522733986377716e-01, 4.536689221858978e-01, 4.544288098812103e-01, 4.558422565460205e-01, 4.570303440093994e-01, 4.583787202835083e-01, 4.568111300468445e-01, 4.555324912071228e-01, 4.572795331478119e-01, 4.61354923248291e-01, 4.632169723510742e-01, 4.57761287689209e-01]
genericAHU.genericAHUBus.heaterBus.VFlowAirMea=[0e+00, 1.666666716337204e-01, 1.666666716337204e-01, 1.666666716337204e-01, 1.666666716337204e-01, 1.666666716337204e-01, 1.666666716337204e-01, 1.666666716337204e-01, 1.666666716337204e-01, 1.666666716337204e-01, 1.666666716337204e-01, 1.666666716337204e-01, 1.666666716337204e-01, 1.666666716337204e-01, 1.666666716337204e-01, 1.666666716337204e-01, 1.666666716337204e-01, 1.666666716337204e-01, 1.666666716337204e-01, 1.666666716337204e-01, 7.370054721832275e-01, 5.359356284141541e-01, 1.840522527694702e-01, 7.128673791885376e-01, 3.597692012786865e-01, 1.666666716337204e-01, 1.666666716337204e-01, 1.666666716337204e-01, 1.666666716337204e-01, 1.666666716337204e-01, 1.666666716337204e-01, 1.666666716337204e-01, 1.666666716337204e-01, 1.666666716337204e-01, 1.666666716337204e-01, 7.128630876541138e-01, 1.839787840843201e-01, 7.190426349639892e-01, 5.360563516616821e-01, 1.666666716337204e-01, 1.666666716337204e-01, 1.666666716337204e-01, 1.666666716337204e-01, 1.666666716337204e-01, 1.666666716337204e-01, 1.666666716337204e-01, 1.666666716337204e-01, 1.666666716337204e-01, 1.666666716337204e-01, 7.12861168384552e-01, 5.360564589500427e-01, 3.598538815975189e-01, 5.360098838806152e-01, 1.689248234033585e-01, 1.666666716337204e-01, 1.666666716337204e-01, 1.666666716337204e-01, 1.666666716337204e-01, 1.666666716337204e-01, 1.666666716337204e-01, 1.666666716337204e-01, 1.666666716337204e-01, 1.666666716337204e-01, 7.123626947402955e-01, 5.360495567321777e-01, 3.602315187454224e-01, 7.128633618354797e-01, 3.59847766160965e-01, 1.666666716337204e-01, 1.666666716337204e-01, 1.666666716337204e-01, 1.666666716337204e-01, 1.666666716337204e-01, 1.666666716337204e-01, 1.666666716337204e-01, 1.666666716337204e-01, 1.666666716337204e-01, 1.666666716337204e-01, 5.393547534942627e-01, 1.840484112501145e-01, 7.129474282264709e-01, 3.594056844711304e-01, 1.666666716337204e-01, 1.666666716337204e-01, 1.666666716337204e-01, 1.666666716337204e-01, 1.666666716337204e-01, 1.666666716337204e-01, 1.666666716337204e-01, 1.666666716337204e-01, 1.666666716337204e-01, 1.666666716337204e-01, 1.666666716337204e-01, 1.666666716337204e-01, 1.666666716337204e-01, 1.666666716337204e-01, 1.666666716337204e-01, 1.666666716337204e-01, 1.666666716337204e-01, 1.666666716337204e-01, 1.666666716337204e-01]
thermalZone.CO2Con=[4e+02, 4.1999296875e+02, 4.345888549804687e+02, 4.42040087890625e+02, 4.458447021484375e+02, 4.477870178222656e+02, 4.487787109375e+02, 4.492854797363281e+02, 4.495440551757812e+02, 4.496760864257812e+02, 4.497435302734375e+02, 4.497779663085938e+02, 4.497955444335938e+02, 4.498045288085938e+02, 4.498091064453125e+02, 4.498114318847656e+02, 4.498126342773438e+02, 4.498132568359375e+02, 4.498135681152344e+02, 5.226827880859375e+02, 8.995584716796875e+02, 8.999942260742188e+02, 9e+02, 9.000002197265625e+02, 8.999961303710937e+02, 8.290772094726562e+02, 6.434777465820313e+02, 5.486877807617187e+02, 5.00295263671875e+02, 4.755853515625e+02, 4.629756164550781e+02, 4.565353454589844e+02, 4.532463745117187e+02, 4.897230407714844e+02, 7.79111376953125e+02, 9e+02, 8.999966674804688e+02, 9.000374877929687e+02, 9e+02, 8.59250830078125e+02, 6.844844360351562e+02, 5.696422729492188e+02, 5.109911560058594e+02, 4.810612731933594e+02, 4.657729553222656e+02, 4.579681091308594e+02, 4.53978564453125e+02, 4.519411804199219e+02, 6.717376708984375e+02, 8.999999145507812e+02, 9e+02, 9.000000610351562e+02, 8.999977905273438e+02, 8.958571411132813e+02, 7.3418583984375e+02, 5.94985595703125e+02, 5.239341674804688e+02, 4.876651489257812e+02, 4.691404846191406e+02, 4.596807189941406e+02, 4.548530578613281e+02, 4.523867126464844e+02, 5.682305908203125e+02, 8.999724365234375e+02, 8.999996826171875e+02, 9.00017578125e+02, 9e+02, 8.999997924804687e+02, 7.944139892578125e+02, 6.257376831054687e+02, 5.396282348632812e+02, 4.95677197265625e+02, 4.732324584960937e+02, 4.617685791015625e+02, 4.559170104980469e+02, 4.529301147460938e+02, 5.077579162597656e+02, 8.57375634765625e+02, 9.00077099609375e+02, 8.999997924804687e+02, 9.000035400390625e+02, 8.99941943359375e+02, 8.43437353515625e+02, 6.629979614257812e+02, 5.58673681640625e+02, 5.054138488769531e+02, 4.782176879882812e+02, 4.643169677734375e+02, 4.572206970214844e+02, 4.535941467285156e+02, 4.517439270019531e+02, 4.507999694824219e+02, 4.503178161621094e+02, 4.500712463378906e+02, 4.499452575683594e+02, 4.498809204101562e+02, 4.498481140136719e+02, 4.498313781738281e+02, 4.498228210449219e+02, 4.498184448242188e+02, 4.498162231445312e+02]
