last-generated=2025-06-03
statistics-initialization=
{
  "nonlinear": "3, 0, 0",
  "numerical Jacobians": "0"
}
statistics-simulation=
{
  "linear": "0, 0, 0, 0, 0, 0, 0, 0, 0, 0, 0, 0, 0, 0",
  "nonlinear": "2",
  "number of continuous time states": "62",
  "numerical Jacobians": "0"
}
time=[0e+00, 8e+02]
hydraulicBus.TFwrdInMea=[3.031499938964844e+02, 3.031485595703125e+02, 3.031452941894531e+02, 3.031408081054688e+02, 3.031356201171875e+02, 3.031300659179688e+02, 3.031242980957031e+02, 3.031183776855469e+02, 3.031123657226562e+02, 3.031063232421875e+02, 3.031002502441406e+02, 3.030941772460938e+02, 3.030881042480469e+02, 3.030820007324219e+02, 3.03075927734375e+02, 3.030698547363281e+02, 3.030637817382812e+02, 3.030577087402344e+02, 3.030516357421875e+02, 3.030455627441406e+02, 3.030395202636719e+02, 3.03033447265625e+02, 3.030273742675781e+02, 3.031513671875e+02, 3.080753173828125e+02, 3.142340087890625e+02, 3.179194946289062e+02, 3.200816345214844e+02, 3.213501586914062e+02, 3.220948791503906e+02, 3.225315551757812e+02, 3.227873840332031e+02, 3.229372253417969e+02, 3.23025146484375e+02, 3.230766906738281e+02, 3.231069946289062e+02, 3.23124755859375e+02, 3.231351928710938e+02, 3.231413269042969e+02, 3.231448974609375e+02, 3.231470031738281e+02, 3.231482543945312e+02, 3.231489562988281e+02, 3.231493835449219e+02, 3.231496276855469e+02, 3.231497802734375e+02, 3.231498718261719e+02, 3.231499328613281e+02, 3.231499633789062e+02, 3.231499633789062e+02, 3.231499938964844e+02, 3.231499938964844e+02, 3.231499938964844e+02, 3.231499938964844e+02, 3.231499938964844e+02, 3.231499938964844e+02, 3.231499938964844e+02, 3.231499938964844e+02, 3.231499938964844e+02, 3.231499938964844e+02, 3.231500244140625e+02, 3.231500244140625e+02, 3.231500244140625e+02, 3.231499938964844e+02, 3.231499938964844e+02, 3.231499938964844e+02, 3.231499938964844e+02, 3.231499938964844e+02, 3.231499938964844e+02, 3.231499938964844e+02, 3.231499938964844e+02, 3.231499938964844e+02, 3.231499938964844e+02, 3.231499938964844e+02, 3.231499938964844e+02, 3.231499938964844e+02, 3.231499938964844e+02, 3.231499938964844e+02, 3.231499938964844e+02, 3.231499938964844e+02, 3.231499938964844e+02, 3.231499938964844e+02, 3.231499938964844e+02, 3.231499938964844e+02, 3.231499938964844e+02, 3.231499938964844e+02, 3.231499938964844e+02, 3.231499938964844e+02, 3.231499938964844e+02, 3.231499938964844e+02, 3.231499938964844e+02, 3.231499938964844e+02, 3.231499938964844e+02, 3.231499938964844e+02, 3.231499938964844e+02, 3.231499938964844e+02, 3.231499938964844e+02, 3.231499938964844e+02, 3.231499938964844e+02, 3.231499938964844e+02, 3.231499938964844e+02]
hydraulicBus.TFwrdOutMea=[3.031499938964844e+02, 3.031499938964844e+02, 3.031504821777344e+02, 3.031530151367188e+02, 3.031596374511719e+02, 3.031687622070312e+02, 3.031795043945312e+02, 3.031912231445312e+02, 3.032035217285156e+02, 3.032161254882812e+02, 3.032288818359375e+02, 3.032416381835938e+02, 3.0325439453125e+02, 3.032671508789062e+02, 3.032798767089844e+02, 3.032925720214844e+02, 3.033052368164062e+02, 3.033179016113281e+02, 3.033305358886719e+02, 3.033431396484375e+02, 3.033557434082031e+02, 3.033683166503906e+02, 3.03380859375e+02, 3.033934020996094e+02, 3.034058532714844e+02, 3.034220886230469e+02, 3.034611206054688e+02, 3.035570678710938e+02, 3.037496948242188e+02, 3.040742492675781e+02, 3.04553466796875e+02, 3.051934204101562e+02, 3.059842224121094e+02, 3.069039611816406e+02, 3.079237670898438e+02, 3.090122985839844e+02, 3.101392822265625e+02, 3.112775573730469e+02, 3.124039611816406e+02, 3.1349951171875e+02, 3.145492553710938e+02, 3.155418090820312e+02, 3.164690551757812e+02, 3.1732568359375e+02, 3.181087951660156e+02, 3.188175964355469e+02, 3.194530029296875e+02, 3.200174560546875e+02, 3.205144958496094e+02, 3.209484252929688e+02, 3.213240661621094e+02, 3.216466674804688e+02, 3.219214782714844e+02, 3.221537780761719e+02, 3.223486633300781e+02, 3.225109558105469e+02, 3.2264501953125e+02, 3.227550048828125e+02, 3.228445434570312e+02, 3.229169616699219e+02, 3.229751281738281e+02, 3.230215148925781e+02, 3.230582275390625e+02, 3.230870971679688e+02, 3.23109619140625e+02, 3.231270446777344e+02, 3.231404418945312e+02, 3.231506652832031e+02, 3.231583557128906e+02, 3.231641235351562e+02, 3.231683959960938e+02, 3.231714782714844e+02, 3.231737060546875e+02, 3.231752624511719e+02, 3.231763000488281e+02, 3.231769714355469e+02, 3.231773986816406e+02, 3.231775817871094e+02, 3.231776428222656e+02, 3.231775817871094e+02, 3.231774597167969e+02, 3.231772766113281e+02, 3.231770629882812e+02, 3.231768493652344e+02, 3.231766357421875e+02, 3.231763916015625e+02, 3.231761474609375e+02, 3.231759643554688e+02, 3.231758117675781e+02, 3.231756591796875e+02, 3.231755676269531e+02, 3.231754760742188e+02, 3.231754150390625e+02, 3.231753540039062e+02, 3.231753234863281e+02, 3.231753234863281e+02, 3.2317529296875e+02, 3.2317529296875e+02, 3.2317529296875e+02, 3.2317529296875e+02, 3.2317529296875e+02]
hydraulicBus.TRtrnInMea=[3.031499938964844e+02, 3.031499938964844e+02, 3.031504821777344e+02, 3.031530151367188e+02, 3.031596374511719e+02, 3.031687622070312e+02, 3.031795043945312e+02, 3.031912231445312e+02, 3.032035217285156e+02, 3.032161254882812e+02, 3.032288818359375e+02, 3.032416381835938e+02, 3.0325439453125e+02, 3.032671508789062e+02, 3.032798767089844e+02, 3.032925720214844e+02, 3.033052368164062e+02, 3.033179016113281e+02, 3.033305358886719e+02, 3.033431396484375e+02, 3.033557434082031e+02, 3.033683166503906e+02, 3.03380859375e+02, 3.033934020996094e+02, 3.034058532714844e+02, 3.034220886230469e+02, 3.034611206054688e+02, 3.035570678710938e+02, 3.037496948242188e+02, 3.040742492675781e+02, 3.04553466796875e+02, 3.051934204101562e+02, 3.059842224121094e+02, 3.069039611816406e+02, 3.079237670898438e+02, 3.090122985839844e+02, 3.101392822265625e+02, 3.112775573730469e+02, 3.124039611816406e+02, 3.1349951171875e+02, 3.145492553710938e+02, 3.155418090820312e+02, 3.164690551757812e+02, 3.1732568359375e+02, 3.181087951660156e+02, 3.188175964355469e+02, 3.194530029296875e+02, 3.200174560546875e+02, 3.205144958496094e+02, 3.209484252929688e+02, 3.213240661621094e+02, 3.216466674804688e+02, 3.219214782714844e+02, 3.221537780761719e+02, 3.223486633300781e+02, 3.225109558105469e+02, 3.2264501953125e+02, 3.227550048828125e+02, 3.228445434570312e+02, 3.229169616699219e+02, 3.229751281738281e+02, 3.230215148925781e+02, 3.230582275390625e+02, 3.230870971679688e+02, 3.23109619140625e+02, 3.231270446777344e+02, 3.231404418945312e+02, 3.231506652832031e+02, 3.231583557128906e+02, 3.231641235351562e+02, 3.231683959960938e+02, 3.231714782714844e+02, 3.231737060546875e+02, 3.231752624511719e+02, 3.231763000488281e+02, 3.231769714355469e+02, 3.231773986816406e+02, 3.231775817871094e+02, 3.231776428222656e+02, 3.231775817871094e+02, 3.231774597167969e+02, 3.231772766113281e+02, 3.231770629882812e+02, 3.231768493652344e+02, 3.231766357421875e+02, 3.231763916015625e+02, 3.231761474609375e+02, 3.231759643554688e+02, 3.231758117675781e+02, 3.231756591796875e+02, 3.231755676269531e+02, 3.231754760742188e+02, 3.231754150390625e+02, 3.231753540039062e+02, 3.231753234863281e+02, 3.231753234863281e+02, 3.2317529296875e+02, 3.2317529296875e+02, 3.2317529296875e+02, 3.2317529296875e+02, 3.2317529296875e+02]
hydraulicBus.TRtrnOutMea=[3.031499938964844e+02, 3.031485595703125e+02, 3.031452941894531e+02, 3.031408081054688e+02, 3.031356201171875e+02, 3.031300659179688e+02, 3.031242980957031e+02, 3.031183776855469e+02, 3.031123657226562e+02, 3.031063232421875e+02, 3.031002502441406e+02, 3.030941772460938e+02, 3.030881042480469e+02, 3.030820007324219e+02, 3.03075927734375e+02, 3.030698547363281e+02, 3.030637817382812e+02, 3.030577087402344e+02, 3.030516357421875e+02, 3.030455627441406e+02, 3.030395202636719e+02, 3.03033447265625e+02, 3.030273742675781e+02, 3.030233459472656e+02, 3.030431213378906e+02, 3.030685424804688e+02, 3.030859680175781e+02, 3.031047668457031e+02, 3.031362915039062e+02, 3.031975402832031e+02, 3.033150939941406e+02, 3.035253601074219e+02, 3.038689880371094e+02, 3.043804321289062e+02, 3.05078125e+02, 3.059593200683594e+02, 3.07000732421875e+02, 3.081645202636719e+02, 3.094060363769531e+02, 3.106812133789062e+02, 3.119511413574219e+02, 3.131846618652344e+02, 3.143586730957031e+02, 3.154573364257812e+02, 3.164707946777344e+02, 3.173938903808594e+02, 3.182252502441406e+02, 3.189665222167969e+02, 3.196211853027344e+02, 3.201941528320312e+02, 3.206912231445312e+02, 3.211189270019531e+02, 3.214839477539062e+02, 3.217930603027344e+02, 3.220528259277344e+02, 3.222695007324219e+02, 3.224488220214844e+02, 3.225961608886719e+02, 3.227163696289062e+02, 3.228137512207031e+02, 3.228921508789062e+02, 3.22954833984375e+02, 3.230045776367188e+02, 3.230438232421875e+02, 3.230745239257812e+02, 3.23098388671875e+02, 3.231168212890625e+02, 3.231309509277344e+02, 3.231417236328125e+02, 3.231498413085938e+02, 3.231559143066406e+02, 3.231604309082031e+02, 3.231637268066406e+02, 3.231661071777344e+02, 3.231677856445312e+02, 3.231689758300781e+02, 3.231697692871094e+02, 3.231702575683594e+02, 3.231705627441406e+02, 3.231706848144531e+02, 3.231707153320312e+02, 3.23170654296875e+02, 3.231705627441406e+02, 3.231704406738281e+02, 3.231703186035156e+02, 3.231701354980469e+02, 3.231699523925781e+02, 3.231697692871094e+02, 3.231696166992188e+02, 3.231694946289062e+02, 3.231693725585938e+02, 3.231692810058594e+02, 3.23169189453125e+02, 3.231691284179688e+02, 3.231690979003906e+02, 3.231690673828125e+02, 3.231690368652344e+02, 3.231690368652344e+02, 3.231690368652344e+02, 3.231690368652344e+02, 3.231690368652344e+02]
hydraulicBus.VFlowInMea=[2.150234654177778e-24, 1.551211242789563e-11, 6.229018689740684e-11, 1.357862156048384e-10, 1.357862711159896e-10, 1.357862711159896e-10, 1.357862711159896e-10, 1.357862711159896e-10, 1.357862711159896e-10, 1.357862711159896e-10, 1.357862711159896e-10, 1.357862711159896e-10, 1.357862711159896e-10, 1.357862711159896e-10, 1.357862711159896e-10, 1.357862711159896e-10, 1.357862711159896e-10, 1.357862711159896e-10, 1.357862711159896e-10, 1.357862711159896e-10, 1.357862711159896e-10, 1.357862711159896e-10, 1.357862711159896e-10, 8.347513471562706e-07, 6.384426797012566e-06, 1.23693707791972e-05, 1.760821760399267e-05, 2.257109372294508e-05, 2.74823087238474e-05, 3.234975156374274e-05, 3.717227809829637e-05, 4.194887151243165e-05, 4.667877510655671e-05, 5.136155232321471e-05, 5.599667565547861e-05, 6.058355211280286e-05, 6.512163236038759e-05, 6.9610403443221e-05, 7.404942152788863e-05, 7.843825733289123e-05, 8.277653978439048e-05, 8.706393418833613e-05, 9.130016405833885e-05, 9.54849601839669e-05, 9.961813339032233e-05, 1.036995090544224e-04, 1.0772895620903e-04, 1.117063948186114e-04, 1.156317593995482e-04, 1.19505035399925e-04, 1.233262446476147e-04, 1.270954380743206e-04, 1.308126957155764e-04, 1.344781485386193e-04, 1.380919275106862e-04, 1.416542218066752e-04, 1.451652351533994e-04, 1.486252003815025e-04, 1.520343648735434e-04, 1.553930342197418e-04, 1.587014994584024e-04, 1.619600952835754e-04, 1.651691854931414e-04, 1.68329119333066e-04, 1.714403042569757e-04, 1.745031477184966e-04, 1.775180717231706e-04, 1.804855128284544e-04, 1.834059366956353e-04, 1.862797944340855e-04, 1.891075953608379e-04, 1.918898051371798e-04, 1.946269476320595e-04, 1.973195321625099e-04, 1.99968068045564e-04, 2.025730937020853e-04, 2.051351475529373e-04, 2.076547680189833e-04, 2.101324935210869e-04, 2.125689061358571e-04, 2.14964515180327e-04, 2.173199318349361e-04, 2.196356654167175e-04, 2.219123125541955e-04, 2.24150440772064e-04, 2.263505884911865e-04, 2.263833011966199e-04, 2.263833011966199e-04, 2.263833011966199e-04, 2.263833011966199e-04, 2.263833011966199e-04, 2.263833011966199e-04, 2.263833011966199e-04, 2.263833011966199e-04, 2.263833011966199e-04, 2.263833011966199e-04, 2.263833011966199e-04, 2.263833011966199e-04, 2.263833011966199e-04, 2.263833011966199e-04, 2.263833011966199e-04]
hydraulicBus.VFlowOutMea=[-1.234055783898775e-17, 4.298260028008372e-04, 8.613250101916492e-04, 1.271701301448047e-03, 1.271701534278691e-03, 1.271701534278691e-03, 1.271701534278691e-03, 1.271701534278691e-03, 1.271701534278691e-03, 1.271701534278691e-03, 1.271701534278691e-03, 1.271701534278691e-03, 1.271701534278691e-03, 1.271701534278691e-03, 1.271701534278691e-03, 1.271701534278691e-03, 1.271701534278691e-03, 1.271701534278691e-03, 1.271701534278691e-03, 1.271701534278691e-03, 1.271701534278691e-03, 1.271701534278691e-03, 1.271701534278691e-03, 1.271749497391284e-03, 1.272067311219871e-03, 1.272408640943468e-03, 1.272706198506057e-03, 1.272986992262304e-03, 1.27326394431293e-03, 1.27353728748858e-03, 1.273807138204575e-03, 1.274073496460915e-03, 1.2743363622576e-03, 1.274595619179308e-03, 1.27485126722604e-03, 1.275103422813118e-03, 1.275351969525218e-03, 1.275597023777664e-03, 1.275838469155133e-03, 1.276076422072947e-03, 1.276310766115785e-03, 1.276541617698967e-03, 1.276768976822495e-03, 1.276992843486369e-03, 1.277213217690587e-03, 1.277430099435151e-03, 1.277643488720059e-03, 1.277853501960635e-03, 1.278060022741556e-03, 1.278263283893466e-03, 1.278463169001043e-03, 1.278659678064287e-03, 1.278852927498519e-03, 1.279042917303741e-03, 1.279229647479951e-03, 1.279413118027151e-03, 1.279593445360661e-03, 1.279770745895803e-03, 1.279944903217256e-03, 1.28011591732502e-03, 1.280284021049738e-03, 1.280449097976089e-03, 1.280611148104072e-03, 1.280770404264331e-03, 1.280926750041544e-03, 1.281080185435712e-03, 1.281230943277478e-03, 1.28137890715152e-03, 1.28152419347316e-03, 1.281666802242398e-03, 1.281806733459234e-03, 1.28194410353899e-03, 1.282078912481666e-03, 1.282211276702583e-03, 1.28234107978642e-03, 1.28246855456382e-03, 1.282593584619462e-03, 1.282716286368668e-03, 1.282836776226759e-03, 1.282954937778413e-03, 1.283070771023631e-03, 1.283184508793056e-03, 1.283296151086688e-03, 1.283405581489205e-03, 1.283513032831252e-03, 1.283618505112827e-03, 1.283620018512011e-03, 1.283620018512011e-03, 1.283620018512011e-03, 1.283620018512011e-03, 1.283620018512011e-03, 1.283620018512011e-03, 1.283620018512011e-03, 1.283620018512011e-03, 1.283620018512011e-03, 1.283620018512011e-03, 1.283620018512011e-03, 1.283620018512011e-03, 1.283620018512011e-03, 1.283620018512011e-03, 1.283620018512011e-03]
