last-generated=2025-01-30
statistics-simulation=
{
  "linear": " ",
  "nonlinear": " ",
  "number of continuous time states": "23",
  "numerical Jacobians": "0"
}
time=[0e+00, 1.2e+02]
traT.y=[1.5e+01, 1.620000071525557e+01, 1.739999952316261e+01, 1.860000047683738e+01, 1.979999904632932e+01, 2.1e+01, 2.220000095367068e+01, 2.34e+01, 2.46e+01, 2.579999904632932e+01, 2.7e+01, 2.820000095367068e+01, 2.94e+01, 3e+01, 3e+01, 3e+01, 3e+01, 3e+01, 3e+01, 3e+01, 3e+01, 3e+01, 3e+01, 3e+01, 3e+01, 3e+01, 2.88e+01, 2.760000190731952e+01, 2.639999809268047e+01, 2.520000000001455e+01, 2.4e+01, 2.279999999998545e+01, 2.160000190731953e+01, 2.039999809268047e+01, 1.920000000001455e+01, 1.8e+01, 1.679999999998545e+01, 1.560000190730498e+01, 1.5e+01, 1.5e+01, 1.5e+01, 1.5e+01, 1.5e+01, 1.5e+01, 1.5e+01, 1.5e+01, 1.5e+01, 1.5e+01, 1.5e+01, 1.5e+01, 1.5e+01, 1.620000000001455e+01, 1.739999809268048e+01, 1.860000190731953e+01, 1.979999618553556e+01, 2.1e+01, 2.220000381446445e+01, 2.339999809262225e+01, 2.460000190737773e+01, 2.579999618553555e+01, 2.7e+01, 2.820000381446445e+01, 2.939999809262227e+01, 3e+01, 3e+01, 3e+01, 3e+01, 3e+01, 3e+01, 3e+01, 3e+01, 3e+01, 3e+01, 3e+01, 3e+01, 3e+01, 2.879999618553555e+01, 2.760000190737773e+01, 2.639999809262225e+01, 2.520000381446444e+01, 2.4e+01, 2.279999618553555e+01, 2.160000190737775e+01, 2.039999809262227e+01, 1.920000381446445e+01, 1.8e+01, 1.679999618553555e+01, 1.560000190736318e+01, 1.5e+01, 1.5e+01, 1.5e+01, 1.5e+01, 1.5e+01, 1.5e+01, 1.5e+01, 1.5e+01, 1.5e+01, 1.5e+01, 1.5e+01, 1.5e+01, 1.5e+01]
fixBou.TCom=[2.951499938964844e+02, 2.951499938964844e+02]
fixBou.conTUppBou.k=[2.971499938964844e+02, 2.971499938964844e+02]
fixBou.conTLowBou.k=[2.931499938964844e+02, 2.931499938964844e+02]
booPulAct.y=[1e+00, 1e+00, 1e+00, 1e+00, 1e+00, 1e+00, 1e+00, 1e+00, 1e+00, 1e+00, 1e+00, 1e+00, 1e+00, 1e+00, 1e+00, 1e+00, 1e+00, 1e+00, 1e+00, 1e+00, 1e+00, 1e+00, 1e+00, 1e+00, 1e+00, 1e+00, 0e+00, 0e+00, 0e+00, 0e+00, 0e+00, 0e+00, 0e+00, 0e+00, 0e+00, 0e+00, 0e+00, 0e+00, 0e+00, 0e+00, 0e+00, 0e+00, 0e+00, 0e+00, 0e+00, 0e+00, 0e+00, 0e+00, 0e+00, 0e+00, 0e+00, 1e+00, 1e+00, 1e+00, 1e+00, 1e+00, 1e+00, 1e+00, 1e+00, 1e+00, 1e+00, 1e+00, 1e+00, 1e+00, 1e+00, 1e+00, 1e+00, 1e+00, 1e+00, 1e+00, 1e+00, 1e+00, 1e+00, 1e+00, 1e+00, 1e+00, 0e+00, 0e+00, 0e+00, 0e+00, 0e+00, 0e+00, 0e+00, 0e+00, 0e+00, 0e+00, 0e+00, 0e+00, 0e+00, 0e+00, 0e+00, 0e+00, 0e+00, 0e+00, 0e+00, 0e+00, 0e+00, 0e+00, 0e+00, 0e+00, 0e+00]
fixBou.totDegSecOutBou=[0e+00, 5.280000026225978e+00, 9.119999632835421e+00, 1.152000058650883e+01, 1.247999949455352e+01, 1.25e+01, 1.25e+01, 1.25e+01, 1.268000009536707e+01, 1.411999955177398e+01, 1.7e+01, 2.132000050544648e+01, 2.708000200270842e+01, 3.409999618531729e+01, 4.130000381469727e+01, 4.85e+01, 5.569999618530273e+01, 6.290000381468273e+01, 7.009999618531727e+01, 7.730000762936544e+01, 8.45e+01, 9.169999237063456e+01, 9.890000381468271e+01, 1.060999961853173e+02, 1.133000076293654e+02, 1.205e+02, 1.269799996566867e+02, 1.320199987030466e+02, 1.356199987029302e+02, 1.377799996566991e+02, 1.385e+02, 1.385e+02, 1.385e+02, 1.385e+02, 1.388200079726373e+02, 1.405e+02, 1.436199927139646e+02, 1.481799860383972e+02, 1.540000076292199e+02, 1.6000000381461e+02, 1.66e+02, 1.7199999618539e+02, 1.779999923707801e+02, 1.840000076292199e+02, 1.9000000381461e+02, 1.96e+02, 2.0199999618539e+02, 2.079999923707801e+02, 2.140000076292199e+02, 2.2000000381461e+02, 2.26e+02, 2.312799958420891e+02, 2.351199910737103e+02, 2.375200063322665e+02, 2.384799949648324e+02, 2.385e+02, 2.385e+02, 2.385e+02, 2.386799936676549e+02, 2.401199897773098e+02, 2.43e+02, 2.473200202930254e+02, 2.530799936674221e+02, 2.601000152590219e+02, 2.672999694842844e+02, 2.745e+02, 2.817000305157156e+02, 2.888999847409781e+02, 2.96100015259022e+02, 3.032999694842844e+02, 3.105e+02, 3.177000305157155e+02, 3.24899984740978e+02, 3.321000152590219e+02, 3.392999694842844e+02, 3.465e+02, 3.52980025480548e+02, 3.580199834442779e+02, 3.616199987032998e+02, 3.637799949648324e+02, 3.645e+02, 3.645e+02, 3.645e+02, 3.645e+02, 3.648200050351676e+02, 3.665e+02, 3.696200050351676e+02, 3.74179986038144e+02, 3.800000076295109e+02, 3.859999847421422e+02, 3.92e+02, 3.980000152578578e+02, 4.039999923704891e+02, 4.10000007629511e+02, 4.159999847421422e+02, 4.22e+02, 4.280000152578577e+02, 4.33999992370489e+02, 4.400000076295109e+02, 4.459999847421422e+02, 4.52e+02]
fixBouAct.totDegSecOutBou=[0e+00, 5.280000026225978e+00, 9.119999632835421e+00, 1.152000058650883e+01, 1.247999949455352e+01, 1.25e+01, 1.25e+01, 1.25e+01, 1.268000009536707e+01, 1.411999955177398e+01, 1.7e+01, 2.132000050544648e+01, 2.708000200270842e+01, 3.409999618531729e+01, 4.130000381469727e+01, 4.85e+01, 5.569999618530273e+01, 6.290000381468273e+01, 7.009999618531727e+01, 7.730000762936544e+01, 8.45e+01, 9.169999237063456e+01, 9.890000381468271e+01, 1.060999961853173e+02, 1.133000076293654e+02, 1.205e+02, 1.205e+02, 1.205e+02, 1.205e+02, 1.205e+02, 1.205e+02, 1.205e+02, 1.205e+02, 1.205e+02, 1.205e+02, 1.205e+02, 1.205e+02, 1.205e+02, 1.205e+02, 1.205e+02, 1.205e+02, 1.205e+02, 1.205e+02, 1.205e+02, 1.205e+02, 1.205e+02, 1.205e+02, 1.205e+02, 1.205e+02, 1.205e+02, 1.205e+02, 1.257799958420309e+02, 1.296199910737103e+02, 1.320200063322665e+02, 1.329799949648324e+02, 1.33e+02, 1.33e+02, 1.33e+02, 1.331799936676549e+02, 1.346199897773098e+02, 1.375e+02, 1.418200202930254e+02, 1.475799936674221e+02, 1.54600015258789e+02, 1.617999847421422e+02, 1.69e+02, 1.762000152578578e+02, 1.83399984741211e+02, 1.906000152587891e+02, 1.977999847421422e+02, 2.05e+02, 2.122000152578577e+02, 2.193999847412109e+02, 2.26600015258789e+02, 2.337999847421422e+02, 2.41e+02, 2.41e+02, 2.41e+02, 2.41e+02, 2.41e+02, 2.41e+02, 2.41e+02, 2.41e+02, 2.41e+02, 2.41e+02, 2.41e+02, 2.41e+02, 2.41e+02, 2.41e+02, 2.41e+02, 2.41e+02, 2.41e+02, 2.41e+02, 2.41e+02, 2.41e+02, 2.41e+02, 2.41e+02, 2.41e+02, 2.41e+02, 2.41e+02, 2.41e+02]
fixBouRes.totDegSecOutBou=[0e+00, 5.280000026225978e+00, 9.119999632835421e+00, 1.152000058650883e+01, 1.247999949455352e+01, 0e+00, 0e+00, 0e+00, 1.799997973449806e-01, 1.619999670983723e+00, 4.5e+00, 8.820000505444657e+00, 1.458000200270842e+01, 2.159999809265865e+01, 2.880000381468272e+01, 3.6e+01, 4.319999618530273e+01, 5.040000381468273e+01, 5.759999618531727e+01, 6.480000762936544e+01, 7.2e+01, 7.919999237063456e+01, 8.640000381468271e+01, 9.359999618531729e+01, 1.008000076293654e+02, 1.08e+02, 1.144799996566867e+02, 1.195199910737685e+02, 1.231200063323247e+02, 1.252799996566409e+02, 1.26e+02, 0e+00, 0e+00, 0e+00, 3.200006413312024e-01, 2e+00, 5.11999748235436e+00, 9.679993667748048e+00, 1.550000762921992e+01, 2.150000381460998e+01, 2.75e+01, 3.349999618539002e+01, 3.949999237078008e+01, 4.550000762921992e+01, 5.150000381460994e+01, 5.75e+01, 6.349999618539006e+01, 6.949999237078008e+01, 7.550000762921988e+01, 8.150000381460994e+01, 8.75e+01, 9.277999584203093e+01, 9.661999870310481e+01, 9.901999870298837e+01, 9.998000259399414e+01, 0e+00, 0e+00, 0e+00, 1.800009989889406e-01, 1.619994664519593e+00, 4.5e+00, 8.820012664009178e+00, 1.45799917601317e+01, 2.160000953688865e+01, 2.879998092767774e+01, 3.6e+01, 4.320001907232226e+01, 5.039999237043088e+01, 5.760000762956921e+01, 6.479998474214219e+01, 7.2e+01, 7.920001525785773e+01, 8.6399992370489e+01, 9.360000762951091e+01, 1.007999847421422e+02, 1.08e+02, 1.14480017851852e+02, 1.19519991073556e+02, 1.231200063324615e+02, 1.252799949648324e+02, 1.26e+02, 0e+00, 0e+00, 0e+00, 3.199977041691348e-01, 2e+00, 5.12000980317539e+00, 9.679993667494879e+00, 1.550000762951092e+01, 2.149998474214219e+01, 2.75e+01, 3.350001525785781e+01, 3.949999237048908e+01, 4.550000762951099e+01, 5.149998474214219e+01, 5.75e+01, 6.350001525785774e+01, 6.949999237048901e+01, 7.550000762951092e+01, 8.149998474214219e+01, 8.75e+01]
fixBouTim.totTimeOutBou=[0e+00, 1.2e+00, 2.4e+00, 3.6e+00, 4.8e+00, 5e+00, 5e+00, 5e+00, 5.59999952316466e+00, 6.799999999999999e+00, 8e+00, 9.199999999999999e+00, 1.04e+01, 1.16e+01, 1.280000095366704e+01, 1.4e+01, 1.519999904633296e+01, 1.64e+01, 1.76e+01, 1.88e+01, 2e+01, 2.12e+01, 2.24e+01, 2.36e+01, 2.48e+01, 2.6e+01, 2.72e+01, 2.839999809268048e+01, 2.960000190731953e+01, 3.079999999998545e+01, 3.2e+01, 3.2e+01, 3.2e+01, 3.2e+01, 3.28e+01, 3.4e+01, 3.52e+01, 3.64e+01, 3.76e+01, 3.88e+01, 4e+01, 4.12e+01, 4.24e+01, 4.36e+01, 4.48e+01, 4.6e+01, 4.72e+01, 4.84e+01, 4.959999999999999e+01, 5.08e+01, 5.2e+01, 5.32e+01, 5.440000000000001e+01, 5.56e+01, 5.679999618553556e+01, 5.7e+01, 5.7e+01, 5.7e+01, 5.76000000000582e+01, 5.879999618553555e+01, 6e+01, 6.120000381446445e+01, 6.23999999999418e+01, 6.36000000000582e+01, 6.48e+01, 6.6e+01, 6.72e+01, 6.840000000000001e+01, 6.960000000000001e+01, 7.08e+01, 7.2e+01, 7.319999999999999e+01, 7.439999999999999e+01, 7.559999999999999e+01, 7.68e+01, 7.8e+01, 7.92e+01, 8.040000000000001e+01, 8.160000000000001e+01, 8.280000000000001e+01, 8.4e+01, 8.4e+01, 8.4e+01, 8.4e+01, 8.48e+01, 8.6e+01, 8.72e+01, 8.840000000000001e+01, 8.959999999999999e+01, 9.08e+01, 9.2e+01, 9.32e+01, 9.440000000000001e+01, 9.560000000000001e+01, 9.68e+01, 9.8e+01, 9.919999999999999e+01, 1.004e+02, 1.016e+02, 1.028e+02, 1.04e+02]
fixBouTimRes.totTimeOutBou=[0e+00, 1.2e+00, 2.4e+00, 3.6e+00, 4.8e+00, 0e+00, 0e+00, 0e+00, 5.999996423734952e-01, 1.799999761582329e+00, 3e+00, 4.199999999999999e+00, 5.400000476835338e+00, 6.599999523164662e+00, 7.800000953670679e+00, 9e+00, 1.019999904633296e+01, 1.14e+01, 1.26e+01, 1.380000095366704e+01, 1.5e+01, 1.62e+01, 1.74e+01, 1.86e+01, 1.98e+01, 2.1e+01, 2.22e+01, 2.339999809268048e+01, 2.460000190731953e+01, 2.579999999998545e+01, 2.7e+01, 0e+00, 0e+00, 0e+00, 8.000007748426516e-01, 2e+00, 3.199999284760629e+00, 4.399998569524903e+00, 5.600001430475097e+00, 6.800000953656131e+00, 8e+00, 9.199999046347507e+00, 1.039999809269502e+01, 1.160000190730498e+01, 1.280000095365249e+01, 1.4e+01, 1.519999904634751e+01, 1.639999809268047e+01, 1.760000190731952e+01, 1.879999999998545e+01, 2e+01, 2.120000000001455e+01, 2.239999809268048e+01, 2.360000190731953e+01, 2.479999618553556e+01, 0e+00, 0e+00, 0e+00, 6.000015497434962e-01, 1.799996900747632e+00, 3e+00, 4.20000286084834e+00, 5.399998569466703e+00, 6.600001430533297e+00, 7.79999713915166e+00, 9e+00, 1.020000286084834e+01, 1.139999809263682e+01, 1.260000190736319e+01, 1.379999713915166e+01, 1.5e+01, 1.620000381446444e+01, 1.739999809262225e+01, 1.860000190737773e+01, 1.979999618553555e+01, 2.1e+01, 2.220000381446445e+01, 2.339999809262227e+01, 2.460000190737775e+01, 2.579999618553556e+01, 2.7e+01, 0e+00, 0e+00, 0e+00, 7.999969603486392e-01, 2e+00, 3.200003099252368e+00, 4.399998569466703e+00, 5.600001430533297e+00, 6.79999713915166e+00, 8e+00, 9.20000286084834e+00, 1.039999809263682e+01, 1.160000190736319e+01, 1.279999713915166e+01, 1.4e+01, 1.520000286084833e+01, 1.639999809262225e+01, 1.760000190737773e+01, 1.879999618553555e+01, 2e+01]
flxBou.T=[2.881499938964844e+02, 2.89350006055829e+02, 2.905499876976247e+02, 2.917500000953731e+02, 2.929500120162855e+02, 2.941499938964844e+02, 2.953500062942614e+02, 2.965499881744603e+02, 2.977499996185085e+02, 2.989500120162855e+02, 3.001499938964844e+02, 3.013500062942614e+02, 3.025499881744603e+02, 3.031499938964844e+02, 3.031499938964844e+02, 3.031499938964844e+02, 3.031499938964844e+02, 3.031499938964844e+02, 3.031499938964844e+02, 3.031499938964844e+02, 3.031499938964844e+02, 3.031499938964844e+02, 3.031499938964844e+02, 3.031499938964844e+02, 3.031499938964844e+02, 3.031499938964844e+02, 3.019500129697815e+02, 3.007500015259371e+02, 2.995499862674973e+02, 2.983500053405471e+02, 2.971499938964844e+02, 2.95950012969767e+02, 2.947500015259371e+02, 2.935499862674973e+02, 2.923500053405471e+02, 2.911499938964844e+02, 2.89950012969767e+02, 2.887500015259371e+02, 2.881499938964844e+02, 2.881499938964844e+02, 2.881499938964844e+02, 2.881499938964844e+02, 2.881499938964844e+02, 2.881499938964844e+02, 2.881499938964844e+02, 2.881499938964844e+02, 2.881499938964844e+02, 2.881499938964844e+02, 2.881499938964844e+02, 2.881499938964844e+02, 2.881499938964844e+02, 2.893500053405471e+02, 2.905499862674973e+02, 2.917500015259371e+02, 2.929500091552734e+02, 2.941499938964844e+02, 2.953500091552734e+02, 2.965499862674391e+02, 2.977500015259953e+02, 2.989500091552734e+02, 3.001499938964844e+02, 3.013500091552734e+02, 3.025499862674391e+02, 3.031499938964844e+02, 3.031499938964844e+02, 3.031499938964844e+02, 3.031499938964844e+02, 3.031499938964844e+02, 3.031499938964844e+02, 3.031499938964844e+02, 3.031499938964844e+02, 3.031499938964844e+02, 3.031499938964844e+02, 3.031499938964844e+02, 3.031499938964844e+02, 3.031499938964844e+02, 3.019500091552734e+02, 3.007500015259953e+02, 2.995499862674391e+02, 2.983500091552734e+02, 2.971499938964844e+02, 2.959500091552734e+02, 2.947500015259953e+02, 2.935499862674391e+02, 2.923500091552734e+02, 2.911499938964844e+02, 2.899500091552734e+02, 2.887500015259953e+02, 2.881499938964844e+02, 2.881499938964844e+02, 2.881499938964844e+02, 2.881499938964844e+02, 2.881499938964844e+02, 2.881499938964844e+02, 2.881499938964844e+02, 2.881499938964844e+02, 2.881499938964844e+02, 2.881499938964844e+02, 2.881499938964844e+02, 2.881499938964844e+02, 2.881499938964844e+02]
flxBou.uppBou=[2.971499938964844e+02, 2.971499938964844e+02]
flxBou.lowBou=[2.931499938964844e+02, 2.931499938964844e+02]
flxBou.degSecOutUppBou=[0e+00, 0e+00, 0e+00, 0e+00, 0e+00, 0e+00, 0e+00, 0e+00, 1.799997973449806e-01, 1.619999670983723e+00, 4.5e+00, 8.820000505444657e+00, 1.458000200270842e+01, 2.159999809265865e+01, 2.880000381468272e+01, 3.6e+01, 4.319999618530273e+01, 5.040000381468273e+01, 5.759999618531727e+01, 6.480000762936544e+01, 7.2e+01, 7.919999237063456e+01, 8.640000381468271e+01, 9.359999618531729e+01, 1.008000076293654e+02, 1.08e+02, 1.144799996566867e+02, 1.195199910737685e+02, 1.231200063323247e+02, 1.252799996566409e+02, 1.26e+02, 1.26e+02, 1.26e+02, 1.26e+02, 1.26e+02, 1.26e+02, 1.26e+02, 1.26e+02, 1.26e+02, 1.26e+02, 1.26e+02, 1.26e+02, 1.26e+02, 1.26e+02, 1.26e+02, 1.26e+02, 1.26e+02, 1.26e+02, 1.26e+02, 1.26e+02, 1.26e+02, 1.26e+02, 1.26e+02, 1.26e+02, 1.26e+02, 1.26e+02, 1.26e+02, 1.26e+02, 1.261800012970495e+02, 1.276199974062387e+02, 1.305e+02, 1.348200202930254e+02, 1.405799936674221e+02, 1.47600015258789e+02, 1.547999847421422e+02, 1.62e+02, 1.692000152578578e+02, 1.76399984741211e+02, 1.836000152587891e+02, 1.907999847421422e+02, 1.98e+02, 2.052000152578577e+02, 2.123999847412109e+02, 2.19600015258789e+02, 2.267999847421422e+02, 2.34e+02, 2.404800102226902e+02, 2.455199987028342e+02, 2.49119998703067e+02, 2.512799949648324e+02, 2.52e+02, 2.52e+02, 2.52e+02, 2.52e+02, 2.52e+02, 2.52e+02, 2.52e+02, 2.52e+02, 2.52e+02, 2.52e+02, 2.52e+02, 2.52e+02, 2.52e+02, 2.52e+02, 2.52e+02, 2.52e+02, 2.52e+02, 2.52e+02, 2.52e+02, 2.52e+02, 2.52e+02]
flxBou.degSecOutLowBou=[0e+00, -5.280000026225978e+00, -9.119999632835421e+00, -1.152000058650883e+01, -1.247999949455352e+01, -1.25e+01, -1.25e+01, -1.25e+01, -1.25e+01, -1.25e+01, -1.25e+01, -1.25e+01, -1.25e+01, -1.25e+01, -1.25e+01, -1.25e+01, -1.25e+01, -1.25e+01, -1.25e+01, -1.25e+01, -1.25e+01, -1.25e+01, -1.25e+01, -1.25e+01, -1.25e+01, -1.25e+01, -1.25e+01, -1.25e+01, -1.25e+01, -1.25e+01, -1.25e+01, -1.25e+01, -1.25e+01, -1.25e+01, -1.282000034330821e+01, -1.45e+01, -1.761999843602504e+01, -2.21799936677626e+01, -2.800000762921992e+01, -3.400000381460998e+01, -4e+01, -4.599999618539002e+01, -5.199999237078008e+01, -5.800000762921992e+01, -6.400000381460994e+01, -7e+01, -7.599999618539006e+01, -8.199999237078008e+01, -8.800000762921988e+01, -9.400000381460994e+01, -1e+02, -1.052799958420309e+02, -1.091199987031048e+02, -1.115199987029884e+02, -1.124800025939941e+02, -1.125e+02, -1.125e+02, -1.125e+02, -1.125e+02, -1.125e+02, -1.125e+02, -1.125e+02, -1.125e+02, -1.125e+02, -1.125e+02, -1.125e+02, -1.125e+02, -1.125e+02, -1.125e+02, -1.125e+02, -1.125e+02, -1.125e+02, -1.125e+02, -1.125e+02, -1.125e+02, -1.125e+02, -1.125e+02, -1.125e+02, -1.125e+02, -1.125e+02, -1.125e+02, -1.125e+02, -1.125e+02, -1.125e+02, -1.128199974062387e+02, -1.145e+02, -1.176200126640965e+02, -1.221799936675385e+02, -1.280000076295109e+02, -1.339999847421422e+02, -1.4e+02, -1.460000152578578e+02, -1.519999923704891e+02, -1.58000007629511e+02, -1.639999847421422e+02, -1.7e+02, -1.760000152578577e+02, -1.81999992370489e+02, -1.880000076295109e+02, -1.939999847421422e+02, -2e+02]
flxBou.totDegSecOutBou=[0e+00, 5.280000026225978e+00, 9.119999632835421e+00, 1.152000058650883e+01, 1.247999949455352e+01, 1.25e+01, 1.25e+01, 1.25e+01, 1.268000009536707e+01, 1.411999955177398e+01, 1.7e+01, 2.132000050544648e+01, 2.708000200270842e+01, 3.409999618531729e+01, 4.130000381469727e+01, 4.85e+01, 5.569999618530273e+01, 6.290000381468273e+01, 7.009999618531727e+01, 7.730000762936544e+01, 8.45e+01, 9.169999237063456e+01, 9.890000381468271e+01, 1.060999961853173e+02, 1.133000076293654e+02, 1.205e+02, 1.269799996566867e+02, 1.320199987030466e+02, 1.356199987029302e+02, 1.377799996566991e+02, 1.385e+02, 1.385e+02, 1.385e+02, 1.385e+02, 1.388200079726373e+02, 1.405e+02, 1.436199927139646e+02, 1.481799860383972e+02, 1.540000076292199e+02, 1.6000000381461e+02, 1.66e+02, 1.7199999618539e+02, 1.779999923707801e+02, 1.840000076292199e+02, 1.9000000381461e+02, 1.96e+02, 2.0199999618539e+02, 2.079999923707801e+02, 2.140000076292199e+02, 2.2000000381461e+02, 2.26e+02, 2.312799958420891e+02, 2.351199910737103e+02, 2.375200063322665e+02, 2.384799949648324e+02, 2.385e+02, 2.385e+02, 2.385e+02, 2.386799936676549e+02, 2.401199897773098e+02, 2.43e+02, 2.473200202930254e+02, 2.530799936674221e+02, 2.601000152590219e+02, 2.672999694842844e+02, 2.745e+02, 2.817000305157156e+02, 2.888999847409781e+02, 2.96100015259022e+02, 3.032999694842844e+02, 3.105e+02, 3.177000305157155e+02, 3.24899984740978e+02, 3.321000152590219e+02, 3.392999694842844e+02, 3.465e+02, 3.52980025480548e+02, 3.580199834442779e+02, 3.616199987032998e+02, 3.637799949648324e+02, 3.645e+02, 3.645e+02, 3.645e+02, 3.645e+02, 3.648200050351676e+02, 3.665e+02, 3.696200050351676e+02, 3.74179986038144e+02, 3.800000076295109e+02, 3.859999847421422e+02, 3.92e+02, 3.980000152578578e+02, 4.039999923704891e+02, 4.10000007629511e+02, 4.159999847421422e+02, 4.22e+02, 4.280000152578577e+02, 4.33999992370489e+02, 4.400000076295109e+02, 4.459999847421422e+02, 4.52e+02]
din16798_1.T=[2.881499938964844e+02, 2.89350006055829e+02, 2.905499876976247e+02, 2.917500000953731e+02, 2.929500120162855e+02, 2.941499938964844e+02, 2.953500062942614e+02, 2.965499881744603e+02, 2.977499996185085e+02, 2.989500120162855e+02, 3.001499938964844e+02, 3.013500062942614e+02, 3.025499881744603e+02, 3.031499938964844e+02, 3.031499938964844e+02, 3.031499938964844e+02, 3.031499938964844e+02, 3.031499938964844e+02, 3.031499938964844e+02, 3.031499938964844e+02, 3.031499938964844e+02, 3.031499938964844e+02, 3.031499938964844e+02, 3.031499938964844e+02, 3.031499938964844e+02, 3.031499938964844e+02, 3.019500129697815e+02, 3.007500015259371e+02, 2.995499862674973e+02, 2.983500053405471e+02, 2.971499938964844e+02, 2.95950012969767e+02, 2.947500015259371e+02, 2.935499862674973e+02, 2.923500053405471e+02, 2.911499938964844e+02, 2.89950012969767e+02, 2.887500015259371e+02, 2.881499938964844e+02, 2.881499938964844e+02, 2.881499938964844e+02, 2.881499938964844e+02, 2.881499938964844e+02, 2.881499938964844e+02, 2.881499938964844e+02, 2.881499938964844e+02, 2.881499938964844e+02, 2.881499938964844e+02, 2.881499938964844e+02, 2.881499938964844e+02, 2.881499938964844e+02, 2.893500053405471e+02, 2.905499862674973e+02, 2.917500015259371e+02, 2.929500091552734e+02, 2.941499938964844e+02, 2.953500091552734e+02, 2.965499862674391e+02, 2.977500015259953e+02, 2.989500091552734e+02, 3.001499938964844e+02, 3.013500091552734e+02, 3.025499862674391e+02, 3.031499938964844e+02, 3.031499938964844e+02, 3.031499938964844e+02, 3.031499938964844e+02, 3.031499938964844e+02, 3.031499938964844e+02, 3.031499938964844e+02, 3.031499938964844e+02, 3.031499938964844e+02, 3.031499938964844e+02, 3.031499938964844e+02, 3.031499938964844e+02, 3.031499938964844e+02, 3.019500091552734e+02, 3.007500015259953e+02, 2.995499862674391e+02, 2.983500091552734e+02, 2.971499938964844e+02, 2.959500091552734e+02, 2.947500015259953e+02, 2.935499862674391e+02, 2.923500091552734e+02, 2.911499938964844e+02, 2.899500091552734e+02, 2.887500015259953e+02, 2.881499938964844e+02, 2.881499938964844e+02, 2.881499938964844e+02, 2.881499938964844e+02, 2.881499938964844e+02, 2.881499938964844e+02, 2.881499938964844e+02, 2.881499938964844e+02, 2.881499938964844e+02, 2.881499938964844e+02, 2.881499938964844e+02, 2.881499938964844e+02, 2.881499938964844e+02]
din16798_1.comT.TComUppBou=[2.971499938964844e+02, 2.971499938964844e+02, 2.971499938964844e+02, 2.971499938964844e+02, 2.971499938964844e+02, 2.971499938964844e+02, 2.971499938964844e+02, 2.971499938964844e+02, 2.971499938964844e+02, 2.971499938964844e+02, 2.971499938964844e+02, 2.971499938964844e+02, 2.971499938964844e+02, 2.971499938964844e+02, 2.971499938964844e+02, 2.971499938964844e+02, 2.971499938964844e+02, 2.971499938964844e+02, 2.971499938964844e+02, 2.971499938964844e+02, 2.971499938964844e+02, 2.971499938964844e+02, 2.971499938964844e+02, 2.971499938964844e+02, 2.971499938964844e+02, 2.971499938964844e+02, 2.971499938964844e+02, 2.971499938964844e+02, 2.971499938964844e+02, 2.971499938964844e+02, 2.971499938964844e+02, 2.974500120161145e+02, 2.977499996186322e+02, 2.980499881748023e+02, 2.983500062941995e+02, 2.986499938964844e+02, 2.989500120161145e+02, 2.992499996186322e+02, 2.995499881748023e+02, 2.998500062941995e+02, 3.001499938964844e+02, 3.004500120161145e+02, 3.007499996186322e+02, 3.010499881748023e+02, 3.011499938964844e+02, 3.011499938964844e+02, 3.011499938964844e+02, 3.011499938964844e+02, 3.011499938964844e+02, 3.011499938964844e+02, 3.011499938964844e+02, 3.011499938964844e+02, 3.011499938964844e+02, 3.011499938964844e+02, 3.011499938964844e+02, 3.011499938964844e+02, 3.011499938964844e+02, 3.010499881748169e+02, 3.007499996186176e+02, 3.004500129697379e+02, 3.001499938964844e+02, 2.99850005340809e+02, 2.995499881748168e+02, 2.992499996186176e+02, 2.989500129697379e+02, 2.986499938964844e+02, 2.98350005340809e+02, 2.980499881748168e+02, 2.977499996186176e+02, 2.974500129697379e+02, 2.971499938964844e+02, 2.971499938964844e+02, 2.971499938964844e+02, 2.971499938964844e+02, 2.971499938964844e+02, 2.971499938964844e+02, 2.971499938964844e+02, 2.971499938964844e+02, 2.971499938964844e+02, 2.971499938964844e+02, 2.971499938964844e+02, 2.971499938964844e+02, 2.971499938964844e+02, 2.971499938964844e+02, 2.971499938964844e+02, 2.971499938964844e+02, 2.971499938964844e+02, 2.971499938964844e+02, 2.971499938964844e+02, 2.971499938964844e+02, 2.971499938964844e+02, 2.971499938964844e+02, 2.971499938964844e+02, 2.971499938964844e+02, 2.971499938964844e+02, 2.971499938964844e+02, 2.971499938964844e+02, 2.971499938964844e+02, 2.971499938964844e+02, 2.971499938964844e+02, 2.971499938964844e+02]
din16798_1.comT.TComLowBou=[2.931499938964844e+02, 2.931499938964844e+02, 2.931499938964844e+02, 2.931499938964844e+02, 2.931499938964844e+02, 2.931499938964844e+02, 2.931499938964844e+02, 2.931499938964844e+02, 2.931499938964844e+02, 2.931499938964844e+02, 2.931499938964844e+02, 2.931499938964844e+02, 2.931499938964844e+02, 2.931499938964844e+02, 2.931499938964844e+02, 2.931499938964844e+02, 2.931499938964844e+02, 2.931499938964844e+02, 2.931499938964844e+02, 2.931499938964844e+02, 2.931499938964844e+02, 2.931499938964844e+02, 2.931499938964844e+02, 2.931499938964844e+02, 2.931499938964844e+02, 2.931499938964844e+02, 2.931499938964844e+02, 2.931499938964844e+02, 2.931499938964844e+02, 2.931499938964844e+02, 2.931499938964844e+02, 2.934500120161145e+02, 2.937499996186322e+02, 2.940499881748023e+02, 2.943500062941995e+02, 2.946499938964844e+02, 2.949500120161145e+02, 2.952499996186322e+02, 2.955499881748023e+02, 2.958500062941995e+02, 2.961499938964844e+02, 2.964500120161145e+02, 2.967499996186322e+02, 2.970499881748023e+02, 2.971499938964844e+02, 2.971499938964844e+02, 2.971499938964844e+02, 2.971499938964844e+02, 2.971499938964844e+02, 2.971499938964844e+02, 2.971499938964844e+02, 2.971499938964844e+02, 2.971499938964844e+02, 2.971499938964844e+02, 2.971499938964844e+02, 2.971499938964844e+02, 2.971499938964844e+02, 2.970499881748169e+02, 2.967499996186176e+02, 2.964500129697379e+02, 2.961499938964844e+02, 2.95850005340809e+02, 2.955499881748168e+02, 2.952499996186176e+02, 2.949500129697379e+02, 2.946499938964844e+02, 2.94350005340809e+02, 2.940499881748168e+02, 2.937499996186176e+02, 2.934500129697379e+02, 2.931499938964844e+02, 2.931499938964844e+02, 2.931499938964844e+02, 2.931499938964844e+02, 2.931499938964844e+02, 2.931499938964844e+02, 2.931499938964844e+02, 2.931499938964844e+02, 2.931499938964844e+02, 2.931499938964844e+02, 2.931499938964844e+02, 2.931499938964844e+02, 2.931499938964844e+02, 2.931499938964844e+02, 2.931499938964844e+02, 2.931499938964844e+02, 2.931499938964844e+02, 2.931499938964844e+02, 2.931499938964844e+02, 2.931499938964844e+02, 2.931499938964844e+02, 2.931499938964844e+02, 2.931499938964844e+02, 2.931499938964844e+02, 2.931499938964844e+02, 2.931499938964844e+02, 2.931499938964844e+02, 2.931499938964844e+02, 2.931499938964844e+02, 2.931499938964844e+02, 2.931499938964844e+02]
din16798_1.TAmb=[2.631499938964844e+02, 2.631499938964844e+02, 2.631499938964844e+02, 2.631499938964844e+02, 2.631499938964844e+02, 2.631499938964844e+02, 2.631499938964844e+02, 2.631499938964844e+02, 2.631499938964844e+02, 2.639500120162855e+02, 2.651499938964844e+02, 2.663500062942614e+02, 2.675499881744603e+02, 2.687499996185085e+02, 2.699500129697815e+02, 2.711499938964844e+02, 2.723500053405325e+02, 2.735499881744603e+02, 2.747499996185085e+02, 2.759500129697815e+02, 2.771499938964844e+02, 2.783500053405325e+02, 2.795499881744603e+02, 2.807499996185085e+02, 2.819500129697815e+02, 2.831499938964844e+02, 2.843500053405325e+02, 2.855499862674973e+02, 2.867500015259371e+02, 2.87950012969767e+02, 2.891499938964844e+02, 2.903500053405471e+02, 2.915499862674973e+02, 2.927500015259371e+02, 2.93950012969767e+02, 2.951499938964844e+02, 2.963500053405471e+02, 2.975499862674973e+02, 2.987500015259371e+02, 2.99950012969767e+02, 3.011499938964844e+02, 3.023500053405471e+02, 3.035499862674973e+02, 3.047500015259371e+02, 3.05950012969767e+02, 3.071499938964844e+02, 3.083500053405471e+02, 3.095499862674973e+02, 3.107500015259371e+02, 3.11950012969767e+02, 3.131499938964844e+02, 3.11950012969767e+02, 3.107500015259371e+02, 3.095499862674973e+02, 3.083500091552734e+02, 3.071499938964844e+02, 3.059500091552734e+02, 3.047500015259953e+02, 3.035499862674391e+02, 3.023500091552734e+02, 3.011499938964844e+02, 2.999500091552734e+02, 2.987500015259953e+02, 2.975499862674391e+02, 2.963500091552734e+02, 2.951499938964844e+02, 2.939500091552734e+02, 2.927500015259953e+02, 2.915499862674391e+02, 2.903500091552734e+02, 2.891499938964844e+02, 2.879500091552734e+02, 2.867500015259953e+02, 2.855499862674391e+02, 2.843500091552734e+02, 2.831499938964844e+02, 2.819500091552734e+02, 2.807500015259953e+02, 2.795499862674391e+02, 2.783500091552734e+02, 2.771499938964844e+02, 2.759500091552734e+02, 2.747500015259953e+02, 2.735499862674391e+02, 2.723500091552734e+02, 2.711499938964844e+02, 2.699500091552734e+02, 2.687500015259953e+02, 2.675499862674391e+02, 2.663500091552734e+02, 2.651499938964844e+02, 2.639500091552734e+02, 2.631499938964844e+02, 2.631499938964844e+02, 2.631499938964844e+02, 2.631499938964844e+02, 2.631499938964844e+02, 2.631499938964844e+02, 2.631499938964844e+02, 2.631499938964844e+02, 2.631499938964844e+02]
din16798_1.degSecOutUppBou=[0e+00, 0e+00, 0e+00, 0e+00, 0e+00, 0e+00, 0e+00, 0e+00, 1.799997973449806e-01, 1.619999670983723e+00, 4.5e+00, 8.820000505444657e+00, 1.458000200270842e+01, 2.159999809265865e+01, 2.880000381468272e+01, 3.6e+01, 4.319999618530273e+01, 5.040000381468273e+01, 5.759999618531727e+01, 6.480000762936544e+01, 7.2e+01, 7.919999237063456e+01, 8.640000381468271e+01, 9.359999618531729e+01, 1.008000076293654e+02, 1.08e+02, 1.144799996566867e+02, 1.195199910737685e+02, 1.231200063323247e+02, 1.252799996566409e+02, 1.259997024536133e+02, 1.259997024536133e+02, 1.259997024536133e+02, 1.259997024536133e+02, 1.259997024536133e+02, 1.259997024536133e+02, 1.259997024536133e+02, 1.259997024536133e+02, 1.259997024536133e+02, 1.259997024536133e+02, 1.259997024536133e+02, 1.259997024536133e+02, 1.259997024536133e+02, 1.259997024536133e+02, 1.259997024536133e+02, 1.259997024536133e+02, 1.259997024536133e+02, 1.259997024536133e+02, 1.259997024536133e+02, 1.259997024536133e+02, 1.259997024536133e+02, 1.259997024536133e+02, 1.259997024536133e+02, 1.259997024536133e+02, 1.259997024536133e+02, 1.259997024536133e+02, 1.259997024536133e+02, 1.259997024536133e+02, 1.259997024536133e+02, 1.259997024536133e+02, 1.259997024536133e+02, 1.268997011181782e+02, 1.295996964454433e+02, 1.339196989632657e+02, 1.387796808251528e+02, 1.439996948242188e+02, 1.495797113408684e+02, 1.555196913337548e+02, 1.618197104072993e+02, 1.684796884545474e+02, 1.755012969970703e+02, 1.827013122544624e+02, 1.899012817380484e+02, 1.971012969973031e+02, 2.043012664808891e+02, 2.115012969970703e+02, 2.179813072197605e+02, 2.230212804413482e+02, 2.266212957001373e+02, 2.287812919619028e+02, 2.295012969970703e+02, 2.295012969970703e+02, 2.295012969970703e+02, 2.295012969970703e+02, 2.295012969970703e+02, 2.295012969970703e+02, 2.295012969970703e+02, 2.295012969970703e+02, 2.295012969970703e+02, 2.295012969970703e+02, 2.295012969970703e+02, 2.295012969970703e+02, 2.295012969970703e+02, 2.295012969970703e+02, 2.295012969970703e+02, 2.295012969970703e+02, 2.295012969970703e+02, 2.295012969970703e+02, 2.295012969970703e+02, 2.295012969970703e+02, 2.295012969970703e+02]
din16798_1.degSecOutLowBou=[0e+00, -5.280000026225978e+00, -9.119999632835421e+00, -1.152000058650883e+01, -1.247999949455352e+01, -1.25e+01, -1.25e+01, -1.25e+01, -1.25e+01, -1.25e+01, -1.25e+01, -1.25e+01, -1.25e+01, -1.25e+01, -1.25e+01, -1.25e+01, -1.25e+01, -1.25e+01, -1.25e+01, -1.25e+01, -1.25e+01, -1.25e+01, -1.25e+01, -1.25e+01, -1.25e+01, -1.25e+01, -1.25e+01, -1.25e+01, -1.25e+01, -1.25e+01, -1.25e+01, -1.25e+01, -1.25e+01, -1.260000123975115e+01, -1.410000195499052e+01, -1.739999961853027e+01, -2.249999623307556e+01, -2.939998979592127e+01, -3.792000947930808e+01, -4.698000542628503e+01, -5.640000152587891e+01, -6.617999398245509e+01, -7.631998659164832e+01, -8.682113481503055e+01, -9.760129470810641e+01, -1.084012832641602e+02, -1.192012794496084e+02, -1.300012680057785e+02, -1.408012985227745e+02, -1.516012947080482e+02, -1.624012908935547e+02, -1.724812867356438e+02, -1.81121281967265e+02, -1.883212972258212e+02, -1.940812706000637e+02, -1.984012908935547e+02, -2.012812858579215e+02, -2.027003165248185e+02, -2.028002777099609e+02, -2.028002777099609e+02, -2.028002777099609e+02, -2.028002777099609e+02, -2.028002777099609e+02, -2.028002777099609e+02, -2.028002777099609e+02, -2.028002777099609e+02, -2.028002777099609e+02, -2.028002777099609e+02, -2.028002777099609e+02, -2.028002777099609e+02, -2.028002777099609e+02, -2.028002777099609e+02, -2.028002777099609e+02, -2.028002777099609e+02, -2.028002777099609e+02, -2.028002777099609e+02, -2.028002777099609e+02, -2.028002777099609e+02, -2.028002777099609e+02, -2.028002777099609e+02, -2.028002777099609e+02, -2.028002777099609e+02, -2.028002777099609e+02, -2.028002777099609e+02, -2.031202674868051e+02, -2.048002777099609e+02, -2.079202827446629e+02, -2.124802637481049e+02, -2.183002853394719e+02, -2.243002624521031e+02, -2.303002777099609e+02, -2.363002929678187e+02, -2.4230027008045e+02, -2.483002853394719e+02, -2.543002624521031e+02, -2.603002624511719e+02, -2.663002777090296e+02, -2.723002548216609e+02, -2.783002700806828e+02, -2.843002471933141e+02, -2.903002624511719e+02]
din16798_1.totDegSecOutBou=[0e+00, 5.280000026225978e+00, 9.119999632835421e+00, 1.152000058650883e+01, 1.247999949455352e+01, 1.25e+01, 1.25e+01, 1.25e+01, 1.268000009536707e+01, 1.411999955177398e+01, 1.7e+01, 2.132000050544648e+01, 2.708000200270842e+01, 3.409999618531729e+01, 4.130000381469727e+01, 4.85e+01, 5.569999618530273e+01, 6.290000381468273e+01, 7.009999618531727e+01, 7.730000762936544e+01, 8.45e+01, 9.169999237063456e+01, 9.890000381468271e+01, 1.060999961853173e+02, 1.133000076293654e+02, 1.205e+02, 1.269799996566867e+02, 1.320199987030466e+02, 1.356199987029302e+02, 1.377799996566991e+02, 1.384996948242188e+02, 1.384996948242188e+02, 1.384996948242188e+02, 1.385997017859285e+02, 1.400997025012843e+02, 1.433997039794922e+02, 1.48499691057338e+02, 1.55399694156825e+02, 1.63919704303585e+02, 1.729797116945083e+02, 1.823997039794922e+02, 1.921796964360684e+02, 2.023196890452616e+02, 2.128208296393657e+02, 2.236009895323834e+02, 2.344009857177734e+02, 2.452009819031635e+02, 2.560009628299973e+02, 2.668010086055496e+02, 2.77600989532267e+02, 2.884010009765625e+02, 2.984809815598626e+02, 3.071209920502728e+02, 3.143209920500399e+02, 3.200809806826059e+02, 3.244010009765625e+02, 3.272809806826058e+02, 3.287000113492701e+02, 3.287999877929688e+02, 3.287999877929688e+02, 3.287999877929688e+02, 3.296999864575337e+02, 3.32399958896848e+02, 3.367199766734594e+02, 3.415799737934372e+02, 3.467999877929688e+02, 3.52379989051295e+02, 3.583199690434829e+02, 3.64619972858704e+02, 3.712799509057193e+02, 3.783015747070312e+02, 3.855015747060999e+02, 3.927015594480093e+02, 3.99901559448475e+02, 4.071015441903844e+02, 4.143015747070312e+02, 4.207815696709324e+02, 4.258215581513091e+02, 4.294215734098654e+02, 4.315815696718637e+02, 4.323015747070312e+02, 4.323015747070312e+02, 4.323015747070312e+02, 4.323015747070312e+02, 4.32621549225552e+02, 4.343015747070312e+02, 4.374215797412676e+02, 4.419815607451753e+02, 4.478015823365422e+02, 4.538015594491735e+02, 4.598015747070312e+02, 4.65801589964889e+02, 4.718015670775203e+02, 4.778015823365423e+02, 4.838015594491735e+02, 4.898015747070312e+02, 4.95801589964889e+02, 5.018015670775202e+02, 5.078015823365422e+02, 5.138015594491734e+02, 5.198015747070312e+02]
