last-generated=2024-07-24
statistics-initialization=
{
  "linear": "5, 5, 5, 5, 5"
}
statistics-simulation=
{
  "linear": "0, 4, 0, 0, 4, 0, 0, 4, 0, 0, 4, 0, 0, 4, 0",
  "nonlinear": "1, 1, 0, 0, 1, 0, 1, 0, 1, 0, 1, 0, 1, 0, 1, 0, 1, 0, 1, 0, 1, 0, 1, 0, 1, 0, 1,   0, 1, 0, 1, 0, 1",
  "number of continuous time states": "35",
  "numerical Jacobians": "0"
}
time=[0e+00, 8.64e+05]
multizone.TAir[1]=[2.931499938964844e+02, 2.931496337890625e+02, 2.931488098144531e+02, 2.931493453979492e+02, 2.931511901855469e+02, 2.931484680175781e+02, 2.931531494140625e+02, 2.931461120605469e+02, 2.931509460449219e+02, 2.93150439453125e+02, 2.931499938964844e+02, 2.931501831054687e+02, 2.9315068359375e+02, 2.931482038199972e+02, 2.932134937074227e+02, 2.933107604980469e+02, 2.937513826195699e+02, 2.931495215432354e+02, 2.931510681152344e+02, 2.931498046875e+02, 2.931499328613281e+02, 2.931502197265625e+02, 2.931498046875e+02, 2.931509288441051e+02, 2.935690612792969e+02, 2.934941711425781e+02, 2.941831146189958e+02, 2.934047912597656e+02, 2.931504760742188e+02, 2.931496887207031e+02, 2.931499633789062e+02, 2.931501037597656e+02, 2.931495910644531e+02, 2.931567055838449e+02, 2.931483032226562e+02, 2.932969665527344e+02, 2.935845353467501e+02, 2.931936943916632e+02, 2.931509521484375e+02, 2.931498657226563e+02, 2.931498413085938e+02, 2.931494384765625e+02, 2.931498657226563e+02, 2.931727070405035e+02, 2.931496826171875e+02, 2.933132629394531e+02, 2.938970947265625e+02, 2.932719055175781e+02, 2.931509338378906e+02, 2.931499267578125e+02, 2.931497802734375e+02, 2.931498413085938e+02, 2.931497741699219e+02, 2.931693479148765e+02, 2.931911448276767e+02, 2.931486511230469e+02, 2.936302778565138e+02, 2.93149677760986e+02, 2.931509338378906e+02, 2.931498596191406e+02, 2.9314990234375e+02, 2.931494140625e+02, 2.931499328613281e+02, 2.931448793883751e+02, 2.931944922988811e+02, 2.931480712890625e+02, 2.934085992295325e+02, 2.931482758721461e+02, 2.931508972167969e+02, 2.931498596191406e+02, 2.931498107910156e+02, 2.931498718261719e+02, 2.931498046875e+02, 2.931344241097137e+02, 2.931993591308594e+02, 2.933778381347656e+02, 2.939971740722656e+02, 2.932966979980469e+02, 2.931507873535156e+02, 2.931499206542969e+02, 2.931497802734375e+02, 2.931496520996094e+02, 2.931499145507813e+02, 2.931628356913438e+02, 2.932561767578125e+02, 2.933917236328125e+02, 2.937580934168324e+02, 2.932576721191406e+02, 2.931508972167969e+02, 2.931497497558594e+02, 2.931498413085938e+02, 2.931497436523438e+02, 2.931498413085938e+02, 2.931731452206777e+02, 2.932128601074219e+02, 2.932719116210938e+02, 2.936985775542741e+02, 2.932139223083969e+02, 2.931508666992187e+02, 2.931498107910156e+02, 2.931498413085938e+02]
multizone.TAir[2]=[2.931499938964844e+02, 2.931496337890625e+02, 2.931488098144531e+02, 2.931493606567383e+02, 2.931518798828125e+02, 2.931522827148438e+02, 2.931530700683594e+02, 2.931492736816406e+02, 2.93150927734375e+02, 2.93150439453125e+02, 2.931499633789062e+02, 2.931501586914063e+02, 2.931506652832031e+02, 2.931490652825773e+02, 2.932979093012078e+02, 2.938450012207031e+02, 2.938378981642715e+02, 2.935729237741767e+02, 2.931510559082031e+02, 2.931498046875e+02, 2.9314990234375e+02, 2.931501892089844e+02, 2.931497924804688e+02, 2.933024125532671e+02, 2.936813781738281e+02, 2.940998229980469e+02, 2.943201861898376e+02, 2.939277526855469e+02, 2.931500244140625e+02, 2.93149658203125e+02, 2.931499328613281e+02, 2.931500732421875e+02, 2.931495727539062e+02, 2.932220655168806e+02, 2.932965515136719e+02, 2.93781494140625e+02, 2.937071069874217e+02, 2.93697467281814e+02, 2.931505554199219e+02, 2.931498352050781e+02, 2.931498107910156e+02, 2.931494079589844e+02, 2.931498352050781e+02, 2.931770717896878e+02, 2.932527099609375e+02, 2.938229370117188e+02, 2.940389099121094e+02, 2.938015625e+02, 2.931497680664062e+02, 2.931498962402344e+02, 2.931497497558594e+02, 2.931498107910156e+02, 2.93149755859375e+02, 2.931879058263754e+02, 2.933602298510245e+02, 2.93556640625e+02, 2.937645215706087e+02, 2.936463866077655e+02, 2.931509033203125e+02, 2.931498291015625e+02, 2.931498718261719e+02, 2.931493835449219e+02, 2.9314990234375e+02, 2.932684200074511e+02, 2.933388697265401e+02, 2.933621215820312e+02, 2.935390336623767e+02, 2.935268299508789e+02, 2.931508666992187e+02, 2.931498291015625e+02, 2.931497802734375e+02, 2.931498413085938e+02, 2.931497863769531e+02, 2.931341472263126e+02, 2.933452392578125e+02, 2.939522094726562e+02, 2.94152880859375e+02, 2.938382507324219e+02, 2.931499267578125e+02, 2.931498901367187e+02, 2.931497497558594e+02, 2.931496459960937e+02, 2.9314990234375e+02, 2.932044315080938e+02, 2.934279968261719e+02, 2.938678588867188e+02, 2.938970529605423e+02, 2.937836303710938e+02, 2.931497436523438e+02, 2.931497192382812e+02, 2.931498107910156e+02, 2.931497131347656e+02, 2.931498107910156e+02, 2.931745194707396e+02, 2.9338408203125e+02, 2.937470092773438e+02, 2.938297787188916e+02, 2.937325969032803e+02, 2.931504211425781e+02, 2.931497802734375e+02, 2.931498107910156e+02]
multizone.TAir[3]=[2.931499938964844e+02, 2.931496337890625e+02, 2.931488098144531e+02, 2.931493606567383e+02, 2.931518798828125e+02, 2.931522827148438e+02, 2.931530700683594e+02, 2.931492736816406e+02, 2.93150927734375e+02, 2.93150439453125e+02, 2.931499633789062e+02, 2.931501586914063e+02, 2.931506652832031e+02, 2.931490652825773e+02, 2.932979093012078e+02, 2.938450012207031e+02, 2.938378981642715e+02, 2.935729237741767e+02, 2.931510559082031e+02, 2.931498046875e+02, 2.9314990234375e+02, 2.931501892089844e+02, 2.931497924804688e+02, 2.933024125532671e+02, 2.936813781738281e+02, 2.940998229980469e+02, 2.943201861898376e+02, 2.939277526855469e+02, 2.931500244140625e+02, 2.93149658203125e+02, 2.931499328613281e+02, 2.931500732421875e+02, 2.931495727539062e+02, 2.932220655168806e+02, 2.932965515136719e+02, 2.93781494140625e+02, 2.937071069874217e+02, 2.93697467281814e+02, 2.931505554199219e+02, 2.931498352050781e+02, 2.931498107910156e+02, 2.931494079589844e+02, 2.931498352050781e+02, 2.931770717896878e+02, 2.932527099609375e+02, 2.938229370117188e+02, 2.940389099121094e+02, 2.938015625e+02, 2.931497680664062e+02, 2.931498962402344e+02, 2.931497497558594e+02, 2.931498107910156e+02, 2.93149755859375e+02, 2.931879058263754e+02, 2.933602298510245e+02, 2.93556640625e+02, 2.937645215706087e+02, 2.936463866077655e+02, 2.931509033203125e+02, 2.931498291015625e+02, 2.931498718261719e+02, 2.931493835449219e+02, 2.9314990234375e+02, 2.932684200074511e+02, 2.933388697265401e+02, 2.933621215820312e+02, 2.935390336623767e+02, 2.935268299508789e+02, 2.931508666992187e+02, 2.931498291015625e+02, 2.931497802734375e+02, 2.931498413085938e+02, 2.931497863769531e+02, 2.931341472263126e+02, 2.933452392578125e+02, 2.939522094726562e+02, 2.94152880859375e+02, 2.938382507324219e+02, 2.931499267578125e+02, 2.931498901367187e+02, 2.931497497558594e+02, 2.931496459960937e+02, 2.9314990234375e+02, 2.932044315080938e+02, 2.934279968261719e+02, 2.938678588867188e+02, 2.938970529605423e+02, 2.937836303710938e+02, 2.931497436523438e+02, 2.931497192382812e+02, 2.931498107910156e+02, 2.931497131347656e+02, 2.931498107910156e+02, 2.931745194707396e+02, 2.9338408203125e+02, 2.937470092773438e+02, 2.938297787188916e+02, 2.937325969032803e+02, 2.931504211425781e+02, 2.931497802734375e+02, 2.931498107910156e+02]
multizone.TAir[4]=[2.931499938964844e+02, 2.931496337890625e+02, 2.931488098144531e+02, 2.931493606567383e+02, 2.931518798828125e+02, 2.931522827148438e+02, 2.931530700683594e+02, 2.931492736816406e+02, 2.93150927734375e+02, 2.93150439453125e+02, 2.931499633789062e+02, 2.931501586914063e+02, 2.931506652832031e+02, 2.931490652825773e+02, 2.932979093012078e+02, 2.938450012207031e+02, 2.938378981642715e+02, 2.935729237741767e+02, 2.931510559082031e+02, 2.931498046875e+02, 2.9314990234375e+02, 2.931501892089844e+02, 2.931497924804688e+02, 2.933024125532671e+02, 2.936813781738281e+02, 2.940998229980469e+02, 2.943201861898376e+02, 2.939277526855469e+02, 2.931500244140625e+02, 2.93149658203125e+02, 2.931499328613281e+02, 2.931500732421875e+02, 2.931495727539062e+02, 2.932220655168806e+02, 2.932965515136719e+02, 2.93781494140625e+02, 2.937071069874217e+02, 2.93697467281814e+02, 2.931505554199219e+02, 2.931498352050781e+02, 2.931498107910156e+02, 2.931494079589844e+02, 2.931498352050781e+02, 2.931770717896878e+02, 2.932527099609375e+02, 2.938229370117188e+02, 2.940389099121094e+02, 2.938015625e+02, 2.931497680664062e+02, 2.931498962402344e+02, 2.931497497558594e+02, 2.931498107910156e+02, 2.93149755859375e+02, 2.931879058263754e+02, 2.933602298510245e+02, 2.93556640625e+02, 2.937645215706087e+02, 2.936463866077655e+02, 2.931509033203125e+02, 2.931498291015625e+02, 2.931498718261719e+02, 2.931493835449219e+02, 2.9314990234375e+02, 2.932684200074511e+02, 2.933388697265401e+02, 2.933621215820312e+02, 2.935390336623767e+02, 2.935268299508789e+02, 2.931508666992187e+02, 2.931498291015625e+02, 2.931497802734375e+02, 2.931498413085938e+02, 2.931497863769531e+02, 2.931341472263126e+02, 2.933452392578125e+02, 2.939522094726562e+02, 2.94152880859375e+02, 2.938382507324219e+02, 2.931499267578125e+02, 2.931498901367187e+02, 2.931497497558594e+02, 2.931496459960937e+02, 2.9314990234375e+02, 2.932044315080938e+02, 2.934279968261719e+02, 2.938678588867188e+02, 2.938970529605423e+02, 2.937836303710938e+02, 2.931497436523438e+02, 2.931497192382812e+02, 2.931498107910156e+02, 2.931497131347656e+02, 2.931498107910156e+02, 2.931745194707396e+02, 2.9338408203125e+02, 2.937470092773438e+02, 2.938297787188916e+02, 2.937325969032803e+02, 2.931504211425781e+02, 2.931497802734375e+02, 2.931498107910156e+02]
multizone.TAir[5]=[2.931499938964844e+02, 2.931496337890625e+02, 2.931488098144531e+02, 2.931493606567383e+02, 2.931518798828125e+02, 2.931522827148438e+02, 2.931530700683594e+02, 2.931492736816406e+02, 2.93150927734375e+02, 2.93150439453125e+02, 2.931499633789062e+02, 2.931501586914063e+02, 2.931506652832031e+02, 2.931490652825773e+02, 2.932979093012078e+02, 2.938450012207031e+02, 2.938378981642715e+02, 2.935729237741767e+02, 2.931510559082031e+02, 2.931498046875e+02, 2.9314990234375e+02, 2.931501892089844e+02, 2.931497924804688e+02, 2.933024125532671e+02, 2.936813781738281e+02, 2.940998229980469e+02, 2.943201861898376e+02, 2.939277526855469e+02, 2.931500244140625e+02, 2.93149658203125e+02, 2.931499328613281e+02, 2.931500732421875e+02, 2.931495727539062e+02, 2.932220655168806e+02, 2.932965515136719e+02, 2.93781494140625e+02, 2.937071069874217e+02, 2.93697467281814e+02, 2.931505554199219e+02, 2.931498352050781e+02, 2.931498107910156e+02, 2.931494079589844e+02, 2.931498352050781e+02, 2.931770717896878e+02, 2.932527099609375e+02, 2.938229370117188e+02, 2.940389099121094e+02, 2.938015625e+02, 2.931497680664062e+02, 2.931498962402344e+02, 2.931497497558594e+02, 2.931498107910156e+02, 2.93149755859375e+02, 2.931879058263754e+02, 2.933602298510245e+02, 2.93556640625e+02, 2.937645215706087e+02, 2.936463866077655e+02, 2.931509033203125e+02, 2.931498291015625e+02, 2.931498718261719e+02, 2.931493835449219e+02, 2.9314990234375e+02, 2.932684200074511e+02, 2.933388697265401e+02, 2.933621215820312e+02, 2.935390336623767e+02, 2.935268299508789e+02, 2.931508666992187e+02, 2.931498291015625e+02, 2.931497802734375e+02, 2.931498413085938e+02, 2.931497863769531e+02, 2.931341472263126e+02, 2.933452392578125e+02, 2.939522094726562e+02, 2.94152880859375e+02, 2.938382507324219e+02, 2.931499267578125e+02, 2.931498901367187e+02, 2.931497497558594e+02, 2.931496459960937e+02, 2.9314990234375e+02, 2.932044315080938e+02, 2.934279968261719e+02, 2.938678588867188e+02, 2.938970529605423e+02, 2.937836303710938e+02, 2.931497436523438e+02, 2.931497192382812e+02, 2.931498107910156e+02, 2.931497131347656e+02, 2.931498107910156e+02, 2.931745194707396e+02, 2.9338408203125e+02, 2.937470092773438e+02, 2.938297787188916e+02, 2.937325969032803e+02, 2.931504211425781e+02, 2.931497802734375e+02, 2.931498107910156e+02]
multizone.PHeater[1]=[0e+00, 6.261293046875e+04, 6.90929109375e+04, 5.6329337890625e+04, 3.2378343359375e+04, 2.3574814453125e+04, 4.7075087890625e+03, 1.874508164062503e+04, 2.71131390625e+04, 3.0335764453125e+04, 3.2157482421875e+04, 3.0965954296875e+04, 2.8711364453125e+04, 1.953645026668748e+04, 0e+00, 0e+00, 0e+00, 8.788822994526139e+02, 9.21929150390625e+03, 1.33747587890625e+04, 1.43514404296875e+04, 1.44270822265625e+04, 1.37671693359375e+04, 9.369516424005682e+03, 0e+00, 0e+00, 0e+00, 0e+00, 5.419570068359445e+03, 1.040980234374999e+04, 1.1130732421875e+04, 1.1791692578125e+04, 1.49063435546875e+04, 8.558320347377232e+03, 4.388845092773438e+02, 0e+00, 0e+00, 0e+00, 8.46409658203125e+03, 1.21400798828125e+04, 1.36863291015625e+04, 1.5598328125e+04, 1.8431320703125e+04, 1.258058662574165e+04, 1.431890002441406e+03, 0e+00, 0e+00, 0e+00, 7.52238623046875e+03, 1.152793125e+04, 1.33637724609375e+04, 1.49792322265625e+04, 1.6540294140625e+04, 1.233409446228292e+04, 0e+00, 1.693885498046746e+03, 0e+00, 7.076833056189444e+02, 9.876913671874874e+03, 1.4230154296875e+04, 1.4071318359375e+04, 1.5547975e+04, 1.7055194921875e+04, 1.053174204691213e+04, 0e+00, 7.16303515625e+03, 0e+00, 3.625823335984821e+03, 1.29823591796875e+04, 1.6835863671875e+04, 1.84738046875e+04, 1.9826715625e+04, 2.112969609375e+04, 1.547406148420928e+04, 0e+00, 0e+00, 0e+00, 0e+00, 7.2631048828125e+03, 1.1086250390625e+04, 1.25069013671875e+04, 1.347466875e+04, 1.6009370703125e+04, 1.144120439099995e+04, 0e+00, 0e+00, 0e+00, 0e+00, 7.31708779296875e+03, 1.15167015625e+04, 1.3668359375e+04, 1.523806328125e+04, 1.68528109375e+04, 1.212503632013415e+04, 0e+00, 0e+00, 0e+00, 0e+00, 8.7501568359375e+03, 1.297244140625e+04, 1.4457294921875e+04]
multizone.PHeater[2]=[0e+00, 6.261293046875e+04, 6.90929109375e+04, 4.80530205078125e+04, 3.0270117578125e+04, 1.43143134765625e+04, 3.88694375e+03, 8.58605449218751e+03, 2.593439453125e+04, 2.9247721484375e+04, 3.1152994140625e+04, 3.0038381640625e+04, 2.78546890625e+04, 9.564346252542073e+03, 0e+00, 0e+00, 0e+00, 0e+00, 6.7950205078125e+03, 1.11366185546875e+04, 1.22847392578125e+04, 1.25182912109375e+04, 1.20039990234375e+04, 0e+00, 0e+00, 0e+00, 0e+00, 0e+00, 2.012566333007884e+03, 7.267452539062492e+03, 8.2287294921875e+03, 9.111146875e+03, 1.24300740234375e+04, 0e+00, 0e+00, 0e+00, 0e+00, 0e+00, 4.888762890625e+03, 8.81424765625e+03, 1.0614486328125e+04, 1.2760592578125e+04, 1.58095984375e+04, -1.107571628338297e-08, 0e+00, 0e+00, 0e+00, 0e+00, 3.779406494140625e+03, 8.0767595703125e+03, 1.01761181640625e+04, 1.2034476953125e+04, 1.3819672265625e+04, -1.02019069545323e-08, 0e+00, 0e+00, 0e+00, 0e+00, 6.161449609374873e+03, 1.07988912109375e+04, 1.09019404296875e+04, 1.26200154296875e+04, 1.4350020703125e+04, -4.601872015026685e-10, 0e+00, 0e+00, 0e+00, 0e+00, 9.435910351562499e+03, 1.35603775390625e+04, 1.54482119140625e+04, 1.7031510546875e+04, 1.8547111328125e+04, 3.226855378156124e+03, 0e+00, 0e+00, 0e+00, 0e+00, 3.407857763671875e+03, 7.57288193359375e+03, 9.2618388671875e+03, 1.0476911328125e+04, 1.323980625e+04, -7.490708540357431e-09, 0e+00, 0e+00, 0e+00, 0e+00, 3.421835278320313e+03, 7.9519669921875e+03, 1.03757587890625e+04, 1.21963169921875e+04, 1.4042546484375e+04, -8.676041018141544e-09, 0e+00, 0e+00, 0e+00, 0e+00, 4.958866552734375e+03, 9.446455273437499e+03, 1.12004267578125e+04]
multizone.PHeater[3]=[0e+00, 6.261293046875e+04, 6.90929109375e+04, 4.80530205078125e+04, 3.0270117578125e+04, 1.43143134765625e+04, 3.88694375e+03, 8.58605449218751e+03, 2.593439453125e+04, 2.9247721484375e+04, 3.1152994140625e+04, 3.0038381640625e+04, 2.78546890625e+04, 9.564346252542073e+03, 0e+00, 0e+00, 0e+00, 0e+00, 6.7950205078125e+03, 1.11366185546875e+04, 1.22847392578125e+04, 1.25182912109375e+04, 1.20039990234375e+04, 0e+00, 0e+00, 0e+00, 0e+00, 0e+00, 2.012566333007884e+03, 7.267452539062492e+03, 8.2287294921875e+03, 9.111146875e+03, 1.24300740234375e+04, 0e+00, 0e+00, 0e+00, 0e+00, 0e+00, 4.888762890625e+03, 8.81424765625e+03, 1.0614486328125e+04, 1.2760592578125e+04, 1.58095984375e+04, -1.107571628338297e-08, 0e+00, 0e+00, 0e+00, 0e+00, 3.779406494140625e+03, 8.0767595703125e+03, 1.01761181640625e+04, 1.2034476953125e+04, 1.3819672265625e+04, -1.02019069545323e-08, 0e+00, 0e+00, 0e+00, 0e+00, 6.161449609374873e+03, 1.07988912109375e+04, 1.09019404296875e+04, 1.26200154296875e+04, 1.4350020703125e+04, -4.601872015026685e-10, 0e+00, 0e+00, 0e+00, 0e+00, 9.435910351562499e+03, 1.35603775390625e+04, 1.54482119140625e+04, 1.7031510546875e+04, 1.8547111328125e+04, 3.226855378156124e+03, 0e+00, 0e+00, 0e+00, 0e+00, 3.407857763671875e+03, 7.57288193359375e+03, 9.2618388671875e+03, 1.0476911328125e+04, 1.323980625e+04, -7.490708540357431e-09, 0e+00, 0e+00, 0e+00, 0e+00, 3.421835278320313e+03, 7.9519669921875e+03, 1.03757587890625e+04, 1.21963169921875e+04, 1.4042546484375e+04, -8.676041018141544e-09, 0e+00, 0e+00, 0e+00, 0e+00, 4.958866552734375e+03, 9.446455273437499e+03, 1.12004267578125e+04]
multizone.PHeater[4]=[0e+00, 6.261293046875e+04, 6.90929109375e+04, 4.80530205078125e+04, 3.0270117578125e+04, 1.43143134765625e+04, 3.88694375e+03, 8.58605449218751e+03, 2.593439453125e+04, 2.9247721484375e+04, 3.1152994140625e+04, 3.0038381640625e+04, 2.78546890625e+04, 9.564346252542073e+03, 0e+00, 0e+00, 0e+00, 0e+00, 6.7950205078125e+03, 1.11366185546875e+04, 1.22847392578125e+04, 1.25182912109375e+04, 1.20039990234375e+04, 0e+00, 0e+00, 0e+00, 0e+00, 0e+00, 2.012566333007884e+03, 7.267452539062492e+03, 8.2287294921875e+03, 9.111146875e+03, 1.24300740234375e+04, 0e+00, 0e+00, 0e+00, 0e+00, 0e+00, 4.888762890625e+03, 8.81424765625e+03, 1.0614486328125e+04, 1.2760592578125e+04, 1.58095984375e+04, -1.107571628338297e-08, 0e+00, 0e+00, 0e+00, 0e+00, 3.779406494140625e+03, 8.0767595703125e+03, 1.01761181640625e+04, 1.2034476953125e+04, 1.3819672265625e+04, -1.02019069545323e-08, 0e+00, 0e+00, 0e+00, 0e+00, 6.161449609374873e+03, 1.07988912109375e+04, 1.09019404296875e+04, 1.26200154296875e+04, 1.4350020703125e+04, -4.601872015026685e-10, 0e+00, 0e+00, 0e+00, 0e+00, 9.435910351562499e+03, 1.35603775390625e+04, 1.54482119140625e+04, 1.7031510546875e+04, 1.8547111328125e+04, 3.226855378156124e+03, 0e+00, 0e+00, 0e+00, 0e+00, 3.407857763671875e+03, 7.57288193359375e+03, 9.2618388671875e+03, 1.0476911328125e+04, 1.323980625e+04, -7.490708540357431e-09, 0e+00, 0e+00, 0e+00, 0e+00, 3.421835278320313e+03, 7.9519669921875e+03, 1.03757587890625e+04, 1.21963169921875e+04, 1.4042546484375e+04, -8.676041018141544e-09, 0e+00, 0e+00, 0e+00, 0e+00, 4.958866552734375e+03, 9.446455273437499e+03, 1.12004267578125e+04]
multizone.PHeater[5]=[0e+00, 6.261293046875e+04, 6.90929109375e+04, 4.80530205078125e+04, 3.0270117578125e+04, 1.43143134765625e+04, 3.88694375e+03, 8.58605449218751e+03, 2.593439453125e+04, 2.9247721484375e+04, 3.1152994140625e+04, 3.0038381640625e+04, 2.78546890625e+04, 9.564346252542073e+03, 0e+00, 0e+00, 0e+00, 0e+00, 6.7950205078125e+03, 1.11366185546875e+04, 1.22847392578125e+04, 1.25182912109375e+04, 1.20039990234375e+04, 0e+00, 0e+00, 0e+00, 0e+00, 0e+00, 2.012566333007884e+03, 7.267452539062492e+03, 8.2287294921875e+03, 9.111146875e+03, 1.24300740234375e+04, 0e+00, 0e+00, 0e+00, 0e+00, 0e+00, 4.888762890625e+03, 8.81424765625e+03, 1.0614486328125e+04, 1.2760592578125e+04, 1.58095984375e+04, -1.107571628338297e-08, 0e+00, 0e+00, 0e+00, 0e+00, 3.779406494140625e+03, 8.0767595703125e+03, 1.01761181640625e+04, 1.2034476953125e+04, 1.3819672265625e+04, -1.02019069545323e-08, 0e+00, 0e+00, 0e+00, 0e+00, 6.161449609374873e+03, 1.07988912109375e+04, 1.09019404296875e+04, 1.26200154296875e+04, 1.4350020703125e+04, -4.601872015026685e-10, 0e+00, 0e+00, 0e+00, 0e+00, 9.435910351562499e+03, 1.35603775390625e+04, 1.54482119140625e+04, 1.7031510546875e+04, 1.8547111328125e+04, 3.226855378156124e+03, 0e+00, 0e+00, 0e+00, 0e+00, 3.407857763671875e+03, 7.57288193359375e+03, 9.2618388671875e+03, 1.0476911328125e+04, 1.323980625e+04, -7.490708540357431e-09, 0e+00, 0e+00, 0e+00, 0e+00, 3.421835278320313e+03, 7.9519669921875e+03, 1.03757587890625e+04, 1.21963169921875e+04, 1.4042546484375e+04, -8.676041018141544e-09, 0e+00, 0e+00, 0e+00, 0e+00, 4.958866552734375e+03, 9.446455273437499e+03, 1.12004267578125e+04]
