last-generated=2025-10-21
statistics-initialization=
{
  "linear": "0, 0, 0"
}
statistics-simulation=
{
  "linear": "0",
  "nonlinear": " ",
  "numerical Jacobians": "0"
}
time=[0e+00, 1e+01]
senAnaOpnWidth.gidsPhaff.V_flow=[0e+00, 4.242639634402276e-04, 8.485272865962206e-04, 1.27278926847015e-03, 1.697049450918527e-03, 2.121307188645005e-03, 2.545561307474915e-03, 2.969812186717762e-03, 3.394058156476206e-03, 3.81829948965822e-03, 4.242534749209881e-03, 4.666763256675603e-03, 5.090985244885522e-03, 5.515200288216364e-03, 5.939405978281229e-03, 6.363602820783854e-03, 6.787790350066284e-03, 7.211967634804835e-03, 7.636134714978675e-03, 8.060289647973213e-03, 8.484432473778725e-03, 8.908563697993475e-03, 9.33267994118195e-03, 9.756783225701698e-03, 1.018087059794365e-02, 1.060494408011436e-02, 1.102900172977467e-02, 1.145304160462304e-02, 1.187706572664401e-02, 1.230107021129673e-02, 1.272505801171064e-02, 1.314902625431496e-02, 1.357297392835724e-02, 1.399690212406421e-02, 1.442080788866168e-02, 1.484469324350357e-02, 1.526855624655926e-02, 1.569239588733832e-02, 1.611621325554343e-02, 1.654000353632374e-02, 1.696377247571945e-02, 1.738751347539277e-02, 1.781123026060809e-02, 1.823491708592402e-02, 1.865857985446554e-02, 1.908221282064915e-02, 1.950581784708447e-02, 1.992939307116186e-02, 2.035293833594382e-02, 2.077645209278459e-02, 2.119993604719639e-02, 2.162338833658736e-02, 2.204680896093975e-02, 2.247019217626872e-02, 2.28935457454135e-02, 2.331686392426491e-02, 2.374014671278744e-02, 2.416339411098107e-02, 2.458660223830549e-02, 2.500977699337383e-02, 2.543291263282299e-02, 2.585601101929811e-02, 2.627907029015404e-02, 2.670208842838376e-02, 2.712506760553381e-02, 2.754800580441952e-02, 2.797090302500536e-02, 2.839375740468172e-02, 2.881656692747184e-02, 2.923933562554238e-02, 2.966205962002277e-02, 3.008473891093076e-02, 3.050737349828412e-02, 3.092995950450896e-02, 3.135250095962262e-02, 3.177499398589134e-02, 3.219744230856991e-02, 3.261983847711324e-02, 3.304218420307304e-02, 3.346448351408456e-02, 3.388673067092896e-02, 3.430892738584524e-02, 3.473107597275349e-02, 3.515316465460638e-02, 3.557520520745651e-02, 3.59971895813942e-02, 3.641911807654583e-02, 3.684099844091838e-02, 3.726281517764528e-02, 3.768458005730806e-02, 3.81062850356102e-02, 3.852793413498418e-02, 3.894952765044061e-02, 3.93710575408803e-02, 3.979253184626558e-02, 4.0213942527771e-02, 4.063528987990975e-02, 4.105658164500462e-02, 4.147780978806699e-02, 4.189897489265224e-02, 4.232007265090942e-02]
senAnaOpnWidth.warrenParkins.V_flow=[0e+00, 4.728435817495981e-04, 9.456864650073018e-04, 1.418527857844274e-03, 1.891367225664119e-03, 2.364203799515963e-03, 2.837036623578602e-03, 3.309865538516753e-03, 3.782689049354639e-03, 4.25550725407874e-03, 4.728319123387337e-03, 5.201123542116885e-03, 5.67392004461121e-03, 6.146708728807619e-03, 6.619487536168586e-03, 7.092256564646959e-03, 7.565015348581454e-03, 8.037762490988207e-03, 8.510497624089943e-03, 8.98322008644625e-03, 9.455928578972816e-03, 9.928623665150557e-03, 1.040130272320528e-02, 1.08739670757203e-02, 1.134661446886077e-02, 1.181924529373646e-02, 1.229185935477027e-02, 1.276445273127248e-02, 1.323702860805409e-02, 1.37095838003929e-02, 1.418211869895458e-02, 1.465463310838409e-02, 1.512712403954076e-02, 1.559959374545116e-02, 1.607203811056792e-02, 1.654445938766003e-02, 1.701685645032967e-02, 1.748922817236554e-02, 1.796157308093548e-02, 1.843388892372346e-02, 1.890617981553078e-02, 1.937844276759683e-02, 1.985067591726945e-02, 2.0322875150476e-02, 2.079504869553937e-02, 2.126719057559967e-02, 2.173929892797624e-02, 2.22113756153142e-02, 2.26834165242515e-02, 2.315542615641739e-02, 2.362740039825439e-02, 2.409933924976251e-02, 2.457124084829659e-02, 2.504310480661971e-02, 2.551493189938334e-02, 2.598672173917294e-02, 2.645847246334335e-02, 2.693018220924942e-02, 2.740185059057792e-02, 2.787348024274258e-02, 2.834506705403328e-02, 2.881661102437897e-02, 2.928811029120555e-02, 2.975956633176861e-02, 3.023097805427318e-02, 3.070234321057796e-02, 3.117366366329259e-02, 3.164493754980743e-02, 3.211615889796985e-02, 3.25873377896176e-02, 3.305846452713013e-02, 3.352954283572666e-02, 3.400056899018797e-02, 3.447154447018543e-02, 3.494246631658943e-02, 3.541333973407745e-02, 3.588415727210442e-02, 3.635491893070585e-02, 3.682562619079656e-02, 3.729627981605214e-02, 3.776687756180763e-02, 3.823741345932619e-02, 3.870789796439389e-02, 3.91783183781974e-02, 3.964868739841322e-02, 4.01189886033535e-02, 4.058923020407532e-02, 4.105941295892358e-02, 4.152953162534977e-02, 4.199959144476555e-02, 4.246958345174789e-02, 4.293951212922148e-02, 4.340937823261807e-02, 4.387917280006723e-02, 4.434890851730861e-02, 4.481857270002365e-02, 4.528816610279143e-02, 4.575769692800062e-02, 4.622715622060188e-02, 4.669654548406919e-02, 4.716586321592331e-02]
senAnaOpnWidth.maas.V_flow=[0e+00, 4.791915054275086e-04, 9.583592621304073e-04, 1.437479573000532e-03, 1.916528767294675e-03, 2.395483199506998e-03, 2.874319094637218e-03, 3.353013015595928e-03, 3.831541108673954e-03, 4.309880195581301e-03, 4.788006190210581e-03, 5.26589562901292e-03, 5.743526160266081e-03, 6.220873672810651e-03, 6.69791467681302e-03, 7.174625992774963e-03, 7.650985268963576e-03, 8.126968291018562e-03, 8.602554205230144e-03, 9.07771766333065e-03, 9.55243781208992e-03, 1.002669100217844e-02, 1.050045411805801e-02, 1.097370706699529e-02, 1.144642524066476e-02, 1.191858761012554e-02, 1.239017255843543e-02, 1.286115661170029e-02, 1.333152059525777e-02, 1.380123991454909e-02, 1.42702953889966e-02, 1.473866540865252e-02, 1.520632650770516e-02, 1.567326135827884e-02, 1.613944724478913e-02, 1.660486310720444e-02, 1.706949106914066e-02, 1.753330767406759e-02, 1.799629464448159e-02, 1.845842928361876e-02, 1.891969703137875e-02, 1.938007629561573e-02, 1.983954658724358e-02, 2.029808709565241e-02, 2.075568356725487e-02, 2.121231518685818e-02, 2.166796332785099e-02, 2.212261122648023e-02, 2.257623623306262e-02, 2.302882590986776e-02, 2.348036132752895e-02, 2.393082385943485e-02, 2.438019860447755e-02, 2.482846480139323e-02, 2.527560996138243e-02, 2.572161518037319e-02, 2.616646555704446e-02, 2.66101443276787e-02, 2.705263634669361e-02, 2.749392720747219e-02, 2.79339998960495e-02, 2.837284137369632e-02, 2.881043487671289e-02, 2.924676528905705e-02, 2.96818218707126e-02, 3.011558949947357e-02, 3.054805513666405e-02, 3.097920201856649e-02, 3.140902064830185e-02, 3.183749649846358e-02, 3.226461634039879e-02, 3.269036899805893e-02, 3.311474329560864e-02, 3.353772231850339e-02, 3.395930264982136e-02, 3.437946736812592e-02, 3.479820902269435e-02, 3.521550898721729e-02, 3.563136528213243e-02, 3.604576324705618e-02, 3.645869717001915e-02, 3.687015019119889e-02, 3.728012073591092e-02, 3.768858980844318e-02, 3.809556147407285e-02, 3.850101307034492e-02, 3.890494475911734e-02, 3.930734919603319e-02, 3.970820752954622e-02, 4.010752740520547e-02, 4.050529003143311e-02, 4.090149177239411e-02, 4.129612893462977e-02, 4.168918653995782e-02, 4.208066835985277e-02, 4.247055947780609e-02, 4.285885618302219e-02, 4.324555470622918e-02, 4.363064767123861e-02, 4.401413497239516e-02, 4.439600184559822e-02]
senAnaOpnWidth.hall.V_flow=[0e+00, 4.364013070917137e-04, 1.000076048980852e-03, 1.622748950213737e-03, 2.286043443322337e-03, 2.980443416163325e-03, 3.699990048285012e-03, 4.440549384905765e-03, 5.199058821395732e-03, 5.973147880438077e-03, 6.760915275663137e-03, 7.560798706424827e-03, 8.371487802457962e-03, 9.19186456367742e-03, 1.002096125240401e-02, 1.085793040692806e-02, 1.170202603856011e-02, 1.255257945798022e-02, 1.340899378063692e-02, 1.427072586613029e-02, 1.513728313148022e-02, 1.600821585780645e-02, 1.688311020955485e-02, 1.776158665373591e-02, 1.86432889623048e-02, 1.952789351344109e-02, 2.041509273445722e-02, 2.130459579088355e-02, 2.219614429119195e-02, 2.308947693973014e-02, 2.398436330258846e-02, 2.488057959674787e-02, 2.577790761397973e-02, 2.667615419264854e-02, 2.75751231975568e-02, 2.847463823854923e-02, 2.937452580931758e-02, 3.02746179878031e-02, 3.117476446633601e-02, 3.207480821613647e-02, 3.297460824251175e-02, 3.387403201376484e-02, 3.477293796860067e-02, 3.567120261588397e-02, 3.656870786227811e-02, 3.746533766388893e-02, 3.83609728110006e-02, 3.925550526998128e-02, 4.014883020115778e-02, 4.104084809053701e-02, 4.193146526813507e-02, 4.282057742546833e-02, 4.370809888071785e-02, 4.459393600695761e-02, 4.547801157045735e-02, 4.636023566126823e-02, 4.724052632254185e-02, 4.811880904843669e-02, 4.899500516011825e-02, 4.986904105734653e-02, 5.074084922671318e-02, 5.161035516209247e-02, 5.247749180822354e-02, 5.334218799266428e-02, 5.420438863177882e-02, 5.506402999162674e-02, 5.592104501655635e-02, 5.677537782728422e-02, 5.762696476518574e-02, 5.847575807215295e-02, 5.932170152664185e-02, 6.016473552361685e-02, 6.100481163441066e-02, 6.184187372078848e-02, 6.267587761155766e-02, 6.350677460432053e-02, 6.433451254458662e-02, 6.515904672908551e-02, 6.598032854586959e-02, 6.679831367358112e-02, 6.761296093463898e-02, 6.842422921529555e-02, 6.923207794363184e-02, 7.003645445769942e-02, 7.083733684599866e-02, 7.163465768098831e-02, 7.24284097137352e-02, 7.321854086037516e-02, 7.400500624689828e-02, 7.478778362075222e-02, 7.556682825088501e-02, 7.634211036510057e-02, 7.711360005265017e-02, 7.788125279492922e-02, 7.864504598028532e-02, 7.940493524074554e-02, 8.016089062307163e-02, 8.091290438124611e-02, 8.166091001766479e-02, 8.240491434741334e-02, 8.314485102891922e-02]
senAnaOpnWidth.larsenHeiselberg.V_flow=[0e+00, 3.79473227242406e-04, 7.589458724082459e-04, 1.138417354252028e-03, 1.517887204619183e-03, 1.897354726679623e-03, 2.276819341683787e-03, 2.65628080681961e-03, 3.035737854828981e-03, 3.415190705227657e-03, 3.794638207182288e-03, 4.174080121203708e-03, 4.553515748799968e-03, 4.932944843793314e-03, 5.312366035889669e-03, 5.691779777407646e-03, 6.07118420570543e-03, 6.450580252102262e-03, 6.829966506217205e-03, 7.209342529176463e-03, 7.588707376271486e-03, 7.968061034056352e-03, 8.347402145884969e-03, 8.726732054921978e-03, 9.106048021072165e-03, 9.485349990427494e-03, 9.864638921231251e-03, 1.024391204660074e-02, 1.062317024373733e-02, 1.100241170419701e-02, 1.138163730502129e-02, 1.176084614200369e-02, 1.214003637978838e-02, 1.251920982648631e-02, 1.289836281142131e-02, 1.327749714255333e-02, 1.365661191586688e-02, 1.403570529623704e-02, 1.441477909132622e-02, 1.479382963093344e-02, 1.517285872250795e-02, 1.555186546228765e-02, 1.593084891896746e-02, 1.630980635426715e-02, 1.668874138219084e-02, 1.706765033304691e-02, 1.744653320681761e-02, 1.78253918661303e-02, 1.820422077941208e-02, 1.858302355942359e-02, 1.896180026233196e-02, 1.934054716286466e-02, 1.971926426103944e-02, 2.009795161382277e-02, 2.047660910737053e-02, 2.085523679852486e-02, 2.123383282465836e-02, 2.161239718575327e-02, 2.199092621433838e-02, 2.236942538287083e-02, 2.274788916110992e-02, 2.312631941166527e-02, 2.350471427189174e-02, 2.388307380040774e-02, 2.426139788015406e-02, 2.463968470692635e-02, 2.501793614336974e-02, 2.539614846419395e-02, 2.577431986626041e-02, 2.615245581866902e-02, 2.653055265545845e-02, 2.690860851398354e-02, 2.72866233942443e-02, 2.766459735663547e-02, 2.804253028056295e-02, 2.842042036354542e-02, 2.879826760560064e-02, 2.917607200674638e-02, 2.955382990315287e-02, 2.993154489738676e-02, 3.030921518802643e-02, 3.068683711197651e-02, 3.106441793328458e-02, 3.144194486265177e-02, 3.181943068852434e-02, 3.219686448574066e-02, 3.257424985460941e-02, 3.295159039337876e-02, 3.332887517976472e-02, 3.370611513491444e-02, 3.40832993388176e-02, 3.446043138894079e-02, 3.48375148812585e-02, 3.521454262353754e-02, 3.559152180701636e-02, 3.596844151616096e-02, 3.634530907166771e-02, 3.672212434152076e-02, 3.709888013867382e-02, 3.747558364903634e-02, 3.785222396254539e-02]
senAnaOpnWidth.caciolo.V_flow=[0e+00, 5.166500846236923e-04, 1.033299354340178e-03, 1.549947130372167e-03, 2.066592655083944e-03, 2.583235036581755e-03, 3.099873305988993e-03, 3.616507226721414e-03, 4.133135484412462e-03, 4.649757996437791e-03, 5.166373215615749e-03, 5.68298051855442e-03, 6.199578973935292e-03, 6.7161691975708e-03, 7.232748560834452e-03, 7.749317213892937e-03, 8.265874225425901e-03, 8.782419129769835e-03, 9.298950680032071e-03, 9.815468576014679e-03, 1.033197063952684e-02, 1.084845841757922e-02, 1.136492913176278e-02, 1.188138338217583e-02, 1.239781870616372e-02, 1.291423663496971e-02, 1.34306359372798e-02, 1.394701258802987e-02, 1.44633699808019e-02, 1.497970472209384e-02, 1.549601834267378e-02, 1.601230774883125e-02, 1.652857264101447e-02, 1.704481454967623e-02, 1.756102915052036e-02, 1.807721890509129e-02, 1.859338071991392e-02, 1.910951336449583e-02, 1.962561929992846e-02, 2.014169420259957e-02, 2.065773867070675e-02, 2.117375333642652e-02, 2.16897363371077e-02, 2.220568521260567e-02, 2.272160115813254e-02, 2.323748357594013e-02, 2.375333246606399e-02, 2.426914410321381e-02, 2.478491602816866e-02, 2.530065502219319e-02, 2.581635490059853e-02, 2.633201752602983e-02, 2.68476391731968e-02, 2.736321738376665e-02, 2.787875707460034e-02, 2.839425578713417e-02, 2.890971165875852e-02, 2.942512468943784e-02, 2.994048869666817e-02, 3.045581232043363e-02, 3.097108937799931e-02, 3.148631800670228e-02, 3.200150006920548e-02, 3.251663497186403e-02, 3.303172017689052e-02, 3.354675695300102e-02, 3.406174157494078e-02, 3.457667404274529e-02, 3.509155562665828e-02, 3.560638378640548e-02, 3.612115979194641e-02, 3.663587991802628e-02, 3.715054416468062e-02, 3.766515007817731e-02, 3.817970256615823e-02, 3.869419917464256e-02, 3.920863617837554e-02, 3.972301357739269e-02, 4.023732891931189e-02, 4.07515833838385e-02, 4.126577824354172e-02, 4.177991104701788e-02, 4.229398169811447e-02, 4.28079878421468e-02, 4.332192810708822e-02, 4.383580386638641e-02, 4.434960884573735e-02, 4.486335539444641e-02, 4.537702626370188e-02, 4.589063497588831e-02, 4.6404168009758e-02, 4.691763398882862e-02, 4.743103035847331e-02, 4.794435105171967e-02, 4.845760585926721e-02, 4.8970777541399e-02, 4.948387844358353e-02, 4.999690973257634e-02, 5.050986162343316e-02, 5.102274017452899e-02, 5.153553560376167e-02]
senAnaOpnWidth.tang.V_flow=[0e+00, 4.625215591859613e-04, 9.25042419880028e-04, 1.387561849130137e-03, 1.850079368240179e-03, 2.312594093382359e-03, 2.775105071811332e-03, 3.237612134964094e-03, 3.700114265829338e-03, 4.162611084429615e-03, 4.625101108103991e-03, 5.087584612523017e-03, 5.550060200704599e-03, 6.012527958288094e-03, 6.474986316997606e-03, 6.937434896826744e-03, 7.399873232112004e-03, 7.862300391533029e-03, 8.324716460662561e-03, 8.787118940032028e-03, 9.249508380889893e-03, 9.711885334422443e-03, 1.017424535311197e-02, 1.063659250430437e-02, 1.109892178939333e-02, 1.156123541295528e-02, 1.202353134135279e-02, 1.248580940376677e-02, 1.294806901055278e-02, 1.341030795748523e-02, 1.38725284487009e-02, 1.433472751945295e-02, 1.479690406785285e-02, 1.52590593664128e-02, 1.572119028008203e-02, 1.618329994380474e-02, 1.664538539308722e-02, 1.710744366369334e-02, 1.756947695888499e-02, 1.803148307550686e-02, 1.849346421658993e-02, 1.895541741793196e-02, 1.941734081691608e-02, 1.987923407376853e-02, 2.034109973075302e-02, 2.080293372273445e-02, 2.126473791232244e-02, 2.172650857422669e-02, 2.218824536949055e-02, 2.264995083886787e-02, 2.31116209179163e-02, 2.357325746928099e-02, 2.403485863031679e-02, 2.449642220025677e-02, 2.495795071814952e-02, 2.54194401204586e-02, 2.588089226977589e-02, 2.634230530347398e-02, 2.680367702167412e-02, 2.726500996168409e-02, 2.77263019233942e-02, 2.818755290683998e-02, 2.864876104937627e-02, 2.910992415210126e-02, 2.957104475036883e-02, 3.003212064504623e-02, 3.049315183615124e-02, 3.095413832366609e-02, 3.141507418457104e-02, 3.18759638146447e-02, 3.233680874109268e-02, 3.279760151340542e-02, 3.325834958209248e-02, 3.371903957479695e-02, 3.417968333546224e-02, 3.464027494192123e-02, 3.510081811949977e-02, 3.556130541765278e-02, 3.60217346410311e-02, 3.648211390582008e-02, 3.694243729114532e-02, 3.740270260253209e-02, 3.786291642341533e-02, 3.832306997630629e-02, 3.878316831255082e-02, 3.924320265650749e-02, 3.9703181121536e-02, 4.016310064292251e-02, 4.062295617372645e-02, 4.108275275975153e-02, 4.154248535633087e-02, 4.200215462354356e-02, 4.246176494398794e-02, 4.292130755161468e-02, 4.338078748604597e-02, 4.38401959836483e-02, 4.429954115174186e-02, 4.47588236447926e-02, 4.521803097764249e-02, 4.56771756340285e-02, 4.613624885678291e-02]
senAnaOpnWidth.vdi2078.V_flow=[0e+00, 4.514417893038418e-04, 9.028835786076935e-04, 1.354325276069016e-03, 1.805767157215392e-03, 2.257209038361907e-03, 2.708650552138631e-03, 3.160092567824453e-03, 3.611534314430624e-03, 4.062976330116446e-03, 4.514418076723814e-03, 4.965859357669253e-03, 5.417301104275979e-03, 5.868743389043846e-03, 6.320185135648352e-03, 6.771626882255077e-03, 7.223068628860694e-03, 7.67451037546631e-03, 8.125952660234175e-03, 8.577394406840902e-03, 9.028836153447628e-03, 9.480278438213275e-03, 9.931718715338506e-03, 1.038316100010859e-02, 1.083460220855196e-02, 1.12860444933176e-02, 1.173748677808325e-02, 1.218892798653106e-02, 1.26403702712967e-02, 1.309181147974451e-02, 1.354325376451015e-02, 1.39946960492758e-02, 1.444613725772361e-02, 1.489757954248925e-02, 1.534902075092818e-02, 1.580046303570271e-02, 1.625190532045947e-02, 1.670334652891172e-02, 1.715478881367736e-02, 1.760623002212073e-02, 1.805767230689526e-02, 1.850911459164175e-02, 1.896055687638826e-02, 1.941199700855928e-02, 1.986343743069616e-02, 2.031487971544266e-02, 2.076632200020692e-02, 2.121776428497118e-02, 2.166920441714221e-02, 2.212064670188871e-02, 2.257208898663521e-02, 2.275266701811379e-02, 2.293324318698275e-02, 2.311381849480021e-02, 2.329439652626103e-02, 2.347497269511223e-02, 2.365555072659081e-02, 2.383612689545977e-02, 2.401670220327723e-02, 2.419728023473805e-02, 2.437785640358925e-02, 2.455843443506783e-02, 2.47390106039368e-02, 2.491958591175425e-02, 2.510016394321507e-02, 2.528074011206627e-02, 2.546131628091747e-02, 2.564189431237829e-02, 2.582246962023127e-02, 2.600304765169209e-02, 2.618362382054329e-02, 2.636419998939449e-02, 2.654477802085531e-02, 2.672535332870829e-02, 2.690593136016911e-02, 2.708650752902031e-02, 2.726708369787151e-02, 2.744766172933233e-02, 2.762823703714979e-02, 2.780881320601153e-02, 2.798939123749733e-02, 2.816996654535031e-02, 2.835054543780935e-02, 2.85311207456268e-02, 2.871169777554727e-02, 2.889227494597435e-02, 2.907285025382733e-02, 2.925342914628637e-02, 2.943400445410383e-02, 2.961458148402429e-02, 2.979515865445137e-02, 2.99757339622333e-02, 3.015631099215377e-02, 3.033688816258085e-02, 3.051746519250131e-02, 3.069804236292839e-02, 3.087861767071032e-02, 3.105919470063078e-02, 3.123977187105787e-02, 3.142035076355243e-02, 3.160092607140541e-02]
senAnaOpnWidth.din16798.V_flow=[0e+00, 1.938907051457038e-04, 3.874972987069587e-04, 5.808201737432289e-04, 7.738598390981841e-04, 9.666166151873767e-04, 1.159090852140784e-03, 1.351283071172127e-03, 1.543193450618214e-03, 1.734822801330242e-03, 1.926171127706766e-03, 2.117238893284258e-03, 2.308026563730661e-03, 2.498534831648722e-03, 2.68876347565976e-03, 2.878713421523571e-03, 3.068384669233494e-03, 3.257777917287011e-03, 3.446893390965796e-03, 3.635731570705446e-03, 3.824292682111263e-03, 4.012577415115352e-03, 4.200585562552121e-03, 4.388318486551054e-03, 4.575775291927371e-03, 4.76295780390501e-03, 4.949865109511179e-03, 5.136498161131624e-03, 5.322857848684222e-03, 5.508943283534515e-03, 5.69475581869483e-03, 5.88029594145584e-03, 6.065563210476826e-03, 6.250558974817717e-03, 6.435282352349968e-03, 6.619735155254602e-03, 6.803916942748234e-03, 6.987827742377745e-03, 7.171468896741556e-03, 7.354839530172631e-03, 7.537941448390484e-03, 7.720774213842771e-03, 7.903338757869558e-03, 8.085633280605145e-03, 8.267661383117604e-03, 8.449421264231205e-03, 8.630913855224116e-03, 8.81214008744555e-03, 8.993098167384595e-03, 9.173791683368682e-03, 9.35421884059906e-03, 9.534381501685353e-03, 9.714277804017938e-03, 9.893909685655466e-03, 1.007327699703212e-02, 1.025238074362278e-02, 1.043122092539193e-02, 1.06097975423751e-02, 1.078810974496914e-02, 1.096616109628667e-02, 1.11439498141408e-02, 1.132147589851375e-02, 1.149874121205067e-02, 1.167574398009625e-02, 1.185248682195303e-02, 1.202896982431412e-02, 1.220519112451661e-02, 1.238115351654599e-02, 1.255685523191075e-02, 1.273229887752364e-02, 1.290748361498117e-02, 1.308240944423895e-02, 1.325707636534139e-02, 1.343148540991074e-02, 1.360563824120067e-02, 1.377953309565783e-02, 1.395317090457814e-02, 1.412655259929306e-02, 1.429967735491689e-02, 1.447254682249645e-02, 1.46451611071825e-02, 1.481751938768466e-02, 1.49896241278991e-02, 1.5161472045158e-02, 1.533306827980065e-02, 1.550440862774849e-02, 1.56754956578034e-02, 1.584633099806575e-02, 1.601691139013217e-02, 1.61872400875034e-02, 1.635731570422649e-02, 1.652713986563075e-02, 1.669671232534113e-02, 1.686603357404721e-02, 1.703510497873086e-02, 1.72039233148098e-02, 1.737249205821506e-02, 1.754081095049263e-02, 1.770888050645448e-02, 1.787670020645706e-02, 1.804427057504654e-02]
senAnaOpnWidth.din4108.V_flow=[0e+00, 2.539682571675519e-04, 5.075643927699703e-04, 7.607888827181803e-04, 1.013642394755129e-03, 1.266125356778502e-03, 1.518238159364217e-03, 1.76998172625631e-03, 2.021356223006781e-03, 2.272362182108501e-03, 2.523000352084637e-03, 2.773270882641175e-03, 3.023174705108264e-03, 3.272712582405804e-03, 3.521884152420331e-03, 3.770690411329269e-03, 4.019131824785026e-03, 4.267209091287304e-03, 4.514922505921449e-03, 4.762272875076524e-03, 5.009260028600693e-03, 5.255885191580714e-03, 5.50214841402663e-03, 5.748050404527862e-03, 5.993591387505102e-03, 6.238772533833981e-03, 6.483594188929632e-03, 6.728055770432895e-03, 6.972159375323917e-03, 7.215903839628224e-03, 7.459291256964207e-03, 7.70232151137784e-03, 7.944994490436732e-03, 8.187310885608423e-03, 8.429271869731417e-03, 8.670877665281296e-03, 8.912128626219703e-03, 9.153025110012149e-03, 9.393567333982776e-03, 9.63375601378203e-03, 9.873592294752598e-03, 1.011307653508286e-02, 1.035220873480492e-02, 1.059098775622378e-02, 1.082941773907985e-02, 1.106749661266804e-02, 1.130522530827541e-02, 1.154260475724231e-02, 1.177963383020465e-02, 1.201631571892731e-02, 1.225264929234982e-02, 1.248863455042777e-02, 1.272427335585074e-02, 1.295956365619194e-02, 1.319450862666984e-02, 1.342910807579756e-02, 1.366336200356622e-02, 1.389727134130726e-02, 1.413083497620302e-02, 1.436405513561188e-02, 1.459693256765604e-02, 1.482946634097741e-02, 1.506165738695184e-02, 1.529350460087943e-02, 1.552501205643936e-02, 1.575617864727974e-02, 1.598700344205136e-02, 1.621748737212119e-02, 1.644763120354336e-02, 1.667743526850675e-02, 1.690690219402313e-02, 1.71360282548022e-02, 1.736481717616979e-02, 1.75932678696171e-02, 1.782138065116854e-02, 1.804915815591812e-02, 1.827659852123845e-02, 1.850370360975693e-02, 1.873047047845512e-02, 1.89569050150888e-02, 1.918300427496433e-02, 1.940876718226131e-02, 1.963419882701782e-02, 1.985929490934085e-02, 2.008405972258658e-02, 2.03084908425808e-02, 2.053258855150909e-02, 2.075635870720039e-02, 2.097979331640951e-02, 2.12029003659869e-02, 2.142567373812199e-02, 2.16481174244104e-02, 2.187023354183024e-02, 2.209201785372529e-02, 2.231347645293113e-02, 2.253460511565208e-02, 2.275540409259741e-02, 2.297587734754562e-02, 2.319602253796199e-02, 2.341584386270271e-02, 2.363533526659012e-02]
senAnaOpnWidth.ashrae.V_flow=[0e+00, 1.026027122124624e-03, 2.052052614434851e-03, 3.078075003502682e-03, 4.104093121676879e-03, 5.130104720592499e-03, 6.156108563155963e-03, 7.182103704034388e-03, 8.208087523164371e-03, 9.234059846629722e-03, 1.026001758873463e-02, 1.128595949836097e-02, 1.231188464418984e-02, 1.333779238654345e-02, 1.436367934814232e-02, 1.538954488933086e-02, 1.641538714746614e-02, 1.744120519122336e-02, 1.846699651814856e-02, 1.949276054519645e-02, 2.051849476993084e-02, 2.154420041507259e-02, 2.256987008718656e-02, 2.359550867705853e-02, 2.462110943141744e-02, 2.564667537808418e-02, 2.667220407175912e-02, 2.769768934226977e-02, 2.872313421686859e-02, 2.974853566848075e-02, 3.077389299869537e-02, 3.179920562531984e-02, 3.282446737874121e-02, 3.384968314776463e-02, 3.487484431850781e-02, 3.589995577931404e-02, 3.692501508594952e-02, 3.795001606942303e-02, 3.89749598919882e-02, 3.99998453916401e-02, 4.102467000484467e-02, 4.204943873852934e-02, 4.307414041684655e-02, 4.409877015432283e-02, 4.512334144758617e-02, 4.614784568548203e-02, 4.717227914272011e-02, 4.819664181937146e-02, 4.922092883134818e-02, 5.024514249645866e-02, 5.12692853808403e-02, 5.229335003398357e-02, 5.331733273059817e-02, 5.434123231394701e-02, 5.536505854844013e-02, 5.638879537582397e-02, 5.741245024667916e-02, 5.84360194356443e-02, 5.945949433753332e-02, 6.048288843788997e-02, 6.150618568062782e-02, 6.252939351622086e-02, 6.355250821927225e-02, 6.457552118694057e-02, 6.559844217503853e-02, 6.662125885486603e-02, 6.764397867693261e-02, 6.866660164130932e-02, 6.968911542178292e-02, 7.071152231946443e-02, 7.173382490873337e-02, 7.275602318966079e-02, 7.377810971159506e-02, 7.480007960195875e-02, 7.582194260661722e-02, 7.684368640184402e-02, 7.786531843807766e-02, 7.888683126487965e-02, 7.990822001208837e-02, 8.092949442039334e-02, 8.195064961910248e-02, 8.297167328928302e-02, 8.399258003622184e-02, 8.501335038765681e-02, 8.603400381300801e-02, 8.705451339483261e-02, 8.807489631763969e-02, 8.909515486022976e-02, 9.011526211254951e-02, 9.113525243239073e-02, 9.21550914645195e-02, 9.317478893675377e-02, 9.41943545713694e-02, 9.521376892225152e-02, 9.623305143295706e-02, 9.725218266248703e-02, 9.827115743096129e-02, 9.929000035513795e-02, 1.003086771013831e-01, 1.013272145496237e-01, 1.023455858230591e-01]
senAnaTAmb.gidsPhaff.V_flow=[1.994987390935421e-02, 2.029599435115675e-02, 2.063631079084306e-02, 2.097110446305414e-02, 2.13006362123949e-02, 2.162514813244343e-02, 2.194486178335746e-02, 2.225998420270251e-02, 2.257070686712167e-02, 2.28772089610679e-02, 2.317965961992741e-02, 2.347821362689733e-02, 2.377301813094932e-02, 2.40642131754162e-02, 2.435192472597165e-02, 2.46362779289484e-02, 2.491738454289998e-02, 2.519535632653978e-02, 2.547029418864545e-02, 2.574229619393804e-02, 2.601145394146442e-02, 2.62778552912766e-02, 2.654158125219818e-02, 2.680271317529493e-02, 2.706132618368405e-02, 2.731749042868614e-02, 2.757127607107202e-02, 2.782274398187023e-02, 2.807196241521493e-02, 2.831898606199678e-02, 2.856387384235859e-02, 2.880667918126911e-02, 2.904745552426736e-02, 2.928625244807226e-02, 2.952311724269641e-02, 2.975809760391712e-02, 2.999123766805333e-02, 3.02225778642703e-02, 3.045216213637413e-02, 3.06800266424714e-02, 3.090621158480644e-02, 3.113075553347367e-02, 3.135369015371222e-02, 3.157504978407641e-02, 3.179486820063228e-02, 3.20131778717041e-02, 3.223000859954323e-02, 3.244539018675625e-02, 3.26593514187956e-02, 3.287192041332539e-02, 3.308312222361565e-02, 3.329298665202428e-02, 3.350153605047072e-02, 3.370879551084208e-02, 3.391478563627452e-02, 3.411953523755074e-02, 3.432306294115774e-02, 3.45253873737957e-02, 3.472653738138286e-02, 3.492652605824711e-02, 3.512537851929665e-02, 3.532310966576371e-02, 3.551974184946115e-02, 3.571528904189732e-02, 3.590977545951969e-02, 3.610321134328842e-02, 3.629561531958395e-02, 3.648700601499987e-02, 3.66773974252735e-02, 3.686680626728091e-02, 3.705524653196335e-02, 3.724273312041096e-02, 3.742928093392704e-02, 3.761490399080811e-02, 3.779961523720179e-02, 3.798342868685722e-02, 3.816635551568083e-02, 3.834841435015963e-02, 3.852960805378637e-02, 3.870995325568959e-02, 3.888946399092674e-02, 3.906815058512472e-02, 3.924602303968719e-02, 3.942309286265616e-02, 3.959937088209983e-02, 3.977486491203308e-02, 3.994959153770695e-02, 4.01235561402937e-02, 4.029677030251166e-02, 4.046924477888954e-02, 4.064098373055458e-02, 4.081199998115961e-02, 4.098230632764168e-02, 4.11519032468351e-02, 4.132080887471495e-02, 4.148902371525764e-02, 4.16565605579397e-02, 4.182342471650441e-02, 4.198962790909647e-02, 4.215517703123318e-02, 4.232007265090942e-02]
senAnaTAmb.warrenParkins.V_flow=[0e+00, 4.676861187064847e-03, 6.614640770840312e-03, 8.101933473355968e-03, 9.356100042003854e-03, 1.046132482588291e-02, 1.146077900587564e-02, 1.238010554846812e-02, 1.323601221073102e-02, 1.404010243661342e-02, 1.480082236230373e-02, 1.552455110345169e-02, 1.621624049974959e-02, 1.687983081909679e-02, 1.751851677919284e-02, 1.813492737710476e-02, 1.873126239470211e-02, 1.930938261370737e-02, 1.987087939222246e-02, 2.041712229867988e-02, 2.094930596649647e-02, 2.146847594964687e-02, 2.19755542865323e-02, 2.247135923320998e-02, 2.295662044338043e-02, 2.343199588358402e-02, 2.38980748432138e-02, 2.435538896154534e-02, 2.480442470653109e-02, 2.524562324555251e-02, 2.567939087748528e-02, 2.610609534485458e-02, 2.652607652030151e-02, 2.69396530557506e-02, 2.734711168847389e-02, 2.774872630834579e-02, 2.814474366833544e-02, 2.853539567551326e-02, 2.892090398442999e-02, 2.930146978471592e-02, 2.967728301882744e-02, 3.004852158727805e-02, 3.041535312909901e-02, 3.077793611331157e-02, 3.113641928394341e-02, 3.149094060063362e-02, 3.18416360365314e-02, 3.218862852690933e-02, 3.253203565249478e-02, 3.28719724467777e-02, 3.320854157209396e-02, 3.354185106186223e-02, 3.387199032361808e-02, 3.419905093775811e-02, 3.452312915539573e-02, 3.48442979156971e-02, 3.516264662555832e-02, 3.547824234077317e-02, 3.579116180686921e-02, 3.610147878846667e-02, 3.640925139188766e-02, 3.671455039761232e-02, 3.701743541060514e-02, 3.731796088319925e-02, 3.761619301106061e-02, 3.791217505931854e-02, 3.820596663247572e-02, 3.849761615966127e-02, 3.878717069410537e-02, 3.907467770068166e-02, 3.936018422245979e-02, 3.964372751234273e-02, 3.992535599938858e-02, 4.020510560721188e-02, 4.048301998178411e-02, 4.07591313123703e-02, 4.103348057712822e-02, 4.130610130391923e-02, 4.157702573263336e-02, 4.184628624942704e-02, 4.211392253637314e-02, 4.2379951955093e-02, 4.264441927880384e-02, 4.290734181458056e-02, 4.316875810486066e-02, 4.3428685516119e-02, 4.368715634938644e-02, 4.394419540168162e-02, 4.419982384683555e-02, 4.445407636294537e-02, 4.470696300268173e-02, 4.49585159980123e-02, 4.520875635650489e-02, 4.545770165637127e-02, 4.570537899773061e-02, 4.595180600881577e-02, 4.619699995776476e-02, 4.644098551789359e-02, 4.668377666163429e-02, 4.692540037172704e-02, 4.716586321592331e-02]
senAnaTAmb.maas.V_flow=[2.197032235562801e-02, 2.230646088221877e-02, 2.263760751995559e-02, 2.296398017414977e-02, 2.328577822030801e-02, 2.360318973660469e-02, 2.3916389718924e-02, 2.422554049575124e-02, 2.453079443531788e-02, 2.483229718792277e-02, 2.513018250465393e-02, 2.542457908860112e-02, 2.571560428640916e-02, 2.600337206055072e-02, 2.628799162099777e-02, 2.656956203281879e-02, 2.684817829076985e-02, 2.712393352711283e-02, 2.739691374730148e-02, 2.766720025690456e-02, 2.793487161397934e-02, 2.820000263871615e-02, 2.846266503080296e-02, 2.872292337248984e-02, 2.898084720311521e-02, 2.923649363219738e-02, 2.948992537175622e-02, 2.974119584247947e-02, 2.999036212171558e-02, 3.023747517530473e-02, 3.048258647322655e-02, 3.072574198981592e-02, 3.096698585610714e-02, 3.120636765103956e-02, 3.144392721125634e-02, 3.167970106005669e-02, 3.191373892006076e-02, 3.214607004208492e-02, 3.237673278678709e-02, 3.260576703231501e-02, 3.283319994807243e-02, 3.305907196402777e-02, 3.328340915753804e-02, 3.350624399724726e-02, 3.372760468537221e-02, 3.394752740859985e-02, 3.41660307934172e-02, 3.438314836754352e-02, 3.459889773224718e-02, 3.481331447239922e-02, 3.50264199078083e-02, 3.523823266496146e-02, 3.544878254628764e-02, 3.565808718328812e-02, 3.586617464897044e-02, 3.607305884361267e-02, 3.627876211888555e-02, 3.648330682667298e-02, 3.668671062636439e-02, 3.688899408411302e-02, 3.709017485380173e-02, 3.72902678365917e-02, 3.74892953842958e-02, 3.768727145669867e-02, 3.788420911768216e-02, 3.8080133497715e-02, 3.827505204737778e-02, 3.846898339326409e-02, 3.86619415187481e-02, 3.885394316525455e-02, 3.904499858617783e-02, 3.923512640796941e-02, 3.942433408135201e-02, 3.961263933701641e-02, 3.980005514668913e-02, 3.998659178614616e-02, 4.017226043125838e-02, 4.035707970847729e-02, 4.05410487428606e-02, 4.072419164039293e-02, 4.090651497244835e-02, 4.108802905118286e-02, 4.126874391844305e-02, 4.144867102819989e-02, 4.162782126287684e-02, 4.180620238184929e-02, 4.198382354700086e-02, 4.216070134322732e-02, 4.233683612195506e-02, 4.251224614371445e-02, 4.268693178892136e-02, 4.286090218350675e-02, 4.303417387797693e-02, 4.32067510180407e-02, 4.337864062050224e-02, 4.354985058307648e-02, 4.372038999822857e-02, 4.389026793391052e-02, 4.40594923254241e-02, 4.422806640069107e-02, 4.439600184559822e-02]
senAnaTAmb.hall.V_flow=[0e+00, 8.314485598106311e-03, 1.175845778056066e-02, 1.440111053192364e-02, 1.662897119869092e-02, 1.85917541384697e-02, 2.036624547438341e-02, 2.199806105383902e-02, 2.351691556281638e-02, 2.49434563832064e-02, 2.629271149635315e-02, 2.757602713851497e-02, 2.880222106750042e-02, 2.99783037874933e-02, 3.110995542623865e-02, 3.22018638253212e-02, 3.325794239855794e-02, 3.428149920237498e-02, 3.527537407447001e-02, 3.624200098573759e-02, 3.718350827693939e-02, 3.810175967202494e-02, 3.899839105614293e-02, 3.987487074299207e-02, 4.073249095131993e-02, 4.157242551445961e-02, 4.239572289780188e-02, 4.320333114824812e-02, 4.399612210865947e-02, 4.477487430795365e-02, 4.554031044244766e-02, 4.62930954657217e-02, 4.703383112645876e-02, 4.776308347493019e-02, 4.848136312269637e-02, 4.918915778398514e-02, 4.988691276777564e-02, 5.057503995469727e-02, 5.125393005559106e-02, 5.192394491088887e-02, 5.25854229927063e-02, 5.323868306766149e-02, 5.38840231606632e-02, 5.452172337183397e-02, 5.515205427807449e-02, 5.577526241540909e-02, 5.639158247719762e-02, 5.700124170742722e-02, 5.76044421368045e-02, 5.820139813379531e-02, 5.879228934645653e-02, 5.937730203923203e-02, 5.995660757654136e-02, 6.053036714902412e-02, 6.109873896506272e-02, 6.166187301278114e-02, 6.221991085317523e-02, 6.277299032280309e-02, 6.332123175408352e-02, 6.386477448559207e-02, 6.44037276506424e-02, 6.493820300780133e-02, 6.546832721750745e-02, 6.599417973949939e-02, 6.651588479767837e-02, 6.703352183103561e-02, 6.754719514755742e-02, 6.805699415477932e-02, 6.85629984058032e-02, 6.906530213292354e-02, 6.956397742033005e-02, 7.005909877368655e-02, 7.055074814994804e-02, 7.103899028447096e-02, 7.152390433942546e-02, 7.200555503368378e-02, 7.248400197189067e-02, 7.295931220983995e-02, 7.343154310776535e-02, 7.390075877396393e-02, 7.436701655387878e-02, 7.483036639852741e-02, 7.529086707152416e-02, 7.574856194226813e-02, 7.620351934550078e-02, 7.665576785802841e-02, 7.710536398290564e-02, 7.755235667569069e-02, 7.799678211312314e-02, 7.843870092599009e-02, 7.887813448905945e-02, 7.931513172989466e-02, 7.974974148667498e-02, 8.018199272159628e-02, 8.061193093251072e-02, 8.103957772254944e-02, 8.146498190402848e-02, 8.188818475626225e-02, 8.230920055870129e-02, 8.272808204505727e-02, 8.314485102891922e-02]
senAnaTAmb.larsenHeiselberg.V_flow=[0e+00, 3.785222507008122e-03, 5.353113130317882e-03, 6.556197403883068e-03, 7.570445015144704e-03, 8.46401508897543e-03, 9.271863662982088e-03, 1.001475759897316e-02, 1.070622626140697e-02, 1.135566752502295e-02, 1.196992490440607e-02, 1.255416297687204e-02, 1.311239480943069e-02, 1.364781453110299e-02, 1.416300621745992e-02, 1.466010417789221e-02, 1.514089003082642e-02, 1.56068725182006e-02, 1.605933925889522e-02, 1.649940210488419e-02, 1.692803017795086e-02, 1.734606961012057e-02, 1.775426770855386e-02, 1.815328952096014e-02, 1.85437273271166e-02, 1.89261119812727e-02, 1.930092310506415e-02, 1.966859382888037e-02, 2.002951519839707e-02, 2.038404684494889e-02, 2.073251828551292e-02, 2.107522669043891e-02, 2.141245252319364e-02, 2.174444884858332e-02, 2.207145063893605e-02, 2.239367924630642e-02, 2.271133505066942e-02, 2.302460916395596e-02, 2.333367816833679e-02, 2.36387063651013e-02, 2.393984980881214e-02, 2.423725119091523e-02, 2.453104648525942e-02, 2.482136283869191e-02, 2.510832595421687e-02, 2.539204433560371e-02, 2.567262787893401e-02, 2.59501790302416e-02, 2.62247896197087e-02, 2.649655726086544e-02, 2.676556445658207e-02, 2.703189688849993e-02, 2.729562906288684e-02, 2.755683610898244e-02, 2.781559129817731e-02, 2.807196229696274e-02, 2.832601243523828e-02, 2.857780318072017e-02, 2.88273948159665e-02, 2.907484560048883e-02, 2.932020835578442e-02, 2.956353337320121e-02, 2.980487280715866e-02, 3.004427208701419e-02, 3.028178006192467e-02, 3.051744028925896e-02, 3.07512937471748e-02, 3.098338141418523e-02, 3.121374503688238e-02, 3.144241847714611e-02, 3.166944533586502e-02, 3.189485169007121e-02, 3.211867851820664e-02, 3.234095456657372e-02, 3.25617154823922e-02, 3.278099000453949e-02, 3.299880420997662e-02, 3.321519162652944e-02, 3.343018103478327e-02, 3.364379311156153e-02, 3.385606035590172e-02, 3.406700039143534e-02, 3.427664975435161e-02, 3.448501934703981e-02, 3.469213922086186e-02, 3.489802777767181e-02, 3.510270934909349e-02, 3.53062044973367e-02, 3.550853541740111e-02, 3.570971714473739e-02, 3.590977564454079e-02, 3.610872029064494e-02, 3.630657904219552e-02, 3.650336302632131e-02, 3.669909462275883e-02, 3.689378499984741e-02, 3.708745465478368e-02, 3.72801203219582e-02, 3.747178950197263e-02, 3.766248820251166e-02, 3.785222396254539e-02]
senAnaTAmb.caciolo.V_flow=[0e+00, 5.110147835719995e-03, 7.227452882956566e-03, 8.852535681288213e-03, 1.022289406288828e-02, 1.143051218241453e-02, 1.252256029421553e-02, 1.352705817984912e-02, 1.44622594898406e-02, 1.534084437220682e-02, 1.617204211652279e-02, 1.696281861681275e-02, 1.771859044250734e-02, 1.844365928630541e-02, 1.914151587999784e-02, 1.981503330171108e-02, 2.046661622409459e-02, 2.109829679215352e-02, 2.171181357401003e-02, 2.230866267399913e-02, 2.289015054702759e-02, 2.345741779850081e-02, 2.401147384124666e-02, 2.455321352375453e-02, 2.508343147313804e-02, 2.560284920036793e-02, 2.611210617795169e-02, 2.661178796206953e-02, 2.710242592613832e-02, 2.758449829199661e-02, 2.805845066905022e-02, 2.852468795444138e-02, 2.898357973125145e-02, 2.943547091396879e-02, 2.988067972203683e-02, 3.031950071454048e-02, 3.07522066307801e-02, 3.117905164395632e-02, 3.160027434503495e-02, 3.201609810498203e-02, 3.242672607302666e-02, 3.283235841675322e-02, 3.323317767639049e-02, 3.362934961247122e-02, 3.40210456409636e-02, 3.440841287374496e-02, 3.479159659713695e-02, 3.517073837295245e-02, 3.554595935632886e-02, 3.591738978527655e-02, 3.628513962030411e-02, 3.664932807063001e-02, 3.701005199451256e-02, 3.736741772955687e-02, 3.772151436555108e-02, 3.807244077324867e-02, 3.842028263439756e-02, 3.876511818066242e-02, 3.910702774523211e-02, 3.944608909462514e-02, 3.978237882256508e-02, 4.011596398434832e-02, 4.044690791033628e-02, 4.077527609639738e-02, 4.110113500382793e-02, 4.142454266548157e-02, 4.174555123538694e-02, 4.206422031857961e-02, 4.238060056614712e-02, 4.269474342404295e-02, 4.300669953227043e-02, 4.331651359427761e-02, 4.362423403922915e-02, 4.392990039275355e-02, 4.423356027341136e-02, 4.453525319695473e-02, 4.483502014157695e-02, 4.513289463517492e-02, 4.542891997414113e-02, 4.572312878406593e-02, 4.601555690169334e-02, 4.630623647252863e-02, 4.659520144564219e-02, 4.68824835617437e-02, 4.716811810266465e-02, 4.745212569832802e-02, 4.773454260654447e-02, 4.801539385077745e-02, 4.829470760134109e-02, 4.857251153757571e-02, 4.884883016347885e-02, 4.912368848624289e-02, 4.939711145906021e-02, 4.966911994313014e-02, 4.993974520389119e-02, 5.020900070667267e-02, 5.047691138931956e-02, 5.074350214050843e-02, 5.100878650123965e-02, 5.127279188341138e-02, 5.153553560376167e-02]
senAnaTAmb.tang.V_flow=[0e+00, 3.598263515345262e-02, 2.605978417266831e-02, 2.209083955782874e-02, 2.007562489812069e-02, 1.898708194494247e-02, 1.841777386411755e-02, 1.81672479810726e-02, 1.812358572748262e-02, 1.821905005665662e-02, 1.841034926474094e-02, 1.866871670606234e-02, 1.897447727128728e-02, 1.931385154012604e-02, 1.967702442368244e-02, 2.005688846111298e-02, 2.044823383800311e-02, 2.084720860647575e-02, 2.125093546472119e-02, 2.165725091864177e-02, 2.206452190876007e-02, 2.247151398677653e-02, 2.287728878915533e-02, 2.328114230755514e-02, 2.368253617568391e-02, 2.408107183873653e-02, 2.447645589989058e-02, 2.486846949913595e-02, 2.525696549368757e-02, 2.564184144845392e-02, 2.602303400635719e-02, 2.640051244240772e-02, 2.677426655729659e-02, 2.714430744613256e-02, 2.751066128401159e-02, 2.787336520850658e-02, 2.823246118211774e-02, 2.858800237884102e-02, 2.894004637307662e-02, 2.928864922803211e-02, 2.963387966156006e-02, 2.997579644273397e-02, 3.03144684899474e-02, 3.064995754120085e-02, 3.098233198846868e-02, 3.131165727972984e-02, 3.163799674484837e-02, 3.196141185161155e-02, 3.228196813361679e-02, 3.259972825262006e-02, 3.291474655270576e-02, 3.32270863637024e-02, 3.353680356535524e-02, 3.384395630402452e-02, 3.414859221244578e-02, 3.445077314972878e-02, 3.475054754468291e-02, 3.50479638264018e-02, 3.534306902228797e-02, 3.563591810051674e-02, 3.592655062675476e-02, 3.621501502970487e-02, 3.650135228784455e-02, 3.678560575444394e-02, 3.706781539317109e-02, 3.734802827239037e-02, 3.762627419438863e-02, 3.790259413767891e-02, 3.817702405127705e-02, 3.844960380506162e-02, 3.872036188840866e-02, 3.898933555411458e-02, 3.92565583301118e-02, 3.952205875689874e-02, 3.978587289397814e-02, 4.00480255484581e-02, 4.030855024777368e-02, 4.056746934398642e-02, 4.082481886665034e-02, 4.108061989656396e-02, 4.133489727973938e-02, 4.158768334175348e-02, 4.1839000315466e-02, 4.208886948377377e-02, 4.233731796455911e-02, 4.25843670964241e-02, 4.283003788096814e-02, 4.30743587192133e-02, 4.331733985211975e-02, 4.355901199119955e-02, 4.379939287900925e-02, 4.403849972677372e-02, 4.427635342418443e-02, 4.4512971785419e-02, 4.474837795033519e-02, 4.498258233070374e-02, 4.521560952786428e-02, 4.544747292394347e-02, 4.567819044786898e-02, 4.590777767615738e-02, 4.613624885678291e-02]
senAnaTAmb.vdi2078.V_flow=[0e+00, 3.106623864252633e-03, 4.39417452027326e-03, 5.382655080483963e-03, 6.216409103839843e-03, 6.951335817575455e-03, 7.616099283576413e-03, 8.227724651934288e-03, 8.797300913566612e-03, 9.332532186780365e-03, 9.83902532607317e-03, 1.032101072294534e-02, 1.078177780711244e-02, 1.122393945379782e-02, 1.164961523081241e-02, 1.206055004149675e-02, 1.245820419828894e-02, 1.28438107717626e-02, 1.321842445888971e-02, 1.358295520020833e-02, 1.393819507211447e-02, 1.428483645466225e-02, 1.462349093367073e-02, 1.49547030847376e-02, 1.527895468383959e-02, 1.559668220579624e-02, 1.590827695628888e-02, 1.621408932349042e-02, 1.651444486556755e-02, 1.680963272231724e-02, 1.709992438554764e-02, 1.738556128924199e-02, 1.766677373741375e-02, 1.794376609909966e-02, 1.821673449340342e-02, 1.848585344851017e-02, 1.875129367205754e-02, 1.901320355636559e-02, 1.927173336171085e-02, 1.952701224020336e-02, 1.977917179465294e-02, 2.002832503382194e-02, 2.027458371702904e-02, 2.051805472362025e-02, 2.075883350769371e-02, 2.099701575934887e-02, 2.123268716031589e-02, 2.14659315301061e-02, 2.169682414203615e-02, 2.192544542896399e-02, 2.215185947716236e-02, 2.237613892972103e-02, 2.259834339171108e-02, 2.281853514804302e-02, 2.30367721779435e-02, 2.325311116874218e-02, 2.346760241185808e-02, 2.368029619902997e-02, 2.38912418201543e-02, 2.41004859903039e-02, 2.430807240307331e-02, 2.451404203662029e-02, 2.471843586942235e-02, 2.492129205350041e-02, 2.512265163891752e-02, 2.532254718244076e-02, 2.55210140742569e-02, 2.57180839796177e-02, 2.591379135889723e-02, 2.610816601811262e-02, 2.630123868584633e-02, 2.649303543911268e-02, 2.668358608042946e-02, 2.687291578705355e-02, 2.706105244150035e-02, 2.724801935255527e-02, 2.743384073453421e-02, 2.76185389393921e-02, 2.78021373087407e-02, 2.798465808258642e-02, 2.816612273454666e-02, 2.834655089570654e-02, 2.852596190415043e-02, 2.870437468919173e-02, 2.888181128031296e-02, 2.905828505754471e-02, 2.923381448050685e-02, 2.940842169947139e-02, 2.958211455971639e-02, 2.975491686338133e-02, 2.99268402159214e-02, 3.009789930743592e-02, 3.026811438391489e-02, 3.043749151183333e-02, 3.060605068561936e-02, 3.077380359172821e-02, 3.094076301675875e-02, 3.110694358075237e-02, 3.127235515224679e-02, 3.143701392481533e-02, 3.160092607140541e-02]
senAnaTAmb.din16798.V_flow=[0e+00, 1.86707415588169e-03, 2.639546737671608e-03, 3.231675066623272e-03, 3.730351543098949e-03, 4.169244784861803e-03, 4.565628620409445e-03, 4.929768428854992e-03, 5.268354395356297e-03, 5.586035157309231e-03, 5.886197090148926e-03, 6.171396866960269e-03, 6.443621463484085e-03, 6.704452569224922e-03, 6.955171528150007e-03, 7.196835707873106e-03, 7.430328467032458e-03, 7.656398123005902e-03, 7.875683820320764e-03, 8.088737776236024e-03, 8.296039886772633e-03, 8.498011346880401e-03, 8.695023972747596e-03, 8.887407460488193e-03, 9.075456121331812e-03, 9.259434416890144e-03, 9.439581243693757e-03, 9.616110390444552e-03, 9.789219207786715e-03, 9.959085683803284e-03, 1.012587267905474e-02, 1.028973065893816e-02, 1.045079707927591e-02, 1.060919936781353e-02, 1.076505504692612e-02, 1.091847382485867e-02, 1.106955684110225e-02, 1.121839873892931e-02, 1.136508684094568e-02, 1.150970426653317e-02, 1.1652329005301e-02, 1.17930324217484e-02, 1.19318825028085e-02, 1.20689428606286e-02, 1.220427533817175e-02, 1.23379360884428e-02, 1.246997912816885e-02, 1.260045568039348e-02, 1.272941356270457e-02, 1.285689870838268e-02, 1.298295427113771e-02, 1.310762216046775e-02, 1.323094149218738e-02, 1.335294894064451e-02, 1.347368105961962e-02, 1.359317265450954e-02, 1.371145445895038e-02, 1.382855906945426e-02, 1.394451480691365e-02, 1.405935257944329e-02, 1.417309697717428e-02, 1.428577593973945e-02, 1.439741368171225e-02, 1.450803482380306e-02, 1.461766184139418e-02, 1.472631841897964e-02, 1.483402411431577e-02, 1.494080127928646e-02, 1.504666803778781e-02, 1.515164588848578e-02, 1.52557510882616e-02, 1.535900226352236e-02, 1.546141617820761e-02, 1.556301004504321e-02, 1.566380066532466e-02, 1.576380059123039e-02, 1.586302938048118e-02, 1.596149634648041e-02, 1.605921965142158e-02, 1.615621140322734e-02, 1.625248417258263e-02, 1.634805054396203e-02, 1.644292678080049e-02, 1.653711852403871e-02, 1.663064247140408e-02, 1.672350615262985e-02, 1.681572350067831e-02, 1.690730469941883e-02, 1.699825917771532e-02, 1.708859798372156e-02, 1.717833057045937e-02, 1.726746525243848e-02, 1.7356012184823e-02, 1.744398085434923e-02, 1.753138038957708e-02, 1.76182184368372e-02, 1.770450141989284e-02, 1.779024132994405e-02, 1.787544398197498e-02, 1.796011845171793e-02, 1.804427057504654e-02]
senAnaTAmb.din4108.V_flow=[0e+00, 2.323542703796321e-03, 3.286542578929255e-03, 4.025858280529868e-03, 4.649449570588009e-03, 5.199124570935965e-03, 5.696322189385887e-03, 6.153776362723013e-03, 6.579780901832264e-03, 6.980097479469352e-03, 7.358918897807598e-03, 7.719411430540033e-03, 8.06403330239276e-03, 8.3947406762556e-03, 8.713116943744286e-03, 9.020468220114708e-03, 9.317886014409572e-03, 9.606293266911741e-03, 9.886479136792428e-03, 1.015912375300726e-02, 1.042481884360313e-02, 1.068408252862364e-02, 1.093737303431197e-02, 1.118509762486142e-02, 1.142761554006611e-02, 1.166525389999151e-02, 1.18983045557217e-02, 1.212703146399175e-02, 1.235167692779725e-02, 1.257245780493912e-02, 1.278957538306713e-02, 1.300321353308417e-02, 1.321354032778634e-02, 1.342071230077578e-02, 1.362487375017256e-02, 1.382615696638823e-02, 1.402468718754886e-02, 1.422057943445934e-02, 1.44139408118181e-02, 1.460487284285411e-02, 1.479346957057714e-02, 1.497981994374293e-02, 1.51640049878905e-02, 1.534610393359595e-02, 1.552619116054679e-02, 1.570433564484119e-02, 1.588060164773681e-02, 1.605505156820139e-02, 1.622774419180257e-02, 1.639873518207241e-02, 1.656807959079742e-02, 1.673582398415965e-02, 1.690201865384455e-02, 1.70667075217566e-02, 1.722993313663678e-02, 1.73917394131422e-02, 1.755216546682099e-02, 1.771124668817966e-02, 1.786901771843905e-02, 1.802551917761604e-02, 1.818077825009823e-02, 1.833483032609016e-02, 1.84877033455e-02, 1.863942639001642e-02, 1.879002884616171e-02, 1.89395360648632e-02, 1.908797598574485e-02, 1.923537282338897e-02, 1.938174637142891e-02, 1.952712596542444e-02, 1.967153139412403e-02, 1.981498314658879e-02, 1.9957501712093e-02, 2.009910690674039e-02, 2.02398205700542e-02, 2.037965878844261e-02, 2.051864018833935e-02, 2.065678153371063e-02, 2.079410079821174e-02, 2.093061419259007e-02, 2.10663378238678e-02, 2.120128408885801e-02, 2.133547353927538e-02, 2.146891292874512e-02, 2.160162342896665e-02, 2.173361368477345e-02, 2.186489800325553e-02, 2.199549066524895e-02, 2.212540221827053e-02, 2.225464817869079e-02, 2.238323353230953e-02, 2.251117441539612e-02, 2.263848321512697e-02, 2.276516681639703e-02, 2.289123694882601e-02, 2.301670424640179e-02, 2.314157922715432e-02, 2.326587052447762e-02, 2.338958694335786e-02, 2.351274015675025e-02, 2.363533526659012e-02]
senAnaTAmb.ashrae.V_flow=[0e+00, 9.209952246605521e-03, 1.303947613936884e-02, 1.598795843662358e-02, 1.848200322119548e-02, 2.068664878606796e-02, 2.26864400390104e-02, 2.453153974099307e-02, 2.62545904010352e-02, 2.787824757712698e-02, 2.941898070275784e-02, 3.088921274151136e-02, 3.229858287726309e-02, 3.365474630208414e-02, 3.496390611775831e-02, 3.623116388916969e-02, 3.746078506975764e-02, 3.865636456314139e-02, 3.982098082836013e-02, 4.095727977076739e-02, 4.206756874918938e-02, 4.315386069896574e-02, 4.421792501591734e-02, 4.526134629612646e-02, 4.628552027021634e-02, 4.729171097278595e-02, 4.828104470296869e-02, 4.925454361835647e-02, 5.021313623224843e-02, 5.115766733795283e-02, 5.20889088511467e-02, 5.300756258319778e-02, 5.391428204106278e-02, 5.48096675941356e-02, 5.569426631462369e-02, 5.656859278678894e-02, 5.743312545114854e-02, 5.828829441615074e-02, 5.913452099154919e-02, 5.997218857150623e-02, 6.080165132880211e-02, 6.162324998248528e-02, 6.24373011838843e-02, 6.324409540204767e-02, 6.404391600203814e-02, 6.48370236158371e-02, 6.562367156332694e-02, 6.640409081378511e-02, 6.717850120694452e-02, 6.794711874384769e-02, 6.871014088392258e-02, 6.94677464411035e-02, 7.022012913148071e-02, 7.096744931690024e-02, 7.170988548729636e-02, 7.244757562875748e-02, 7.318066875275346e-02, 7.390931387189097e-02, 7.463364165326736e-02, 7.535377821376844e-02, 7.606985419988632e-02, 7.678198882098157e-02, 7.749027893538356e-02, 7.819484785247481e-02, 7.889579914868355e-02, 7.959321886301041e-02, 8.028721875395117e-02, 8.097788822911246e-02, 8.166530597503804e-02, 8.234956050364486e-02, 8.303074538707733e-02, 8.370892768048976e-02, 8.438418189032759e-02, 8.505658677361881e-02, 8.572621579801913e-02, 8.639313280582428e-02, 8.705740485225962e-02, 8.771909899283474e-02, 8.83782642449947e-02, 8.903498140040556e-02, 8.968929201364517e-02, 9.034125258563108e-02, 9.099092458183133e-02, 9.16383552141722e-02, 9.228359408507519e-02, 9.292669594287872e-02, 9.35676967523013e-02, 9.420666220251007e-02, 9.484361735860537e-02, 9.547861907322081e-02, 9.611169993877411e-02, 9.67429107222397e-02, 9.737227976964491e-02, 9.79998546805792e-02, 9.862566977688175e-02, 9.924976527690887e-02, 9.987216205706516e-02, 1.004929181835635e-01, 1.011120516186551e-01, 1.017295965234583e-01, 1.023455858230591e-01]
senAnaWinSpe.gidsPhaff.V_flow=[4.232007265090942e-02, 4.232477769242315e-02, 4.233887791578983e-02, 4.236237331894444e-02, 4.239524155634245e-02, 4.243746772408485e-02, 4.248901827794789e-02, 4.254985974024984e-02, 4.26199547857946e-02, 4.269925506933692e-02, 4.278771206736565e-02, 4.288526994547224e-02, 4.299186164825381e-02, 4.310742771409798e-02, 4.323188963635086e-02, 4.336517304182053e-02, 4.350719597436022e-02, 4.365787275217763e-02, 4.381711788840911e-02, 4.398483414587244e-02, 4.416092857718468e-02, 4.434530082475891e-02, 4.453784218016912e-02, 4.473845670461794e-02, 4.49470279578035e-02, 4.516344889998436e-02, 4.538760728564049e-02, 4.56193907927619e-02, 4.585868131798432e-02, 4.610536223653105e-02, 4.635931923985481e-02, 4.662042881486907e-02, 4.688857110320287e-02, 4.716362817470467e-02, 4.744548323404959e-02, 4.773400723934174e-02, 4.8029091493959e-02, 4.833060488491356e-02, 4.863843336641707e-02, 4.895245626158811e-02, 4.92725558578968e-02, 4.959861220532238e-02, 4.993051354423941e-02, 5.026813904137903e-02, 5.061138015796063e-02, 5.096011608839035e-02, 5.131424252464643e-02, 5.167364025669324e-02, 5.203820695045816e-02, 5.240783059893873e-02, 5.278240516781807e-02, 5.316183007436469e-02, 5.354599728441389e-02, 5.393480807500169e-02, 5.432816184605979e-02, 5.472596362233162e-02, 5.512811282108571e-02, 5.553451630938958e-02, 5.594508271233092e-02, 5.635971908789571e-02, 5.677833780646324e-02, 5.720084946120846e-02, 5.762717209510532e-02, 5.805721796669625e-02, 5.849090922089557e-02, 5.892816185951233e-02, 5.936889765152131e-02, 5.981303836532888e-02, 6.026051107843073e-02, 6.071124182733022e-02, 6.116515770554543e-02, 6.162218793270278e-02, 6.208226545307954e-02, 6.254532099602879e-02, 6.301128819731215e-02, 6.348010897636414e-02, 6.395171627817253e-02, 6.442605049759519e-02, 6.490304229847466e-02, 6.538265152622612e-02, 6.586480885744095e-02, 6.634945237105662e-02, 6.683654431285645e-02, 6.732602323906899e-02, 6.781783888079887e-02, 6.831193715333939e-02, 6.880827058385898e-02, 6.930679178180504e-02, 6.980745398700408e-02, 7.031022204445356e-02, 7.081502676010132e-02, 7.132184311801551e-02, 7.183063127485574e-02, 7.234133682433098e-02, 7.28539248032809e-02, 7.336835563182831e-02, 7.388459693838707e-02, 7.440260151657306e-02, 7.492233713534233e-02, 7.544376900376606e-02, 7.596685737371445e-02]
senAnaWinSpe.warrenParkins.V_flow=[4.716586321592331e-02, 4.716586321592331e-02, 4.716586321592331e-02, 4.716586321592331e-02, 4.716586321592331e-02, 4.716586321592331e-02, 4.716586321592331e-02, 4.716586321592331e-02, 4.716586321592331e-02, 4.716586321592331e-02, 4.716586321592331e-02, 4.716586321592331e-02, 4.716586321592331e-02, 4.716586321592331e-02, 4.716586321592331e-02, 4.716586321592331e-02, 4.716586321592331e-02, 4.716586321592331e-02, 4.716586321592331e-02, 4.716586321592331e-02, 4.716586321592331e-02, 4.716586321592331e-02, 4.716586321592331e-02, 4.716586321592331e-02, 4.716586321592331e-02, 4.716586321592331e-02, 4.716586321592331e-02, 4.716586321592331e-02, 4.716586321592331e-02, 4.716586321592331e-02, 4.716586321592331e-02, 4.716586321592331e-02, 4.716586321592331e-02, 4.716586321592331e-02, 4.716586321592331e-02, 4.716586321592331e-02, 4.716586321592331e-02, 4.716586321592331e-02, 4.716586321592331e-02, 4.716586321592331e-02, 4.716586321592331e-02, 4.716586321592331e-02, 4.716586321592331e-02, 4.716586321592331e-02, 4.716586321592331e-02, 4.716586321592331e-02, 4.716586321592331e-02, 4.716586321592331e-02, 4.787969771504754e-02, 4.88771898472682e-02, 4.98746857047081e-02, 5.0872181562148e-02, 5.186967369436866e-02, 5.28671647954733e-02, 5.386466065291319e-02, 5.486215278506279e-02, 5.585964864250269e-02, 5.685714449994258e-02, 5.785463560104722e-02, 5.885212773326787e-02, 5.984962359070778e-02, 6.084711944814768e-02, 6.184461158036834e-02, 6.284209895618267e-02, 6.383959853891287e-02, 6.483709067106247e-02, 6.583458280328312e-02, 6.683208238594227e-02, 6.782956976182766e-02, 6.88270693444868e-02, 6.982456147670746e-02, 7.082205360885706e-02, 7.181955319158725e-02, 7.281704056747265e-02, 7.381453269962225e-02, 7.481203228235245e-02, 7.580952441450205e-02, 7.680701654665165e-02, 7.780451137297553e-02, 7.880200350523101e-02, 7.979949563741684e-02, 8.079699046359863e-02, 8.179448735229664e-02, 8.279197472818202e-02, 8.378947906717645e-02, 8.478696644306183e-02, 8.578445381894721e-02, 8.678195815794162e-02, 8.777944553382702e-02, 8.877694242224084e-02, 8.977443724870682e-02, 9.07719246245922e-02, 9.176942151300603e-02, 9.276691633947201e-02, 9.37644132278858e-02, 9.476190060377121e-02, 9.575939543023719e-02, 9.675689231865101e-02, 9.77543796945364e-02, 9.875188403353082e-02, 9.97493714094162e-02]
senAnaWinSpe.maas.V_flow=[4.439600184559822e-02, 4.442607983861646e-02, 4.451619088300918e-02, 4.466597361249129e-02, 4.487483202009115e-02, 4.514194279909134e-02, 4.546627766495567e-02, 4.584662621148099e-02, 4.628160590420455e-02, 4.676969361702393e-02, 4.730924218893051e-02, 4.789851591321601e-02, 4.853570429886715e-02, 4.921894554273752e-02, 4.994634556793737e-02, 5.071600899100304e-02, 5.152604336674552e-02, 5.23745711492008e-02, 5.325975684745329e-02, 5.417979903543312e-02, 5.513295531272888e-02, 5.611753931760523e-02, 5.71319232452576e-02, 5.817455103758511e-02, 5.924392761015342e-02, 6.033863872289658e-02, 6.145732585203337e-02, 6.259869729221937e-02, 6.376154776774055e-02, 6.494471317098663e-02, 6.61471039056778e-02, 6.736770389572767e-02, 6.860551923737944e-02, 6.985965431343347e-02, 7.112923142787393e-02, 7.241345196962357e-02, 7.371153806971738e-02, 7.502277877713877e-02, 7.634649489178773e-02, 7.768203935321927e-02, 7.902882993221283e-02, 8.038628976397755e-02, 8.175388240425409e-02, 8.313111697396272e-02, 8.451752232037017e-02, 8.591265231370926e-02, 8.731608227045964e-02, 8.872743220902138e-02, 9.014631536539311e-02, 9.157238764368281e-02, 9.300532191991806e-02, 9.44448052697138e-02, 9.58905396681409e-02, 9.73422425069894e-02, 9.87996668601915e-02, 1.002625450491905e-01, 1.017306461056327e-01, 1.03203753961615e-01, 1.046816454912196e-01, 1.061641410737093e-01, 1.076510325074196e-01, 1.09142140978203e-01, 1.106373100228012e-01, 1.121363536701468e-01, 1.136391446548588e-01, 1.151455193758011e-01, 1.166553437225229e-01, 1.181684910343015e-01, 1.19684819962553e-01, 1.212042257588356e-01, 1.227265894412994e-01, 1.242518067018872e-01, 1.257797657812503e-01, 1.273103625170607e-01, 1.288435295492769e-01, 1.303791552782059e-01, 1.319171502964541e-01, 1.334574400977895e-01, 1.3499994281592e-01, 1.365445837540381e-01, 1.380912959575653e-01, 1.396400124329137e-01, 1.411906659395645e-01, 1.42743182199933e-01, 1.442975312192863e-01, 1.458536088466644e-01, 1.474113702927521e-01, 1.489708155350969e-01, 1.505318254246617e-01, 1.520943999318888e-01, 1.536584496498108e-01, 1.552239447695686e-01, 1.567908704380327e-01, 1.583591520666917e-01, 1.599287748632371e-01, 1.614996641874313e-01, 1.630718052000711e-01, 1.646451831082795e-01, 1.662197232007662e-01, 1.677954108051596e-01, 1.693722158670425e-01]
senAnaWinSpe.hall.V_flow=[8.314485102891922e-02, 8.314485102891922e-02]
senAnaWinSpe.larsenHeiselberg.V_flow=[3.785222396254539e-02, 3.785348683592105e-02, 3.785727173075326e-02, 2.083829767070336e-02, 2.953214913614637e-02, 3.279312700033188e-02, 3.444380283148413e-02, 3.541052350321214e-02, 3.603278094311951e-02, 3.646206119212139e-02, 3.677492961287498e-02, 3.701367596663902e-02, 3.720325595860167e-02, 3.735920793613096e-02, 3.749161589080433e-02, 3.760726377367973e-02, 3.771084917206655e-02, 3.780571739474321e-02, 3.789429743210353e-02, 3.797837721280575e-02, 3.805932030081749e-02, 3.813815496847191e-02, 3.821567814845391e-02, 3.829252351005866e-02, 3.836918242414804e-02, 3.844605386257172e-02, 3.852345056799329e-02, 3.860163312382522e-02, 3.868081424464979e-02, 3.87611574653021e-02, 3.88428159058094e-02, 3.892589368479812e-02, 3.901049863204516e-02, 3.909669820648891e-02, 3.918457022794533e-02, 3.927415981888771e-02, 3.936551520091322e-02, 3.945866967728047e-02, 3.955365721990493e-02, 3.965049972755699e-02, 3.974921628832817e-02, 3.984982157504424e-02, 3.995232303821697e-02, 4.005673135109082e-02, 4.016304750950418e-02, 4.027127847075462e-02, 4.038142050976502e-02, 4.049347362632222e-02, 4.060743354714237e-02, 4.072329390839512e-02, 4.084105044603348e-02, 4.096069570965447e-02, 4.108222224842881e-02, 4.120561456833204e-02, 4.133087012070567e-02, 4.145797342061996e-02, 4.158691701763644e-02, 4.171768228509045e-02, 4.185026113576967e-02, 4.198463993293029e-02, 4.21208068728447e-02, 4.225874332920351e-02, 4.239843812592266e-02, 4.253987568318162e-02, 4.268304617386635e-02, 4.282793030142784e-02, 4.297450943948566e-02, 4.312277613724606e-02, 4.327271104920474e-02, 4.342429697888028e-02, 4.357752203941345e-02, 4.373236760445935e-02, 4.388881877267915e-02, 4.404685988549045e-02, 4.420647754875867e-02, 4.436765238642693e-02, 4.4530369497334e-02, 4.469461398017661e-02, 4.486036641448992e-02, 4.50276172049769e-02, 4.519634693861008e-02, 4.536653617420043e-02, 4.553817990522859e-02, 4.571124878176439e-02, 4.588573865397796e-02, 4.606162756681442e-02, 4.623890227769455e-02, 4.641754959469962e-02, 4.659755120990717e-02, 4.677889193005855e-02, 4.696155339479446e-02, 4.714552987734257e-02, 4.733079707336328e-02, 4.751734772397604e-02, 4.770516303561353e-02, 4.789422452449799e-02, 4.808452652609919e-02, 4.82760485202705e-02, 4.846877940389893e-02, 4.866270422651275e-02, 4.885780811309814e-02]
senAnaWinSpe.caciolo.V_flow=[5.153553560376167e-02, 5.079759285953667e-02, 5.005950482899445e-02, 4.932126784185335e-02, 4.858287055721657e-02, 4.78443019092083e-02, 4.710556584329507e-02, 4.636664307247865e-02, 4.562752702703596e-02, 4.488821310056944e-02, 4.414868727326393e-02, 4.340893792863926e-02, 4.266895389085013e-02, 4.19287268267322e-02, 4.118823987468173e-02, 4.044747725129128e-02, 3.970642778067218e-02, 3.896507283640849e-02, 3.919285921948314e-02, 3.947805247545772e-02, 3.976288437843323e-02, 4.00473291902446e-02, 4.033136354263776e-02, 4.061496271292966e-02, 4.089809554658049e-02, 4.118073359131813e-02, 4.146284264376757e-02, 4.174437732994095e-02, 4.202530546454865e-02, 4.230558100462619e-02, 4.258514940738678e-02, 4.286395412407299e-02, 4.314193861360126e-02, 4.341903342083255e-02, 4.369515899355722e-02, 4.397023469209671e-02, 4.424416299891501e-02, 4.451683150670137e-02, 4.478812603139572e-02, 4.505789999338081e-02, 4.532600194215775e-02, 4.559224496737489e-02, 4.585642417750353e-02, 4.611828873495655e-02, 4.637756546568136e-02, 4.663391411304474e-02, 4.688694352007324e-02, 4.713617684854286e-02, 4.738105414703491e-02, 4.762088112254566e-02, 4.785481095314026e-02, 4.808177075162458e-02, 4.830042313519334e-02, 4.850902369552479e-02, 4.870527964600473e-02, 4.888608306646347e-02, 4.904709770481862e-02, 4.918202035144702e-02, 4.928118347909906e-02, 4.932866616367487e-02, 4.929523542523384e-02, 4.911667824078557e-02, 4.858484674076724e-02, 4.719407288014786e-02, 4.82212891319389e-02, 4.924850165843964e-02, 5.027571791023068e-02, 5.130293043673141e-02, 5.233014179050821e-02, 5.335735804226371e-02, 5.438457056879997e-02, 5.5411786820591e-02, 5.643899934709173e-02, 5.746621070086853e-02, 5.849342322736928e-02, 5.952063947916031e-02, 6.054785200566104e-02, 6.157506825745208e-02, 6.260227961115783e-02, 6.449895780469547e-02, 6.783903390169144e-02, 7.021965718857098e-02, 7.237622539747107e-02, 7.442324969753401e-02, 7.64047652551197e-02, 7.834269851446152e-02, 8.024969718939653e-02, 8.213372140832922e-02, 8.400004747491199e-02, 8.585243631177747e-02, 8.769356459379196e-02, 8.952546167352056e-02, 9.134970952593462e-02, 9.316747289391823e-02, 9.497975503246722e-02, 9.678728878498077e-02, 9.859073219830448e-02, 1.003906165086402e-01, 1.021873469678882e-01, 1.039813303780333e-01, 1.057728230953217e-01]
senAnaWinSpe.tang.V_flow=[4.613624885678291e-02, 4.613624885678291e-02]
senAnaWinSpe.vdi2078.V_flow=[3.160092607140541e-02, 3.160092607140541e-02]
senAnaWinSpe.din16798.V_flow=[1.804427057504654e-02, 1.804427057504654e-02, 1.804427057504654e-02, 1.804427057504654e-02, 1.804427057504654e-02, 1.804427057504654e-02, 1.804427057504654e-02, 1.804427057504654e-02, 1.804427057504654e-02, 1.804427057504654e-02, 1.804427057504654e-02, 1.804427057504654e-02, 1.804427057504654e-02, 1.804427057504654e-02, 1.804427057504654e-02, 1.804427057504654e-02, 1.804427057504654e-02, 1.804427057504654e-02, 1.804427057504654e-02, 1.804427057504654e-02, 1.804427057504654e-02, 1.804427057504654e-02, 1.804427057504654e-02, 1.804427057504654e-02, 1.804427057504654e-02, 1.804427057504654e-02, 1.804427057504654e-02, 1.804427057504654e-02, 1.804427057504654e-02, 1.804427057504654e-02, 1.804427057504654e-02, 1.804427057504654e-02, 1.804427057504654e-02, 1.804427057504654e-02, 1.804427057504654e-02, 1.804427057504654e-02, 1.804427057504654e-02, 1.804427057504654e-02, 1.804427057504654e-02, 1.804427057504654e-02, 1.804427057504654e-02, 1.804427057504654e-02, 1.804427057504654e-02, 1.804427057504654e-02, 1.804427057504654e-02, 1.804427057504654e-02, 1.804427057504654e-02, 1.804427057504654e-02, 1.804427057504654e-02, 1.804427057504654e-02, 1.804427057504654e-02, 1.804427057504654e-02, 1.804427057504654e-02, 1.804427057504654e-02, 1.804427057504654e-02, 1.804427057504654e-02, 1.804427057504654e-02, 1.804427057504654e-02, 1.804427057504654e-02, 1.804427057504654e-02, 1.830022968351841e-02, 1.860523439228646e-02, 1.891023910101898e-02, 1.921524049281852e-02, 1.952024520158657e-02, 1.982524991035461e-02, 2.013025275647751e-02, 2.043525746524556e-02, 2.074026071965473e-02, 2.104526356579538e-02, 2.135026827454567e-02, 2.165527298329595e-02, 2.196027582943661e-02, 2.226527908384578e-02, 2.257028379261383e-02, 2.287528663873672e-02, 2.318029134750477e-02, 2.348529605627282e-02, 2.379029744807237e-02, 2.409530215680999e-02, 2.440030686557293e-02, 2.470531011998211e-02, 2.501031442046387e-02, 2.531531767487304e-02, 2.562032383792891e-02, 2.592532522976398e-02, 2.623032848417315e-02, 2.653533464726455e-02, 2.684033603909963e-02, 2.714534220219102e-02, 2.745034545660019e-02, 2.775534684843526e-02, 2.806035301149113e-02, 2.83653562659003e-02, 2.867036056638207e-02, 2.897536382079124e-02, 2.928036707520041e-02, 2.958537323829181e-02, 2.989037463009136e-02, 3.019538079321828e-02, 3.050038404762745e-02]
senAnaWinSpe.din4108.V_flow=[2.363533526659012e-02, 2.364613860814979e-02, 2.367851883047589e-02, 2.373238652187616e-02, 2.380759827287383e-02, 2.390395104885101e-02, 2.402118962966264e-02, 2.415901238012454e-02, 2.431706709658375e-02, 2.449496281174368e-02, 2.469227090477943e-02, 2.490852954097894e-02, 2.514325070720236e-02, 2.539592248789558e-02, 2.566601342665471e-02, 2.595297992229462e-02, 2.62562706326283e-02, 2.657532490146138e-02, 2.690958248014057e-02, 2.725848191541499e-02, 2.762147225439548e-02, 2.799800447465052e-02, 2.838753703761814e-02, 2.878954467292535e-02, 2.92035113747527e-02, 2.9628936201334e-02, 3.006533389246298e-02, 3.051223025549079e-02, 3.096917479922311e-02, 3.143572389890849e-02, 3.19114662706852e-02, 3.239598544402655e-02, 3.288890025182645e-02, 3.338983679066865e-02, 3.389843877012264e-02, 3.441436961293221e-02, 3.493730401553611e-02, 3.546692778107261e-02, 3.600294913741233e-02, 3.654508613245561e-02, 3.709306940436363e-02, 3.764664434818805e-02, 3.820557254411873e-02, 3.876961287137334e-02, 3.933855091711361e-02, 3.991218283772469e-02, 4.04903000168788e-02, 4.107271618906628e-02, 4.16592497333114e-02, 4.22497311547319e-02, 4.284400120377541e-02, 4.344189596756221e-02, 4.404327388424387e-02, 4.464798677579811e-02, 4.525591374937841e-02, 4.586691409349442e-02, 4.648087604929507e-02, 4.709768040692239e-02, 4.771720872150676e-02, 4.833937004374117e-02, 4.896406084299088e-02, 4.959117681112751e-02, 5.022063599126714e-02, 5.085234595858798e-02, 5.148622705596715e-02, 5.212220177054405e-02, 5.276019187122243e-02, 5.340012285176998e-02, 5.404192459206988e-02, 5.468553988276866e-02, 5.533089861273766e-02, 5.597794117729655e-02, 5.662661169677114e-02, 5.727685118741021e-02, 5.792861369616279e-02, 5.858184397220612e-02, 5.923648986140496e-02, 5.989251411050109e-02, 6.054986142788751e-02, 6.120849710419112e-02, 6.186837702989578e-02, 6.252945707189021e-02, 6.31917131669292e-02, 6.385509543150703e-02, 6.45195718149113e-02, 6.518511474132538e-02, 6.585167839017597e-02, 6.651925423031382e-02, 6.71877922770542e-02, 6.785728292919492e-02, 6.852766871452332e-02, 6.91989485629865e-02, 6.987109908590035e-02, 7.054407021132744e-02, 7.121786732363741e-02, 7.189244776964188e-02, 7.256779561976361e-02, 7.324389497327277e-02, 7.392071803394744e-02, 7.459824790873647e-02, 7.527646422386169e-02]
senAnaWinSpe.ashrae.V_flow=[1.023455858230591e-01, 1.035618781700742e-01, 1.071279345581391e-01, 1.128211609640599e-01, 1.203400189728338e-01, 1.293665915727615e-01, 1.396087382519781e-01, 1.508189900710533e-01, 1.627975091604612e-01, 1.753869236411407e-01, 1.884648650884628e-01, 2.019364503320742e-01, 2.157279186639806e-01, 2.297817238233855e-01, 2.440525029601123e-01, 2.58504331111908e-01, 2.731085086665781e-01, 2.878417898245619e-01, 3.026853870858656e-01, 3.176237678493299e-01, 3.326442241668701e-01, 3.477360750462277e-01, 3.628904151057599e-01, 3.780997766194573e-01, 3.933577093809364e-01, 4.086588323116302e-01, 4.239984599201561e-01, 4.393725023801595e-01, 4.547775759318497e-01, 4.70210507683973e-01, 4.856687188148499e-01, 5.011499075817624e-01, 5.16651861424002e-01, 5.321729257252699e-01, 5.477113575495737e-01, 5.632658004760742e-01, 5.788349657788244e-01, 5.944176241929924e-01, 6.100127771384862e-01, 6.25619515789353e-01, 6.412369608879089e-01, 6.568643599822506e-01, 6.725010574170931e-01, 6.881463229201482e-01, 7.037996500429252e-01, 7.194605469703674e-01, 7.351284772601039e-01, 7.508030236779153e-01, 7.664836942046829e-01, 7.821702807533498e-01, 7.978623509407043e-01, 8.135596067423859e-01, 8.292616905293891e-01, 8.449682889788657e-01, 8.606793730615456e-01, 8.76394510269165e-01, 8.921135813912977e-01, 9.078363480082272e-01, 9.235625563096663e-01, 9.392921774567662e-01, 9.550249576568604e-01, 9.707607180948773e-01, 9.864993395615279e-01, 1.002240627780116e+00, 1.017984613661954e+00, 1.03373110294342e+00, 1.049479976415225e+00, 1.065231114868078e+00, 1.080984323970148e+00, 1.096739634746998e+00, 1.112497091293335e+00, 1.128256335982425e+00, 1.144017368815406e+00, 1.159780114626534e+00, 1.175544723734791e+00, 1.191310882568359e+00, 1.207078471916813e+00, 1.222847730197594e+00, 1.238618224580711e+00, 1.25439022467467e+00, 1.270163536071777e+00, 1.285938083554824e+00, 1.301713973573662e+00, 1.317491024440421e+00, 1.333269179456225e+00, 1.349048495292664e+00, 1.364828764798872e+00, 1.380610138476861e+00, 1.39639255374346e+00, 1.412175953990741e+00, 1.427960157394409e+00, 1.44374519525401e+00, 1.459531337330866e+00, 1.475318163325262e+00, 1.491105974341266e+00, 1.50689435005188e+00, 1.522683560222973e+00, 1.538473636226847e+00, 1.554264276904867e+00, 1.5700559026386e+00, 1.585847854614258e+00]
senAnaWinDir.gidsPhaff.V_flow=[7.596685737371445e-02, 7.596685737371445e-02]
senAnaWinDir.warrenParkins.V_flow=[9.97493714094162e-02, 9.97493714094162e-02]
senAnaWinDir.maas.V_flow=[1.693722158670425e-01, 1.693722158670425e-01]
senAnaWinDir.hall.V_flow=[8.314485102891922e-02, 8.314485102891922e-02]
senAnaWinDir.larsenHeiselberg.V_flow=[4.885780811309814e-02, 5.153549085913877e-02, 5.438764384618593e-02, 5.738824941983175e-02, 6.051523964534405e-02, 6.37500137090683e-02, 6.70769802654765e-02, 7.048308145347842e-02, 7.395739066574296e-02, 7.749073292319793e-02, 8.107538521289825e-02, 8.47048452739641e-02, 8.837357732769933e-02, 9.03895796951845e-02, 9.072659172705153e-02, 9.106386452913284e-02, 9.140139810141071e-02, 9.173919244386737e-02, 9.207724050912007e-02, 9.241554149112838e-02, 9.275409579277039e-02, 7.505761113472456e-02, 7.533586757023146e-02, 7.561429603266857e-02, 7.589289519438555e-02, 7.617168128490448e-02, 7.355545957552796e-02, 7.095535968177676e-02, 6.837320205140311e-02, 6.581112985841973e-02, 1.320082694292068e-01, 1.259685995344684e-01, 1.199578224404006e-01, 1.139804766979723e-01, 1.080421563806251e-01, 1.021496281027794e-01, 9.631132525958648e-02, 9.053775941891733e-02, 8.575120384994332e-02, 8.192742233577011e-02, 7.815192639827728e-02, 7.443208640969576e-02, 7.077667917541117e-02, 6.719624926937394e-02, 6.37033912651461e-02, 6.031335890293121e-02, 5.704449557635492e-02, 5.391884388406725e-02, 5.096278142204625e-02, 4.82074941682018e-02, 4.568934440612793e-02, 4.820202543714102e-02, 5.095245118338019e-02, 5.390422585268082e-02, 5.702612617326823e-02, 6.029172241687775e-02, 6.367892355597898e-02, 6.716933031741405e-02, 7.074765916768089e-02, 7.440127080991001e-02, 7.811958342790604e-02, 8.189378296322274e-02, 8.571650821551463e-02, 9.050252685224239e-02, 9.627610636509469e-02, 1.021145135164261e-01, 1.080072429600266e-01, 1.139458680601093e-01, 1.199235429292062e-01, 1.25934773898269e-01, 1.319749355316162e-01, 6.576340143962622e-02, 6.832613541911443e-02, 7.090903324350904e-02, 7.35099961319322e-02, 7.612717151641846e-02, 7.584775957663835e-02, 7.556868291355352e-02, 7.528993540505473e-02, 7.501153674436281e-02, 9.27557647228241e-02, 9.241720418108798e-02, 9.207888628115823e-02, 9.174081747617836e-02, 9.140299131812063e-02, 9.10654217004776e-02, 9.07281054008696e-02, 9.03910392057275e-02, 8.83750091808319e-02, 8.470623293707166e-02, 8.107676357030869e-02, 7.74920718677963e-02, 7.395864355141776e-02, 7.0484264805876e-02, 6.707803366573267e-02, 6.375095248222351e-02, 6.051602686080183e-02, 5.738881764108903e-02, 5.438798108777083e-02, 5.153552507105933e-02, 4.885780811309814e-02]
senAnaWinDir.caciolo.V_flow=[1.057728230953217e-01, 1.057728230953217e-01, 1.057728230953217e-01, 1.057728230953217e-01, 1.057728230953217e-01, 1.057728230953217e-01, 1.057728230953217e-01, 1.057728230953217e-01, 1.057728230953217e-01, 1.057728230953217e-01, 1.057728230953217e-01, 1.057728230953217e-01, 1.057728230953217e-01, 1.057728230953217e-01, 1.057728230953217e-01, 1.057728230953217e-01, 1.057728230953217e-01, 1.057728230953217e-01, 1.057728230953217e-01, 1.057728230953217e-01, 1.057728230953217e-01, 1.057728230953217e-01, 1.057728230953217e-01, 1.057728230953217e-01, 1.057728230953217e-01, 1.057728230953217e-01, 1.17503646761179e-02, 1.17503646761179e-02, 1.17503646761179e-02, 1.17503646761179e-02, 1.17503646761179e-02, 1.17503646761179e-02, 1.17503646761179e-02, 1.17503646761179e-02, 1.17503646761179e-02, 1.17503646761179e-02, 1.17503646761179e-02, 1.17503646761179e-02, 1.17503646761179e-02, 1.17503646761179e-02, 1.17503646761179e-02, 1.17503646761179e-02, 1.17503646761179e-02, 1.17503646761179e-02, 1.17503646761179e-02, 1.17503646761179e-02, 1.17503646761179e-02, 1.17503646761179e-02, 1.17503646761179e-02, 1.17503646761179e-02, 1.17503646761179e-02, 1.17503646761179e-02, 1.17503646761179e-02, 1.17503646761179e-02, 1.17503646761179e-02, 1.17503646761179e-02, 1.17503646761179e-02, 1.17503646761179e-02, 1.17503646761179e-02, 1.17503646761179e-02, 1.17503646761179e-02, 1.17503646761179e-02, 1.17503646761179e-02, 1.17503646761179e-02, 1.17503646761179e-02, 1.17503646761179e-02, 1.17503646761179e-02, 1.17503646761179e-02, 1.17503646761179e-02, 1.17503646761179e-02, 1.17503646761179e-02, 1.17503646761179e-02, 1.17503646761179e-02, 1.17503646761179e-02, 1.17503646761179e-02, 1.17503646761179e-02, 1.057728230953217e-01, 1.057728230953217e-01, 1.057728230953217e-01, 1.057728230953217e-01, 1.057728230953217e-01, 1.057728230953217e-01, 1.057728230953217e-01, 1.057728230953217e-01, 1.057728230953217e-01, 1.057728230953217e-01, 1.057728230953217e-01, 1.057728230953217e-01, 1.057728230953217e-01, 1.057728230953217e-01, 1.057728230953217e-01, 1.057728230953217e-01, 1.057728230953217e-01, 1.057728230953217e-01, 1.057728230953217e-01, 1.057728230953217e-01, 1.057728230953217e-01, 1.057728230953217e-01, 1.057728230953217e-01, 1.057728230953217e-01, 1.057728230953217e-01]
senAnaWinDir.tang.V_flow=[4.613624885678291e-02, 4.613624885678291e-02]
senAnaWinDir.vdi2078.V_flow=[3.160092607140541e-02, 3.160092607140541e-02]
senAnaWinDir.din16798.V_flow=[3.050038404762745e-02, 3.050038404762745e-02]
senAnaWinDir.din4108.V_flow=[7.527646422386169e-02, 7.527646422386169e-02]
senAnaWinDir.ashrae.V_flow=[1.585847854614258e+00, 1.571491360878294e+00, 1.557135463188778e+00, 1.542780162615198e+00, 1.528425336739728e+00, 1.514071226119995e+00, 1.4997177158243e+00, 1.485364793020294e+00, 1.47101259402652e+00, 1.456661101734272e+00, 1.442310214042664e+00, 1.427960160815534e+00, 1.413610703634851e+00, 1.399262183023432e+00, 1.384914394772519e+00, 1.370567321777344e+00, 1.356221202455916e+00, 1.341875917598947e+00, 1.327531569316641e+00, 1.313188072599584e+00, 1.298845529556274e+00, 1.284504042300328e+00, 1.270163542910047e+00, 1.25582408221316e+00, 1.241485847794833e+00, 1.227148652076721e+00, 1.212812529244489e+00, 1.19847775189158e+00, 1.184144251664286e+00, 1.169811977702479e+00, 1.155481100082397e+00, 1.141151533767912e+00, 1.126823551334275e+00, 1.112497084461886e+00, 1.09817208225651e+00, 1.083848834037781e+00, 1.069527135543227e+00, 1.055207378539769e+00, 1.040889375535465e+00, 1.026573314014299e+00, 1.012259244918823e+00, 9.979473215954326e-01, 9.836375440438012e-01, 9.693300996894444e-01, 9.550249712978317e-01, 9.407222867012024e-01, 9.264222843187035e-01, 9.121249641497673e-01, 8.978305731637319e-01, 8.835390942477097e-01, 8.692507743835449e-01, 8.835390942477097e-01, 8.978305731637319e-01, 9.121249641497673e-01, 9.264222843187038e-01, 9.407222867012024e-01, 9.550249712978318e-01, 9.693300996894443e-01, 9.836375440438012e-01, 9.979473215954325e-01, 1.012259244918823e+00, 1.026573314013973e+00, 1.040889409669319e+00, 1.055207344402504e+00, 1.069527135543552e+00, 1.083848834037781e+00, 1.098172082256184e+00, 1.112497118616204e+00, 1.126823517177115e+00, 1.141151533768237e+00, 1.155481100082397e+00, 1.169811977702153e+00, 1.184144285835657e+00, 1.198477717717367e+00, 1.212812529244815e+00, 1.227148652076721e+00, 1.241485847794507e+00, 1.255824116400446e+00, 1.270163508721624e+00, 1.284504042301034e+00, 1.298845529556274e+00, 1.313188021305338e+00, 1.327531603513591e+00, 1.341875883399724e+00, 1.356221253758688e+00, 1.370567321777344e+00, 1.384914343461221e+00, 1.399262217231181e+00, 1.413610669426533e+00, 1.427960212131095e+00, 1.442310214042664e+00, 1.456661050410164e+00, 1.471012619688564e+00, 1.48536476735825e+00, 1.499717767152671e+00, 1.514071226119995e+00, 1.528425281129219e+00, 1.542780188283642e+00, 1.557135435381214e+00, 1.571491415428338e+00, 1.585847854614258e+00]
