last-generated=2025-12-22
statistics-initialization=
{
  "nonlinear": "5, 1, 1, 1",
  "numerical Jacobians": "0"
}
statistics-simulation=
{
  "linear": "0, 0, 0, 0, 0, 0",
  "nonlinear": "1",
  "number of continuous time states": "16",
  "numerical Jacobians": "0"
}
time=[0e+00, 8.64e+04]
vol.T_start=[2.931499938964844e+02, 2.931499938964844e+02]
vol.T=[2.931499938964844e+02, 2.930345458984375e+02, 2.902231750488281e+02, 2.897234802246094e+02, 2.90629150390625e+02, 2.915579833984375e+02, 2.911647033691406e+02, 2.918474426269531e+02, 2.93019287109375e+02, 2.938053588867188e+02, 2.939174499511719e+02, 2.935327453613281e+02, 2.920781555175781e+02, 2.928643188476562e+02, 2.93714599609375e+02, 2.938853454589844e+02, 2.935262451171875e+02, 2.929801940917969e+02, 2.918799438476562e+02, 2.93072509765625e+02, 2.939316711425781e+02, 2.940163879394531e+02, 2.935426025390625e+02, 2.923224792480469e+02, 2.92123046875e+02, 2.932438049316406e+02, 2.938706359863281e+02, 2.938127746582031e+02, 2.933260192871094e+02, 2.91818115234375e+02, 2.924554138183594e+02, 2.935772399902344e+02, 2.940245056152344e+02, 2.938021240234375e+02, 2.951951599121094e+02, 2.919154052734375e+02, 2.89705078125e+02, 2.917802734375e+02, 2.9389892578125e+02, 2.947998046875e+02, 2.9399609375e+02, 2.938035278320312e+02, 2.93699462890625e+02, 2.933695983886719e+02, 2.930992126464844e+02, 2.930148010253906e+02, 2.927323303222656e+02, 2.933149719238281e+02, 2.937344665527344e+02, 2.938283081054688e+02, 2.938836669921875e+02, 2.941792602539062e+02, 2.945800170898438e+02, 2.949441223144531e+02, 2.947797546386719e+02, 2.920808410644531e+02, 2.913968505859375e+02, 2.943048706054688e+02, 2.947842712402344e+02, 2.921712036132812e+02, 2.913462829589844e+02, 2.939623107910156e+02, 2.951778869628906e+02, 2.932017211914062e+02, 2.9080517578125e+02, 2.927566223144531e+02, 2.948643188476562e+02, 2.942835083007812e+02, 2.916054992675781e+02, 2.916550598144531e+02, 2.942167053222656e+02, 2.95078125e+02, 2.926891174316406e+02, 2.908644714355469e+02, 2.931828308105469e+02, 2.949216918945312e+02, 2.926320495605469e+02, 2.923224487304688e+02, 2.924913635253906e+02, 2.920881042480469e+02, 2.934009399414062e+02, 2.942143859863281e+02, 2.941213073730469e+02, 2.934854125976562e+02, 2.926603088378906e+02, 2.922508850097656e+02, 2.931773071289062e+02, 2.936601257324219e+02, 2.935370788574219e+02, 2.93144775390625e+02, 2.921178894042969e+02, 2.9274267578125e+02, 2.937481994628906e+02, 2.939331970214844e+02, 2.934455871582031e+02, 2.928338317871094e+02, 2.918153686523438e+02, 2.928804626464844e+02, 2.938080444335938e+02, 2.939211120605469e+02, 2.934397888183594e+02]
temSup.T=[3.231499938964844e+02, 3.136270141601562e+02, 3.115747680664062e+02, 3.133087158203125e+02, 3.153736877441406e+02, 3.163692932128906e+02, 3.146547546386719e+02, 3.174066772460938e+02, 3.189475708007812e+02, 3.192893371582031e+02, 3.185801391601562e+02, 3.174561462402344e+02, 3.162064819335938e+02, 3.183257446289062e+02, 3.188884582519531e+02, 3.183580627441406e+02, 3.173630676269531e+02, 3.129669799804687e+02, 3.166161804199219e+02, 3.185627746582031e+02, 3.188799743652344e+02, 3.180941772460938e+02, 3.169117126464844e+02, 3.1505078125e+02, 3.169183349609375e+02, 3.184360046386719e+02, 3.1851025390625e+02, 3.176877746582031e+02, 3.166098327636719e+02, 3.147020874023438e+02, 3.176152954101562e+02, 3.186490173339844e+02, 3.182773132324219e+02, 3.171375732421875e+02, 3.112435913085937e+02, 3.026656188964844e+02, 3.072090148925781e+02, 3.116861572265625e+02, 3.135377197265625e+02, 3.128416442871094e+02, 3.101752624511719e+02, 3.102936096191406e+02, 3.093827209472656e+02, 3.084803466796875e+02, 3.079828186035156e+02, 3.07776123046875e+02, 3.075020446777344e+02, 3.085782775878906e+02, 3.082943115234375e+02, 3.080658569335938e+02, 3.078457336425781e+02, 3.086414794921875e+02, 3.091108093261719e+02, 3.095234069824219e+02, 3.049632263183594e+02, 2.994358215332031e+02, 3.065185241699219e+02, 3.099950561523438e+02, 3.041472473144531e+02, 2.991123657226562e+02, 3.061025085449219e+02, 3.091395568847656e+02, 3.063302307128906e+02, 3.008156127929688e+02, 3.022139282226562e+02, 3.08158935546875e+02, 3.091257019042969e+02, 3.02921875e+02, 2.982390441894531e+02, 3.063265991210937e+02, 3.093088989257812e+02, 3.054986572265625e+02, 2.999721069335938e+02, 3.038207092285156e+02, 3.088568420410156e+02, 3.092369079589844e+02, 3.094424438476562e+02, 3.100791320800781e+02, 3.105453796386719e+02, 3.113433227539062e+02, 3.133871765136719e+02, 3.132269287109375e+02, 3.117720031738281e+02, 3.10271240234375e+02, 3.041604919433594e+02, 3.10645263671875e+02, 3.120590515136719e+02, 3.120488891601562e+02, 3.112281799316406e+02, 3.103839111328125e+02, 3.088421936035156e+02, 3.116896362304688e+02, 3.124510192871094e+02, 3.116756286621094e+02, 3.10545166015625e+02, 3.098364868164062e+02, 3.09929443359375e+02, 3.123254089355469e+02, 3.127825927734375e+02, 3.11907958984375e+02, 3.107570190429688e+02]
temRet.T=[3.231499938964844e+02, 3.101537170410156e+02, 3.063791198730469e+02, 3.06859130859375e+02, 3.086019897460938e+02, 3.097682189941406e+02, 3.07497802734375e+02, 3.102579345703125e+02, 3.11864013671875e+02, 3.126869812011719e+02, 3.124558715820312e+02, 3.116332092285156e+02, 3.092973022460938e+02, 3.113219909667969e+02, 3.123287963867188e+02, 3.122536926269531e+02, 3.115376892089844e+02, 3.106946716308594e+02, 3.095089416503906e+02, 3.115888977050781e+02, 3.12448974609375e+02, 3.121734313964844e+02, 3.112689514160156e+02, 3.083536376953125e+02, 3.099090881347656e+02, 3.116507873535156e+02, 3.122256164550781e+02, 3.118292846679688e+02, 3.109638366699219e+02, 3.080778503417969e+02, 3.105578918457031e+02, 3.120166015625e+02, 3.122134704589844e+02, 3.115093688964844e+02, 3.106500244140625e+02, 3.024109802246094e+02, 3.015905151367188e+02, 3.057884826660156e+02, 3.083938903808594e+02, 3.087557067871094e+02, 3.060784606933594e+02, 3.064732055664062e+02, 3.05941162109375e+02, 3.051552124023438e+02, 3.04615966796875e+02, 3.043838195800781e+02, 3.035737915039062e+02, 3.0484765625e+02, 3.049862365722656e+02, 3.048258361816406e+02, 3.046865234375e+02, 3.051478576660156e+02, 3.056177673339844e+02, 3.060312805175781e+02, 3.047047424316406e+02, 2.992762451171874e+02, 3.009905700683594e+02, 3.058352661132812e+02, 3.039308166503906e+02, 2.989638061523438e+02, 3.005173034667969e+02, 3.050287780761719e+02, 3.058476867675781e+02, 3.006490173339844e+02, 2.97279052734375e+02, 3.033672790527344e+02, 3.058486633300781e+02, 3.027286071777344e+02, 2.980985717773437e+02, 3.012999877929687e+02, 3.053445739746094e+02, 3.053056030273438e+02, 2.99814453125e+02, 2.988119201660156e+02, 3.041790771484375e+02, 3.059772644042969e+02, 3.053909912109375e+02, 3.056491088867188e+02, 3.060804443359375e+02, 3.056945190429688e+02, 3.081019592285156e+02, 3.087147521972656e+02, 3.079149780273438e+02, 3.066140747070312e+02, 3.053282470703125e+02, 3.055724792480469e+02, 3.071942749023438e+02, 3.076620178222656e+02, 3.07191650390625e+02, 3.064522705078125e+02, 3.038259887695312e+02, 3.065190124511719e+02, 3.078048400878906e+02, 3.076474304199219e+02, 3.067321472167969e+02, 3.059255981445312e+02, 3.046750793457031e+02, 3.070885314941406e+02, 3.081213684082031e+02, 3.07826904296875e+02, 3.068817749023438e+02]
heaPum.refCyc.sigBus.iceFacHPMea=[1e+00, 1e+00, 9.77924108505249e-01, 9.33397650718689e-01, 8.782432079315186e-01, 8.135486841201782e-01, 1e+00, 1e+00, 9.665846824645996e-01, 9.189630150794983e-01, 8.61030101776123e-01, 7.938416004180908e-01, 1e+00, 9.938238859176636e-01, 9.543438553810119e-01, 9.037191271781921e-01, 8.430907130241394e-01, 8.05292963981631e-01, 1e+00, 9.839541912078857e-01, 9.412283897399902e-01, 8.876902461051941e-01, 8.244466185569763e-01, 1e+00, 1e+00, 9.731391668319702e-01, 9.270033836364746e-01, 8.687718510627747e-01, 7.981494069099423e-01, 1e+00, 9.959410429000854e-01, 9.517040848731995e-01, 8.94436240196228e-01, 8.259802460670471e-01, 7.624734640121464e-01, 8.718717694282527e-01, 9.063291549682617e-01, 8.965492248535156e-01, 8.585118055343628e-01, 8.145028948783875e-01, 1e+00, 1e+00, 9.851061105728149e-01, 9.587265849113464e-01, 9.246574640274048e-01, 8.823654055595398e-01, 1e+00, 1e+00, 9.785491824150085e-01, 9.467248916625977e-01, 9.079205989837646e-01, 9.079205989837646e-01, 9.079205989837646e-01, 9.079205989837646e-01, 1e+00, 1e+00, 1e+00, 1e+00, 1e+00, 1e+00, 1e+00, 9.993762373924255e-01, 9.833412170410156e-01, 1e+00, 1e+00, 1e+00, 9.774799942970276e-01, 1e+00, 1e+00, 1e+00, 9.894281625747683e-01, 9.914988875389099e-01, 1e+00, 1e+00, 9.99231219291687e-01, 9.633495807647705e-01, 9.154814481735229e-01, 8.562586903572083e-01, 7.862730026245117e-01, 1e+00, 9.875432252883911e-01, 9.440233111381531e-01, 8.909608721733093e-01, 8.301424980163574e-01, 9.98872697353363e-01, 1e+00, 9.745748043060303e-01, 9.236965775489807e-01, 8.592380285263062e-01, 7.844459414482117e-01, 1e+00, 1e+00, 9.618738293647766e-01, 9.100099802017212e-01, 8.455216288566589e-01, 7.68704354763031e-01, 1e+00, 9.880596995353699e-01, 9.431723952293396e-01, 8.897926807403564e-01, 8.293598294258118e-01]
